input_midslice_6
4 1

4
0.0000000000000000000000000000000000000000000000000000000000000000000000000000000000000000000000000000000000000000000000000000000000000000000000000000000000000000000000000000000000000000000000000000000000000000000000000000000000000000000000000000000000000000000000000000000000000000000000000000000000000000000000e0 0.0000000000000000000000000000000000000000000000000000000000000000000000000000000000000000000000000000000000000000000000000000000000000000000000000000000000000000000000000000000000000000000000000000000000000000000000000000000000000000000000000000000000000000000000000000000000000000000000000000000000000000000000e0
-0.9230983964842944850226513125168824622050101343904987962111865261507966697362229716704198118055109793033328967995330402195720123406307612445704440772044270103351966283458711885694471746068441943010727526049452935135343536985286224559385918651644425315463820408655177052401887830416831163477787775619686049762145e0 -0.0000000000000000000000000000000000000000000000000000000000000000000000000000000000000000000000000000000000000000000000000000000000000000000000000000000000000000000000000000000000000000000000000000000000000000000000000000000000000000000000000000000000000000000000000000000000000000000000000000000000000000000000e0
-0.3664058460334654553934581335078488824708769763237796701085574433934451473874205850588912057641678112434829664794814507959677981110499467379681627334210052440852392983187453760893795751857778348294126903076510209466898037249026575405883099749759271037811430333491617341413290120796942339413911600454399019474132e0 0.0000000000000000000000000000000000000000000000000000000000000000000000000000000000000000000000000000000000000000000000000000000000000000000000000000000000000000000000000000000000000000000000000000000000000000000000000000000000000000000000000000000000000000000000000000000000000000000000000000000000000000000000e0
0.1167737402014025846103517491771568240237457390829555598467662632694118804991094171143448666071733612111425924487414863468094393172870345743376632324167660827355002079759426284265095017378927046388387806113483336245938597174887370131960969210296423781270022801640546793416636342869240778979586022204815042514224e0 -0.0000000000000000000000000000000000000000000000000000000000000000000000000000000000000000000000000000000000000000000000000000000000000000000000000000000000000000000000000000000000000000000000000000000000000000000000000000000000000000000000000000000000000000000000000000000000000000000000000000000000000000000000e0


1

4
0.9312106568180284788829645379906333613802523477640050919308207631526231445515619586008736281328363437772748197055776575583011261793880037201801236704278775003647821398503575322077386733850691915054927258325263110027682252060045429737171647881454463833616420953864250484522338880225556894425488443233524030727262e-1 0.3136496598551931643092292272500164650088204912950960271046256985106888350699626895658121114765848672189775365538544750465544437148617247161970598842229924816953916098245270898157897679101777425091163660209111749015375580802815512885980317469889272316252433393466960341452423355591258315365640389770931926409726e0
-0.3069229941005762741349711420348435234053204550798928075920823457407841314539161326368829677914777003653999520545573506379821402426212288572165763534494493855443155802417425049090878243492847542015108246329741946204455289867962372844441904923600891164026042965499828823357950873979330669060447056339095927930978e0 0.2210346955494766522559916725589457434540714027296439688267178479827766162921532277222027724634699106959106059392366566085756304945208311275953972811771996939931428133781103188419008553135839544531399674925436481714253016054685993442683853322149128199049387780454019404699469956511918638904818408616994192083506e0
-0.4968931351470746757644299018660034646807155661890446458905354230776404245492785100787226973667029331041970955860023882780449049672619967494532434666899468602565311920954685402505375044319802055967526051177234294155166889281413749526831183658401537782513087336757477708556509804086221579263818741668079994000767e0 0.1987821056156046140430182228451557236626723952104185237515259230752146098182384731947187838011078317117045533347587740954819898268688134387763443518085870873496561213706934032362315650048421976614833055402708895560654869019370067254555306454600667439630759952966750272231425076941123897252223708616803222843620e0
-0.2413193518616646561840218099908810921821638526900190686685979961948324064423192194685403111991194754134346483970553173900479736947076146292085896687197187754972582527076083547317578475268520120568988560764248565138625631462931319868114089211395913339400822320848765687907659582874020710380817606197938596644928e0 -0.6365863289472202123148273967641941288208608333906840533624609060998382191020870642069844432699970917294551277442270141819387064612981393065533319472354563830374152540275118543636606906155526290908385024717646729393057494966458489612916552819154729255383511540547379291267529967369330237388176287412583547211583e0



0.1000000000000000000000000000000000000000000000000000000000000000000000000000000000000000000000000000000000000000000000000000000000000000000000000000000000000000000000000000000000000000000000000000000000000000000000000000000000000000000000000000000000000000000000000000000000000000000000000000000000000000000000e1 0.0000000000000000000000000000000000000000000000000000000000000000000000000000000000000000000000000000000000000000000000000000000000000000000000000000000000000000000000000000000000000000000000000000000000000000000000000000000000000000000000000000000000000000000000000000000000000000000000000000000000000000000000e0
3
0.0000000000000000000000000000000000000000000000000000000000000000000000000000000000000000000000000000000000000000000000000000000000000000000000000000000000000000000000000000000000000000000000000000000000000000000000000000000000000000000000000000000000000000000000000000000000000000000000000000000000000000000000e0 0.0000000000000000000000000000000000000000000000000000000000000000000000000000000000000000000000000000000000000000000000000000000000000000000000000000000000000000000000000000000000000000000000000000000000000000000000000000000000000000000000000000000000000000000000000000000000000000000000000000000000000000000000e0
0.0000000000000000000000000000000000000000000000000000000000000000000000000000000000000000000000000000000000000000000000000000000000000000000000000000000000000000000000000000000000000000000000000000000000000000000000000000000000000000000000000000000000000000000000000000000000000000000000000000000000000000000000e0 0.0000000000000000000000000000000000000000000000000000000000000000000000000000000000000000000000000000000000000000000000000000000000000000000000000000000000000000000000000000000000000000000000000000000000000000000000000000000000000000000000000000000000000000000000000000000000000000000000000000000000000000000000e0
0.0000000000000000000000000000000000000000000000000000000000000000000000000000000000000000000000000000000000000000000000000000000000000000000000000000000000000000000000000000000000000000000000000000000000000000000000000000000000000000000000000000000000000000000000000000000000000000000000000000000000000000000000e0 0.0000000000000000000000000000000000000000000000000000000000000000000000000000000000000000000000000000000000000000000000000000000000000000000000000000000000000000000000000000000000000000000000000000000000000000000000000000000000000000000000000000000000000000000000000000000000000000000000000000000000000000000000e0


5
-0.6465171113621792902432034173884101137214e0 0.0000000000000000000000000000000000000000e0
0.2750056657060924815391259711998301246727e-2 0.0000000000000000000000000000000000000000e0
0.3054182123891372124123004561871717177223e-2 0.0000000000000000000000000000000000000000e0
0.8686608470930286189557052715006473710292e-2 0.0000000000000000000000000000000000000000e0
0.2988303115844119175744362519296235040920e0 0.0000000000000000000000000000000000000000e0
