
 NUMFUN =  4          F(X) = G(X).H(X).
                      G(X) =  1.0D0                                                                          
                      H(X) = CONST(1 - EXP(X)) * J0(X) / X . (QUADPACK, PAGE 118)                            

 INPUT PARAMETERS-

  Test 10: use NDIM2 = 11 to illustrate variant behaviour                        

    AZERO            PERIOD            RFIRST            EPS            NQUAD
 0.000000D+00     0.628319D+01      0.000000D+00      0.100000D-12       -9


    NDIM1          NDIM2
     100            11

     ----------------------

 PRINCIPAL OUTPUT PARAMETERS-


     RESULT                    Exact                     Difference
   0.10000000D+01            0.10000000D+01           -0.18207658D-13


    ISTATE(1)     ISTATE(2)     ISTATE(3)     ISTATE(4)        ISTATE(5)
     (IFAIL)       (LSIGCH)        (N)       (Column No.)      (Row No.)
        0             0            35            11               25

     No. of function values (ISTATE(6)) =    315

 ************************** Exit status **************************

  Successful exit from OSCINT


 The previously chosen element (16,14) is unreachable. The equally               
 good, but marginally more expensive element (25,11) is chosen                   
 instead.                                                                        

 *****************************************************************

                         Finite Average Table
                         --------------------
   1  0.11D+01  0.48D+00  0.21D+00  0.98D-01  0.46D-01  0.22D-01  0.10D-01
      0.49D-02  0.23D-02  0.11D-02  0.54D-03
   2 -0.17D+00 -0.50D-01 -0.17D-01 -0.66D-02 -0.26D-02 -0.11D-02 -0.46D-03
     -0.20D-03 -0.87D-04 -0.38D-04 -0.17D-04
   3  0.71D-01  0.15D-01  0.42D-02  0.13D-02  0.46D-03  0.17D-03  0.63D-04
      0.25D-04  0.10D-04  0.41D-05  0.17D-05
   4 -0.41D-01 -0.68D-02 -0.15D-02 -0.42D-03 -0.12D-03 -0.40D-04 -0.14D-04
     -0.49D-05 -0.18D-05 -0.68D-06 -0.26D-06
   5  0.27D-01  0.37D-02  0.71D-03  0.17D-03  0.44D-04  0.13D-04  0.40D-05
      0.13D-05  0.44D-06  0.15D-06  0.56D-07
   6 -0.20D-01 -0.23D-02 -0.38D-03 -0.78D-04 -0.19D-04 -0.49D-05 -0.14D-05
     -0.41D-06 -0.13D-06 -0.43D-07 -0.14D-07
   7  0.15D-01  0.15D-02  0.22D-03  0.41D-04  0.89D-05  0.21D-05  0.55D-06
      0.15D-06  0.45D-07  0.14D-07  0.44D-08
   8 -0.12D-01 -0.11D-02 -0.14D-03 -0.24D-04 -0.46D-05 -0.10D-05 -0.25D-06
     -0.63D-07 -0.17D-07 -0.50D-08 -0.15D-08
   9  0.99D-02  0.78D-03  0.94D-04  0.14D-04  0.26D-05  0.53D-06  0.12D-06
      0.29D-07  0.74D-08  0.20D-08  0.57D-09
  10 -0.83D-02 -0.60D-03 -0.65D-04 -0.91D-05 -0.15D-05 -0.29D-06 -0.61D-07
     -0.14D-07 -0.34D-08 -0.87D-09 -0.23D-09
  11  0.71D-02  0.47D-03  0.47D-04  0.61D-05  0.95D-06  0.17D-06  0.33D-07
      0.71D-08  0.16D-08  0.40D-09  0.10D-09
  12 -0.62D-02 -0.37D-03 -0.35D-04 -0.42D-05 -0.61D-06 -0.10D-06 -0.19D-07
     -0.39D-08 -0.84D-09 -0.19D-09 -0.48D-10
  13  0.54D-02  0.30D-03  0.26D-04  0.30D-05  0.41D-06  0.64D-07  0.11D-07
      0.22D-08  0.45D-09  0.10D-09  0.23D-10
  14 -0.48D-02 -0.25D-03 -0.20D-04 -0.22D-05 -0.28D-06 -0.41D-07 -0.69D-08
     -0.13D-08 -0.25D-09 -0.53D-10 -0.12D-10
  15  0.43D-02  0.21D-03  0.16D-04  0.16D-05  0.20D-06  0.28D-07  0.44D-08
      0.77D-09  0.15D-09  0.29D-10  0.63D-11
  16 -0.39D-02 -0.18D-03 -0.13D-04 -0.12D-05 -0.14D-06 -0.19D-07 -0.29D-08
     -0.48D-09 -0.86D-10 -0.17D-10 -0.35D-11
  17  0.35D-02  0.15D-03  0.10D-04  0.93D-06  0.10D-06  0.13D-07  0.19D-08
      0.30D-09  0.53D-10  0.98D-11  0.20D-11
  18 -0.32D-02 -0.13D-03 -0.85D-05 -0.73D-06 -0.76D-07 -0.93D-08 -0.13D-08
     -0.20D-09 -0.33D-10 -0.59D-11 -0.11D-11
  19  0.30D-02  0.11D-03  0.70D-05  0.57D-06  0.57D-07  0.67D-08  0.90D-09
      0.13D-09  0.21D-10  0.37D-11  0.68D-12
  20 -0.27D-02 -0.10D-03 -0.59D-05 -0.46D-06 -0.44D-07 -0.49D-08 -0.63D-09
     -0.90D-10 -0.14D-10 -0.23D-11 -0.41D-12
  21  0.25D-02  0.89D-04  0.50D-05  0.37D-06  0.34D-07  0.37D-08  0.45D-09
      0.62D-10  0.92D-11  0.15D-11  0.26D-12
  22 -0.24D-02 -0.79D-04 -0.42D-05 -0.30D-06 -0.27D-07 -0.28D-08 -0.33D-09
     -0.43D-10 -0.63D-11 -0.98D-12 -0.16D-12
  23  0.22D-02  0.71D-04  0.36D-05  0.25D-06  0.21D-07  0.21D-08  0.24D-09
      0.31D-10  0.43D-11  0.65D-12  0.11D-12
  24 -0.21D-02 -0.63D-04 -0.31D-05 -0.21D-06 -0.17D-07 -0.16D-08 -0.18D-09
     -0.22D-10 -0.30D-11 -0.44D-12 -0.69D-13
  25  0.19D-02  0.57D-04  0.27D-05  0.17D-06  0.14D-07  0.13D-08  0.14D-09
      0.16D-10  0.21D-11  0.30D-12  0.46D-13
  26 -0.18D-02 -0.52D-04 -0.24D-05 -0.15D-06 -0.11D-07 -0.10D-08 -0.10D-09
     -0.12D-10 -0.15D-11 -0.21D-12
  27  0.17D-02  0.47D-04  0.21D-05  0.12D-06  0.91D-08  0.80D-09  0.80D-10
      0.89D-11  0.11D-11
  28 -0.16D-02 -0.43D-04 -0.18D-05 -0.10D-06 -0.75D-08 -0.64D-09 -0.62D-10
     -0.67D-11
  29  0.15D-02  0.39D-04  0.16D-05  0.90D-07  0.62D-08  0.51D-09  0.48D-10

  30 -0.15D-02 -0.36D-04 -0.14D-05 -0.77D-07 -0.52D-08 -0.42D-09
  31  0.14D-02  0.33D-04  0.13D-05  0.67D-07  0.44D-08
  32 -0.13D-02 -0.31D-04 -0.11D-05 -0.58D-07
  33  0.13D-02  0.28D-04  0.10D-05
  34 -0.12D-02 -0.26D-04
  35  0.12D-02
