    1    4         0.5455279350E+00
    2    5         0.1175084114E+00
    3    6         0.6509985924E+00
    4    7         0.4871797562E-01
    5   10        -0.2969026566E-01
    6   14        -0.2209124565E+00
    7   15        -0.1282825470E+00
    8   18        -0.4717209339E+00
    9   19        -0.2465019226E+00
   10   20        -0.8704336882E+00
   11   21        -0.1810170412E+01
   12   22        -0.3752398491E+01
   13   23        -0.5677159309E+01
   14   24        -0.6673687935E+01
   15   25        -0.6842157364E+01
   16   26        -0.8499834061E+01
   17   27        -0.9285000801E+01
   18   28        -0.1062753582E+02
   19   29        -0.1042923450E+02
   20   30        -0.9672934532E+01
   21   31        -0.9053747177E+01
   22   32        -0.7601310730E+01
   23   33        -0.6636901379E+01
   24   34        -0.5284044266E+01
   25   35        -0.4126778603E+01
   26   36        -0.3484326124E+01
   27   37        -0.2146230221E+01
   28   38        -0.1287060022E+01
   29   39        -0.6544930935E+00
   30   45        -0.3485116661E+00
   31   46        -0.3689094186E+00
   32   49        -0.4788913727E+00
   33   52         0.2885495424E+00
   34   55         0.3077884316E+00
   35   59         0.1948680878E+00
   36   61         0.1517653465E+00
   37   63         0.1316827536E+00
   38   67        -0.2003317475E+00
   39   71        -0.2003315687E+00
   40   72        -0.1360288858E+00
   41   77        -0.1506111622E+00
   42   80         0.3285660744E+00
   43   81         0.3999361992E+00
   44   84         0.2757576704E+00
   45   87         0.2242946625E-01
   46   94        -0.3655433655E-01
   47   97        -0.7551193237E-02
