    1    1
    2    2
    3    3
    4    8
    5    9
    6   11
    7   12
    8   13
    9   16
   10   17
   11   40
   12   41
   13   42
   14   43
   15   44
   16   47
   17   48
   18   50
   19   51
   20   53
   21   54
   22   56
   23   57
   24   58
   25   60
   26   62
   27   64
   28   65
   29   66
   30   68
   31   69
   32   70
   33   73
   34   74
   35   75
   36   76
   37   78
   38   79
   39   82
   40   83
   41   85
   42   86
   43   88
   44   89
   45   90
   46   91
   47   92
   48   93
   49   95
   50   96
   51   98
   52   99
   53  100
