 
TOMS379_PRB
  Test TOMS algorithm 379, automatic
  numerical integration.
 
 
TEST01
  Test SQUANK,
  for adaptive Simpson quadrature.
 
  Error tolerance ERROR =   0.100000E-02
 
            NO      SQUANK          EXACT           ERROR       RUM
 
   1        53    0.663511        0.666667        0.32E-02    0.10E-02
   2        57    0.479410        0.479428        0.19E-04    0.10E-02
   3        57     1.58212         1.58223        0.11E-03    0.10E-02
   4        49    0.400027        0.400000        0.27E-04    0.11E-02
   5        53    0.866986        0.866973        0.13E-04    0.10E-02
   6        81     1.15483         1.15470        0.13E-03    0.10E-02
   7        25    0.777996        0.777505        0.49E-03    0.15E-02
   8       429    0.907570E-02    0.909865E-02    0.23E-04    0.80E-02
   9        53    0.499446        0.499364        0.83E-04    0.11E-02
  10        45    0.906836        0.838676        0.68E-01    0.10E-02
  11       101   -0.999122        -1.00000        0.88E-03    0.18E-02
  12       209   -0.634674       -0.634665        0.93E-05    0.10E-02
  13        29    0.898064E-02    0.134925E-01    0.45E-02    0.10E-02
 
  Error tolerance ERROR =   0.100000E-04
 
            NO      SQUANK          EXACT           ERROR       RUM
 
   1       109    0.666664        0.666667        0.30E-05    0.16E-04
   2        57    0.479410        0.479428        0.19E-04    0.49E-04
   3        73     1.58225         1.58223        0.16E-04    0.41E-04
   4        57    0.399975        0.400000        0.25E-04    0.63E-04
   5        57    0.866982        0.866973        0.89E-05    0.28E-04
   6       209     1.15470         1.15470        0.54E-06    0.10E-04
   7        49    0.777512        0.777505        0.72E-05    0.25E-04
   8      1469    0.909842E-02    0.909865E-02    0.22E-06    0.54E-04
   9       213    0.499364        0.499364        0.16E-07    0.10E-04
  10       221    0.838677        0.838676        0.86E-06    0.12E-04
  11       193   -0.999992        -1.00000        0.82E-05    0.23E-04
  12       741   -0.634665       -0.634665        0.17E-06    0.21E-04
  13        89    0.134976E-01    0.134925E-01    0.51E-05    0.10E-04
 
  Error tolerance ERROR =   0.100000E-06
 
            NO      SQUANK          EXACT           ERROR       RUM
 
   1       225    0.666664        0.666667        0.28E-05    0.61E-05
   2        69    0.479409        0.479428        0.20E-04    0.39E-04
   3       145     1.58225         1.58223        0.16E-04    0.31E-04
   4        85    0.399974        0.400000        0.26E-04    0.53E-04
   5        89    0.866982        0.866973        0.90E-05    0.18E-04
   6       721     1.15470         1.15470        0.13E-06    0.10E-06
   7        49    0.777512        0.777505        0.72E-05    0.15E-04
   8      4461    0.909864E-02    0.909865E-02    0.75E-08    0.30E-06
   9       565    0.499363        0.499364        0.42E-06    0.11E-06
  10       565    0.838677        0.838676        0.98E-06    0.21E-05
  11       653    -1.00000        -1.00000        0.16E-05    0.37E-05
  12      2169   -0.634665       -0.634665        0.30E-08    0.24E-06
  13       321    0.134925E-01    0.134925E-01    0.27E-08    0.10E-06
 
TOMS379_PRB
  Normal end of execution.
 
