Requested percentage is 99%
Requested accuracy is 1e-08
Number of the roots that the program has calculated is 96
Estimated percentage of the calculated roots is 100%
Estimated total number of roots in the interval (0,1) is 97.
The roots are: 
0.0083636194
0.0124448
0.015348401
0.0234919
0.0359076
0.059219699
0.0602863
0.062222799
0.0773369
0.083651001
0.085323
0.0859828
0.098032899
0.10431
0.110675
0.147371
0.160367
0.181091
0.189041
0.190519
0.193729
0.20121
0.201905
0.222775
0.224292
0.248438
0.256589
0.257202
0.292521
0.292908
0.300599
0.321267
0.322693
0.329578
0.3582
0.381427
0.395688
0.405212
0.406746
0.4236
0.431124
0.436732
0.461748
0.467849
0.474095
0.475738
0.476985
0.498473
0.508556
0.527749
0.540636
0.54202
0.546126
0.548098
0.558173
0.559319
0.573197
0.577809
0.597179
0.600967
0.626183
0.665296
0.677172
0.690724
0.691258
0.701131
0.708842
0.712783
0.714582
0.717417
0.718308
0.744896
0.767514
0.791663
0.792761
0.801815
0.811681
0.8156
0.819628
0.821511
0.850246
0.854559
0.855139
0.871151
0.872632
0.880412
0.886919
0.917004
0.920016
0.947788
0.949985
0.959393
0.967495
0.98144
0.983395
0.985129
