
 NUMFUN =  1          F(X) = G(X).H(X).
                      G(X) =  1.0D0                                                                          
                      H(X) = SIN(X)/X                                                                        

 INPUT PARAMETERS-

   Test 7: Successful execution of function 1 (extra output).                    

    AZERO            PERIOD            RFIRST            EPS            NQUAD
 0.000000D+00     0.628319D+01      0.000000D+00      0.100000D-12       -9


    NDIM1          NDIM2
     100            14

     ----------------------

    Code check output from HFUN, GPER, QRULE

   X =   0.50013779D-01   HFUN =   0.99958316D+00
   X =   0.50013779D-01   GPER =   0.10000000D+01
   X =   0.25756173D+00   HFUN =   0.98898027D+00
   X =   0.25756173D+00   GPER =   0.10000000D+01
   X =   0.60731473D+00   HFUN =   0.93965187D+00
   X =   0.60731473D+00   GPER =   0.10000000D+01
   X =   0.10614602D+01   HFUN =   0.82251637D+00
   X =   0.10614602D+01   GPER =   0.10000000D+01
   X =   0.15707963D+01   HFUN =   0.63661977D+00
   X =   0.15707963D+01   GPER =   0.10000000D+01
   X =   0.20801324D+01   HFUN =   0.41971771D+00
   X =   0.20801324D+01   GPER =   0.10000000D+01
   X =   0.25342779D+01   HFUN =   0.22517831D+00
   X =   0.25342779D+01   GPER =   0.10000000D+01
   X =   0.28840309D+01   HFUN =   0.88322033D-01
   X =   0.28840309D+01   GPER =   0.10000000D+01
   X =   0.30915789D+01   HFUN =   0.16170679D-01
   X =   0.30915789D+01   GPER =   0.10000000D+01
   X =   0.31916064D+01   GPER =   0.10000000D+01
   X =   0.31916064D+01   HFUN =  -0.15663877D-01
   X =   0.33991544D+01   GPER =   0.10000000D+01
   X =   0.33991544D+01   HFUN =  -0.74937307D-01
   X =   0.37489074D+01   GPER =   0.10000000D+01
   X =   0.37489074D+01   HFUN =  -0.15222153D+00

 PRINCIPAL OUTPUT PARAMETERS-


     RESULT                    Exact                     Difference
   0.15707963D+01            0.15707963D+01            0.99920072D-14


    ISTATE(1)     ISTATE(2)     ISTATE(3)     ISTATE(4)        ISTATE(5)
     (IFAIL)       (LSIGCH)        (N)       (Column No.)      (Row No.)
        0             0            31            14               18

     No. of function values (ISTATE(6)) =    279

 ************************** Exit status **************************

  Successful exit from OSCINT


 *****************************************************************

                         Finite Average Table
                         --------------------
   1  0.19D+01  0.71D+00  0.31D+00  0.14D+00  0.67D-01  0.32D-01  0.15D-01
      0.74D-02  0.36D-02  0.17D-02  0.85D-03  0.42D-03  0.20D-03  0.10D-03

   2 -0.43D+00 -0.89D-01 -0.26D-01 -0.87D-02 -0.32D-02 -0.13D-02 -0.51D-03
     -0.21D-03 -0.91D-04 -0.39D-04 -0.17D-04 -0.77D-05 -0.34D-05 -0.16D-05

   3  0.26D+00  0.37D-01  0.83D-02  0.23D-02  0.71D-03  0.24D-03  0.85D-04
      0.32D-04  0.12D-04  0.48D-05  0.19D-05  0.79D-06  0.33D-06  0.14D-06

   4 -0.18D+00 -0.20D-01 -0.37D-02 -0.87D-03 -0.23D-03 -0.69D-04 -0.22D-04
     -0.73D-05 -0.26D-05 -0.93D-06 -0.35D-06 -0.13D-06 -0.51D-07 -0.20D-07

   5  0.14D+00  0.13D-01  0.20D-02  0.40D-03  0.95D-04  0.25D-04  0.72D-05
      0.22D-05  0.71D-06  0.24D-06  0.82D-07  0.29D-07  0.11D-07  0.40D-08

   6 -0.12D+00 -0.89D-02 -0.12D-02 -0.21D-03 -0.45D-04 -0.11D-04 -0.28D-05
     -0.79D-06 -0.23D-06 -0.73D-07 -0.24D-07 -0.79D-08 -0.27D-08 -0.96D-09

   7  0.98D-01  0.65D-02  0.77D-03  0.12D-03  0.23D-04  0.51D-05  0.12D-05
      0.32D-06  0.88D-07  0.26D-07  0.78D-08  0.25D-08  0.80D-09  0.27D-09

   8 -0.85D-01 -0.50D-02 -0.53D-03 -0.76D-04 -0.13D-04 -0.26D-05 -0.59D-06
     -0.14D-06 -0.37D-07 -0.10D-07 -0.29D-08 -0.86D-09 -0.27D-09 -0.84D-10

   9  0.75D-01  0.39D-02  0.38D-03  0.49D-04  0.79D-05  0.15D-05  0.30D-06
      0.69D-07  0.17D-07  0.43D-08  0.12D-08  0.33D-09  0.97D-10  0.29D-10

  10 -0.67D-01 -0.32D-02 -0.28D-03 -0.33D-04 -0.50D-05 -0.86D-06 -0.17D-06
     -0.35D-07 -0.81D-08 -0.20D-08 -0.51D-09 -0.14D-09 -0.38D-10 -0.11D-10

  11  0.61D-01  0.26D-02  0.21D-03  0.24D-04  0.32D-05  0.52D-06  0.96D-07
      0.19D-07  0.41D-08  0.96D-09  0.23D-09  0.60D-10  0.16D-10  0.44D-11

  12 -0.55D-01 -0.22D-02 -0.16D-03 -0.17D-04 -0.22D-05 -0.33D-06 -0.57D-07
     -0.11D-07 -0.22D-08 -0.49D-09 -0.11D-09 -0.28D-10 -0.71D-11 -0.19D-11

  13  0.51D-01  0.19D-02  0.13D-03  0.13D-04  0.15D-05  0.22D-06  0.36D-07
      0.64D-08  0.12D-08  0.26D-09  0.58D-10  0.14D-10  0.33D-11  0.85D-12

  14 -0.47D-01 -0.16D-02 -0.11D-03 -0.96D-05 -0.11D-05 -0.15D-06 -0.23D-07
     -0.39D-08 -0.73D-09 -0.15D-09 -0.31D-10 -0.70D-11 -0.16D-11 -0.40D-12

  15  0.44D-01  0.14D-02  0.86D-04  0.74D-05  0.80D-06  0.10D-06  0.15D-07
      0.24D-08  0.43D-09  0.83D-10  0.17D-10  0.37D-11  0.83D-12  0.20D-12

  16 -0.41D-01 -0.12D-02 -0.71D-04 -0.58D-05 -0.59D-06 -0.72D-07 -0.10D-07
     -0.16D-08 -0.27D-09 -0.49D-10 -0.97D-11 -0.20D-11 -0.44D-12 -0.10D-12

  17  0.39D-01  0.11D-02  0.60D-04  0.46D-05  0.45D-06  0.52D-07  0.70D-08
      0.10D-08  0.17D-09  0.30D-10  0.57D-11  0.11D-11  0.24D-12  0.53D-13

  18 -0.36D-01 -0.98D-03 -0.50D-04 -0.37D-05 -0.34D-06 -0.38D-07 -0.49D-08
     -0.70D-09 -0.11D-09 -0.19D-10 -0.34D-11 -0.65D-12 -0.13D-12 -0.28D-13

  19  0.34D-01  0.88D-03  0.43D-04  0.30D-05  0.27D-06  0.28D-07  0.35D-08
      0.48D-09  0.72D-10  0.12D-10  0.21D-11  0.39D-12  0.76D-13
  20 -0.33D-01 -0.80D-03 -0.37D-04 -0.25D-05 -0.21D-06 -0.21D-07 -0.25D-08
     -0.33D-09 -0.49D-10 -0.77D-11 -0.13D-11 -0.24D-12
  21  0.31D-01  0.72D-03  0.32D-04  0.21D-05  0.17D-06  0.16D-07  0.19D-08
      0.24D-09  0.33D-10  0.51D-11  0.83D-12
  22 -0.30D-01 -0.66D-03 -0.28D-04 -0.17D-05 -0.13D-06 -0.13D-07 -0.14D-08
     -0.17D-09 -0.23D-10 -0.34D-11
  23  0.28D-01  0.60D-03  0.25D-04  0.14D-05  0.11D-06  0.99D-08  0.10D-08
      0.12D-09  0.16D-10
  24 -0.27D-01 -0.55D-03 -0.22D-04 -0.12D-05 -0.89D-07 -0.78D-08 -0.80D-09
     -0.92D-10
  25  0.26D-01  0.51D-03  0.19D-04  0.10D-05  0.74D-07  0.62D-08  0.61D-09

  26 -0.25D-01 -0.47D-03 -0.17D-04 -0.90D-06 -0.61D-07 -0.50D-08
  27  0.24D-01  0.44D-03  0.15D-04  0.78D-06  0.51D-07
  28 -0.23D-01 -0.41D-03 -0.14D-04 -0.68D-06
  29  0.22D-01  0.38D-03  0.12D-04
  30 -0.22D-01 -0.35D-03
  31  0.21D-01
