
 NUMFUN =  2          F(X) = G(X).H(X).
                      G(X) =  COS(X)                                                                         
                      H(X) = 1.0D0/(1+X**2)                                                                  

 INPUT PARAMETERS-

  Test 8: Function 2 with  NQUAD = -9. Generates incorrect result.               

    AZERO            PERIOD            RFIRST            EPS            NQUAD
 0.000000D+00     0.628319D+01      0.000000D+00      0.100000D-12       -9


    NDIM1          NDIM2
     100            14

     ----------------------

 PRINCIPAL OUTPUT PARAMETERS-


     RESULT                    Exact                     Difference
   0.57786243D+00            0.57786367D+00            0.12492351D-05


    ISTATE(1)     ISTATE(2)     ISTATE(3)     ISTATE(4)        ISTATE(5)
     (IFAIL)       (LSIGCH)        (N)       (Column No.)      (Row No.)
        0             0            27            13               15

     No. of function values (ISTATE(6)) =    243

 ************************** Exit status **************************

  Successful exit from OSCINT


 This quadrature rule is  inadequate. Note the steady convergence of the         
 table elements below to a result which is in fact wrong. Routine cannot         
 know this.                                                                      

 *****************************************************************

                         Finite Average Table
                         --------------------
   1  0.61D+00  0.29D+00  0.14D+00  0.64D-01  0.31D-01  0.15D-01  0.71D-02
      0.35D-02  0.17D-02  0.81D-03  0.39D-03  0.19D-03  0.93D-04  0.46D-04

   2 -0.39D-01 -0.15D-01 -0.64D-02 -0.27D-02 -0.12D-02 -0.53D-03 -0.24D-03
     -0.11D-03 -0.50D-04 -0.23D-04 -0.11D-04 -0.50D-05 -0.23D-05 -0.11D-05

   3  0.84D-02  0.27D-02  0.93D-03  0.34D-03  0.13D-03  0.53D-04  0.22D-04
      0.90D-05  0.38D-05  0.16D-05  0.71D-06  0.31D-06  0.14D-06  0.61D-07

   4 -0.30D-02 -0.80D-03 -0.24D-03 -0.78D-04 -0.27D-04 -0.97D-05 -0.36D-05
     -0.14D-05 -0.54D-06 -0.22D-06 -0.88D-07 -0.36D-07 -0.15D-07 -0.64D-08

   5  0.14D-02  0.32D-03  0.84D-04  0.24D-04  0.75D-05  0.25D-05  0.85D-06
      0.30D-06  0.11D-06  0.41D-07  0.16D-07  0.60D-08  0.24D-08  0.95D-09

   6 -0.78D-03 -0.15D-03 -0.36D-04 -0.92D-05 -0.26D-05 -0.78D-06 -0.25D-06
     -0.81D-07 -0.28D-07 -0.97D-08 -0.35D-08 -0.13D-08 -0.48D-09 -0.18D-09

   7  0.47D-03  0.82D-04  0.17D-04  0.40D-05  0.10D-05  0.29D-06  0.84D-07
      0.26D-07  0.83D-08  0.27D-08  0.92D-09  0.32D-09  0.11D-09  0.41D-10

   8 -0.31D-03 -0.48D-04 -0.91D-05 -0.20D-05 -0.46D-06 -0.12D-06 -0.33D-07
     -0.94D-08 -0.28D-08 -0.88D-09 -0.28D-09 -0.93D-10 -0.31D-10 -0.11D-10

   9  0.21D-03  0.30D-04  0.52D-05  0.10D-05  0.23D-06  0.54D-07  0.14D-07
      0.37D-08  0.11D-08  0.31D-09  0.96D-10  0.30D-10  0.97D-11  0.32D-11

  10 -0.15D-03 -0.20D-04 -0.31D-05 -0.57D-06 -0.12D-06 -0.26D-07 -0.64D-08
     -0.16D-08 -0.44D-09 -0.12D-09 -0.35D-10 -0.11D-10 -0.33D-11 -0.10D-11

  11  0.11D-03  0.13D-04  0.20D-05  0.34D-06  0.65D-07  0.14D-07  0.31D-08
      0.75D-09  0.19D-09  0.51D-10  0.14D-10  0.41D-11  0.12D-11  0.37D-12

  12 -0.85D-04 -0.94D-05 -0.13D-05 -0.21D-06 -0.37D-07 -0.75D-08 -0.16D-08
     -0.37D-09 -0.89D-10 -0.23D-10 -0.60D-11 -0.17D-11 -0.47D-12 -0.14D-12

  13  0.66D-04  0.68D-05  0.88D-06  0.13D-06  0.23D-07  0.43D-08  0.87D-09
      0.19D-09  0.44D-10  0.11D-10  0.27D-11  0.72D-12  0.20D-12  0.55D-13

  14 -0.52D-04 -0.51D-05 -0.61D-06 -0.87D-07 -0.14D-07 -0.25D-08 -0.49D-09
     -0.10D-09 -0.23D-10 -0.53D-11 -0.13D-11 -0.32D-12 -0.85D-13
  15  0.42D-04  0.38D-05  0.44D-06  0.59D-07  0.90D-08  0.15D-08  0.28D-09
      0.57D-10  0.12D-10  0.27D-11  0.63D-12  0.15D-12  0.39D-13
  16 -0.35D-04 -0.30D-05 -0.32D-06 -0.41D-07 -0.60D-08 -0.97D-09 -0.17D-09
     -0.33D-10 -0.67D-11 -0.14D-11 -0.32D-12 -0.76D-13
  17  0.29D-04  0.23D-05  0.24D-06  0.29D-07  0.40D-08  0.62D-09  0.11D-09
      0.19D-10  0.38D-11  0.78D-12  0.17D-12
  18 -0.24D-04 -0.18D-05 -0.18D-06 -0.21D-07 -0.28D-08 -0.41D-09 -0.67D-10
     -0.12D-10 -0.22D-11 -0.44D-12
  19  0.20D-04  0.15D-05  0.14D-06  0.15D-07  0.20D-08  0.28D-09  0.44D-10
      0.74D-11  0.13D-11
  20 -0.17D-04 -0.12D-05 -0.11D-06 -0.11D-07 -0.14D-08 -0.19D-09 -0.29D-10
     -0.47D-11
  21  0.15D-04  0.10D-05  0.85D-07  0.86D-08  0.10D-08  0.13D-09  0.19D-10

  22 -0.13D-04 -0.83D-06 -0.67D-07 -0.66D-08 -0.75D-09 -0.95D-10
  23  0.11D-04  0.69D-06  0.54D-07  0.51D-08  0.56D-09
  24 -0.99D-05 -0.58D-06 -0.44D-07 -0.40D-08
  25  0.88D-05  0.50D-06  0.36D-07
  26 -0.78D-05 -0.42D-06
  27  0.69D-05
