  0.869213E-01 -0.100000E+01
  0.414005E+00 -0.714286E+00
  0.153125E+00 -0.428571E+00
  0.345949E+00 -0.142857E+00
  0.345949E+00  0.142857E+00
  0.153125E+00  0.428571E+00
  0.414005E+00  0.714286E+00
  0.869213E-01  0.100000E+01
   7   7   0  0.200000E+01  0.200000E+01  0.4441E-15
   7   7   1  0.000000E+00 -0.111022E-15  0.1110E-15
   7   7   2  0.666667E+00  0.666667E+00  0.2220E-15
   7   7   3  0.000000E+00 -0.832667E-16  0.8327E-16
   7   7   4  0.400000E+00  0.400000E+00  0.1110E-15
   7   7   5  0.000000E+00 -0.693889E-16  0.6939E-16
   7   7   6  0.285714E+00  0.285714E+00  0.0000E+00
   7   7   7  0.000000E+00 -0.416334E-16  0.4163E-16
   7   7   8  0.222222E+00  0.230297E+00 -0.8075E-02
   7   7   9  0.000000E+00 -0.277556E-16  0.2776E-16
   7   7  10  0.181818E+00  0.202532E+00 -0.2071E-01
   7   7  11  0.000000E+00 -0.138778E-16  0.1388E-16
