4                                                

-0.2123457240085725049114070223584996340460443139673979425056685111929769036823368e0 0.2549994227316027706305319510020695309804135141632002397359599276417704141482583e-341
-0.3200959287149990530596197001039066660092753329228649417601472783078904721236162e1 0.2308406310574660556592589053319090461619449855525228690462339571821831218130588e-341
-0.1445561757045297678750425164179648078874088775644178290539882961510846988471038e1 0.4563268857047011101491335057920967661028537470671921973811843910929193738550446e-341
0.9526160826134309530012338852818087799853681799924904880907410726351416826691515e-1 0.5639332634237730763382785908533832865375466538664173355601555491710672069399155e-342
0.1232578448288340631645551281305614934352540345168862464655119908801192384618060e1 0.6560205988495074155065251152902252667408411138626366755446967536473323063281315e-341
0.5931821576505319240109774788028942871713054563695301103117034072095928838515018e1 0.1731765201824621239301944970527868119581142127046157577504059235081546034582956e-339
-0.2469161187430206267764308303507457888305528595800597972206120388373432976508642e1 -0.4375507513514350500973034497475391187914767640280170806257251051297427480992617e-340
0.2382413833945130431404864093897321243928605848032764504966134040707376449572724e1 0.5034375319244023595698406485944120496159278495869295526527673311597870850239285e-340
0.5634543650417137961988082985791772548080316165770732519135033630375371166710426e0 -0.3268460516624287277118930970848987624360016630405506104055048635487704648712924e-341
0.2510285377315843908699099465467439806103664431391287759752101728089302350574569e0 0.2376317294612718271632400689466010717025342670005163549530090458525016771047882e-341

-0.3242805294449407709360775060377098522064130176999055164217612918207162844387722e1 0.2799398729851732039531729035556168597084632974121280335360147067775630345017240e-335
-0.4547218340898472876769591863651349780464938843207319367539244152984313573034387e1 0.5736999936790610683487681426561389639404668457545337764211134656487047794350169e-336
0.9027325727820053675246905886616717374012775449072048339598344058234431902411934e0 0.7617526094190641145603253773935229517982806773425780579477372208904061507066286e-336
0.4082211731303897891566556011537320930222922550274620033624394288932409161725866e0 0.1956916202423197601060219570403269346162542322134715906350638781397198650010059e-337
0.6120624699609210053875272149323549572705291515765896037912487902097906659507011e0 0.3870719192309323736436484775127122467781294889663153730900379325490501168525199e-336
-0.2414933100439099390435864336625237898965241428957404010588646725978151375194893e1 -0.4969552467334245103380780565913446757194648537869019487670752601063814392763875e-336
0.9718804571918411622848625104330708744941020658779667293258440561088990635741549e0 -0.6870069004358214197215907586250768464736030151060349763847199522614275524927644e-338
-0.2010901572982983977032559813034962264332446239031935951239439256351977340523270e1 0.2824526025742635389475034742238780848681288164518144181517389290424882005396532e-337
-0.6411875879950746024692503606417586133939066873930496622159114259925541168762720e0 -0.2482638456910243601876538068337657879393418299843894713719652178564117454882816e-336
0.1126857232083966622478969349743440781246420226677025024406062719645715059398069e1 0.1804989435062709407273288496541381196209094664190431435606158072603323634413861e-336

0.9336516309734660285477723001693693029727460312800490424461879367060648071826936e-1 0.1177185508289112059370040851760024187518407254485232524606320242218659688983230e-337
-0.2920415350161128158217267443497280497791043106386313163420114819659408323488318e1 0.1273554097119059165132406326415430808395500399633149084078578411782490314158620e-337
-0.9424009006489872075314726108912075863771497839459358061905934316492843094378197e0 0.9847723779858669466976142060073439600094945789743140172503620136290941615783234e-338
0.2785724844658232020269196767167977723824965492533886186265359586997326440586894e0 0.7429464213437948663141018012749446051346059697049388862196824471816031351474393e-339
-0.9948085648716762227527724321953475396011213192182298835872651957489642445540692e0 -0.1526598653633002486539528090261600181995915138171370397702606635922582713830718e-336
-0.7809526545866318701205566037130332792238034736010670936506917350742351587154629e2 -0.4585642360738704188636209357369717429937666238900909116531296956801982963999439e-335
0.1277661346972691558750982161588589024477866188206659361505071959033276660208572e2 0.7516386033093926066395955816058763067704814702000027257231172983012549434631193e-336
-0.1318380083604767988814516266913013508853156333577227707501834816250949357487767e2 -0.7278259796775793123272801770529436186616827029784050669433063015067312974623336e-336
0.1987463194734981177935934675660733434701348401092387455828019350135357826929515e0 -0.5499956209816700054640166266128554075426966858489524074420229861792235779292882e-338
0.5161876338136919363755403925622202840464915262185232451267443317681287368551045e0 0.3998714683724725732898207531510541420699058555486044175869132625412901722704755e-338

0.2380940497809042831070097176868399563805065001715235631055880158635230293220803e1 0.1154211883409031337910998667569332849783434300041495975471468897349493484087047e-337
0.5637574038076304549478419033545764742354925632144393285512842892821254117983863e1 -0.6612284113443899471319911685594518001532881557917774293627105860059225393869648e-337
-0.8715869540597701345557690261643021800822191393044205570608043253648993363799887e-1 0.1015180744751317676956300447570407624529408342759944444752230758341894126178672e-338
0.3696561757942066862766346959432007860318259481226655245023978345153406871913989e0 0.5287508236134945877891683157010514974502053434622352686959837844693521469332174e-340
-0.4026298003563818899961324696290868398386596308785982426855528614439341772202194e0 -0.6930701680426094840235397880040407864774854810256622316910895140887377992147662e-339
0.2137019651501140377201060191065390338105572779931734786164185225752502947811059e0 0.6618090342796729961135470069026598307696263850492688482113547782648648311363308e-338
0.7969623585626556309462429279420456865454301596039880684345408062616899105773748e0 -0.1131128192772073875987898244880127721763940143730842499450022988850888970040046e-338
-0.1908186197146594848161201998474342480403924779727682973610625725212476778148713e1 0.1174966581562042156568470486916521183676359139221215113158639271829003334484311e-338
-0.2629705595998467791497703399362372285917626893988937269650179958604501279906440e0 -0.4411868966459605996741802244018935247035171495840113108000860130212865803239478e-339
0.8518764999866227073526890207597956525765451208943455645156592373399522772617084e0 0.3207626487527873200218298590892216870446731505778910104022329860145309970994487e-339

