4                                                

-0.8540936289499526366778889429841397837482e0 -0.4569676433713020210851680540303818057489e-1
-0.5084469190532020366298410924978276112314e0 0.3909714367696059503839860946794139282555e0
-0.1878721187293551548325714839281163503971e0 -0.1505978872857925601182223866292827803551e1
-0.6325815424733710713766590893426536987217e0 -0.4359560501099011346443298910649796667251e0
0.5869944462662038422712252476116123082366e0 -0.2314563556237803656452338772631873154227e0
0.3483012725446480869695932611335760156822e0 -0.2602189424147476254860146522511459829208e0
-0.1760104274917773510621883920832733389741e-1 -0.2364122696774497137674422514990801017486e-1
0.2990345728662859960875012026341926350594e0 -0.2833904091074815519629734478117496032787e0
-0.1317732642652812563054535044085848312699e1 -0.1129042774716542052162418878572984182990e1
-0.3004423117259336646191375775277313845408e0 0.7746964092125887531337289402169709679842e-2

-0.7588908581891449061962483198507621685366e0 -0.2851667043882547257937297751310377484853e0
-0.2314903555494285917997583489842254956546e0 0.8395650168139740102922254442420193800965e0
0.8794444171881617658431400490960012508656e0 -0.2166301646728817631531714150757510154970e1
0.1532613063448122470632807861188089435991e1 0.2267478789727865580918459494220120940635e0
0.6966741760968026887868653521642361095751e0 0.6607186850657013492164494474172595975909e0
0.8528181054190921287874810482723770949612e0 -0.2785696657680326367238382965810686472647e1
-0.6335809144458141964982017497173474747795e0 0.6624203494911369604945272153418008992076e0
0.1012365648275391642906187000028429677861e1 -0.1782364447776029579315827598927092185389e1
-0.9151251803818134198591857572565961348618e0 -0.1178322669269473850754690576246263314218e0
0.4020173766665788771592690675733863868934e0 -0.2390364864685298069307251814526852007680e0

-0.1037226672030672714147633562940363459679e1 -0.1406913798724210008428115430352173566823e0
-0.2403101955195120526331664676545410851369e0 0.8570657127262490079307560540536478542610e-1
-0.1338559014337552968318629016510523156426e1 -0.5660332574720090220600480569762312962541e-1
0.1066947473422251784585905579793954019570e0 -0.1720601156008929377558561029796781056916e1
0.4145657892230524323498144895322276390099e0 -0.3771026138356777991002894144872662266614e-1
0.7889278514032644705207231308160399582561e0 -0.2382259185735343184262889727624784545745e-1
0.2549247334495354125485100526932072264274e0 0.1253025087909451886628088094999332914734e0
0.6806752591961366192142189393071615211316e0 0.2290332016009436715281832815359976093028e0
-0.1288211272431450568866602707428333451992e0 -0.1034762026001816817922284022301030972009e1
-0.2026167271001890199117836242981554641119e0 -0.8022169597887755907513888026797891347898e0

-0.2942134292381998774915868154032956849042e1 -0.1176841317252890356346401383032652035995e1
-0.2455976340232772253298001622526097442317e1 -0.4667436259752021483714129354207384344399e0
0.8632697889373303156946513780417386267637e0 -0.7951176088549220866447717748534423768130e0
0.1126478993494961419811722104805749768331e1 -0.7279338388555226466096481246445986213840e1
0.4702230678717401533492678802887882645979e0 0.5091912334302743661871673212969442785658e0
0.6710264052991634550082449267721008073424e0 -0.1165169678385689382593039540645641605822e1
-0.7054676470233205855462545216033270406436e0 -0.1881066490335110607644365556366297226784e0
0.2017334961203655860042736274249765615458e0 -0.1534791313504789992475134189258476263277e1
0.3402072194598606074689340214530520107963e0 0.1537979501848907291004805260289215803022e1
0.1569001911792027145046203615312045302427e1 -0.1050549677521765582538266535214770883281e1

