    1  100
   -0.2500000000E+01    0.2066337109E+01    0.1000000000E+01
   -0.2454545498E+01    0.2839424372E+01    0.1000000000E+01
   -0.2409090996E+01    0.3338893414E+01    0.1000000000E+01
   -0.2363636494E+01    0.2852119684E+01    0.1000000000E+01
   -0.2318181992E+01    0.3332874537E+01    0.1000000000E+01
   -0.2272727489E+01    0.2764989138E+01    0.1000000000E+01
   -0.2227272987E+01    0.3041769981E+01    0.1000000000E+01
   -0.2181818485E+01    0.3673213720E+01    0.1000000000E+01
   -0.2136363983E+01    0.2883830070E+01    0.1000000000E+01
   -0.2090909481E+01    0.2913520575E+01    0.1000000000E+01
   -0.2045454979E+01    0.2583751917E+01    0.1000000000E+01
   -0.2000000477E+01    0.2441917896E+01    0.1000000000E+01
   -0.1954545975E+01    0.2046087503E+01    0.1000000000E+01
   -0.1909091473E+01    0.2202858686E+01    0.1000000000E+01
   -0.1863636971E+01    0.2220685005E+01    0.1000000000E+01
   -0.1818182468E+01    0.1491346955E+01    0.1000000000E+01
   -0.1772727966E+01    0.9620320201E+00    0.1000000000E+01
   -0.1727273464E+01    0.1310501814E+01    0.1000000000E+01
   -0.1681818962E+01    0.8859264255E+00    0.1000000000E+01
   -0.1636364460E+01    0.7280239463E+00    0.1000000000E+01
   -0.1590909958E+01    0.2267782986E+00    0.1000000000E+01
   -0.1545455456E+01    0.2355118692E+00    0.1000000000E+01
   -0.1500000954E+01    0.6996280551E+00    0.1000000000E+01
   -0.1454546452E+01    0.1113657475E+01    0.1000000000E+01
   -0.1409091949E+01    0.3690539300E+00    0.1000000000E+01
   -0.1363637447E+01    0.8053091764E+00    0.1000000000E+01
   -0.1318182945E+01    0.5266248584E+00    0.1000000000E+01
   -0.1272728443E+01    0.1297042847E+01    0.1000000000E+01
   -0.1227273941E+01    0.1576042295E+01    0.1000000000E+01
   -0.1181819439E+01    0.1507485986E+01    0.1000000000E+01
   -0.1136364937E+01    0.1924110413E+01    0.1000000000E+01
   -0.1090910435E+01    0.1680096865E+01    0.1000000000E+01
   -0.1045455933E+01    0.1874320865E+01    0.1000000000E+01
   -0.1000001431E+01    0.1776525021E+01    0.1000000000E+01
   -0.9545468688E+00    0.1519118547E+01    0.1000000000E+01
   -0.9090923071E+00    0.1866940260E+01    0.1000000000E+01
   -0.8636377454E+00    0.1627477407E+01    0.1000000000E+01
   -0.8181831837E+00    0.1514175773E+01    0.1000000000E+01
   -0.7727286220E+00    0.1525138855E+01    0.1000000000E+01
   -0.7272740602E+00    0.1149870753E+01    0.1000000000E+01
   -0.6818194985E+00    0.9665542841E+00    0.1000000000E+01
   -0.6363649368E+00    0.4423066974E+00    0.1000000000E+01
   -0.5909103751E+00   -0.9393393993E-03    0.1000000000E+01
   -0.5454558134E+00   -0.3425182700E+00    0.1000000000E+01
   -0.5000012517E+00   -0.1784612983E+00    0.1000000000E+01
   -0.4545466900E+00    0.1619228721E-01    0.1000000000E+01
   -0.4090921283E+00   -0.3592050672E+00    0.1000000000E+01
   -0.3636375666E+00   -0.9492983222E+00    0.1000000000E+01
   -0.3181830049E+00   -0.4704068899E+00    0.1000000000E+01
   -0.2727284431E+00   -0.1035021305E+01    0.1000000000E+01
   -0.2272738963E+00   -0.7103632092E+00    0.1000000000E+01
   -0.1818193495E+00   -0.9989126921E+00    0.1000000000E+01
   -0.1363648027E+00   -0.6779685020E+00    0.1000000000E+01
   -0.9091025591E-01   -0.1861210465E+00    0.1000000000E+01
   -0.4545570910E-01   -0.4939094782E+00    0.1000000000E+01
   -0.1162290573E-05   -0.1462394893E+00    0.1000000000E+01
    0.4545338452E-01    0.8576743305E-01    0.1000000000E+01
    0.9090793133E-01    0.7562052011E+00    0.1000000000E+01
    0.1363624781E+00    0.5613370538E+00    0.1000000000E+01
    0.1818170249E+00    0.7347589731E+00    0.1000000000E+01
    0.2272715718E+00    0.5829935670E+00    0.1000000000E+01
    0.2727261186E+00    0.9742444754E+00    0.1000000000E+01
    0.3181806803E+00    0.8425617218E+00    0.1000000000E+01
    0.3636352420E+00    0.1020120621E+01    0.1000000000E+01
    0.4090898037E+00    0.9598841071E+00    0.1000000000E+01
    0.4545443654E+00    0.1613257229E+00    0.1000000000E+01
    0.4999989271E+00    0.3616574705E+00    0.1000000000E+01
    0.5454534888E+00   -0.1950593889E+00    0.1000000000E+01
    0.5909080505E+00   -0.8481047153E+00    0.1000000000E+01
    0.6363626122E+00   -0.1157376289E+01    0.1000000000E+01
    0.6818171740E+00   -0.1025059104E+01    0.1000000000E+01
    0.7272717357E+00   -0.9891960025E+00    0.1000000000E+01
    0.7727262974E+00   -0.1126607895E+01    0.1000000000E+01
    0.8181808591E+00   -0.1752680540E+01    0.1000000000E+01
    0.8636354208E+00   -0.1855425119E+01    0.1000000000E+01
    0.9090899825E+00   -0.1951394558E+01    0.1000000000E+01
    0.9545445442E+00   -0.1800783396E+01    0.1000000000E+01
    0.9999991059E+00   -0.2169338942E+01    0.1000000000E+01
    0.1045453668E+01   -0.1574438572E+01    0.1000000000E+01
    0.1090908170E+01   -0.1703036547E+01    0.1000000000E+01
    0.1136362672E+01   -0.1938689828E+01    0.1000000000E+01
    0.1181817174E+01   -0.1185452461E+01    0.1000000000E+01
    0.1227271676E+01   -0.9260626435E+00    0.1000000000E+01
    0.1272726178E+01   -0.1201820254E+01    0.1000000000E+01
    0.1318180680E+01   -0.9518566132E+00    0.1000000000E+01
    0.1363635182E+01   -0.8992969990E+00    0.1000000000E+01
    0.1409089684E+01   -0.9217264056E+00    0.1000000000E+01
    0.1454544187E+01   -0.5936186314E+00    0.1000000000E+01
    0.1499998689E+01   -0.3382198215E+00    0.1000000000E+01
    0.1545453191E+01   -0.3763670921E+00    0.1000000000E+01
    0.1590907693E+01   -0.4098067880E+00    0.1000000000E+01
    0.1636362195E+01   -0.7265379429E+00    0.1000000000E+01
    0.1681816697E+01   -0.1165631294E+01    0.1000000000E+01
    0.1727271199E+01   -0.1129076958E+01    0.1000000000E+01
    0.1772725701E+01   -0.1578164220E+01    0.1000000000E+01
    0.1818180203E+01   -0.1701771140E+01    0.1000000000E+01
    0.1863634706E+01   -0.1694219947E+01    0.1000000000E+01
    0.1909089208E+01   -0.1830021620E+01    0.1000000000E+01
    0.1954543710E+01   -0.2773060322E+01    0.1000000000E+01
    0.2000000000E+01   -0.2807628393E+01    0.1000000000E+01
