8 -1 -1

-5.48081356391616422846215998189e-1 6.60146667519801391016743026643e-1
-1.32913788452184734416679493593 6.54881868889265815387160318981e-1
8.22411680179320795582804599773e-1 -1.69125723484057700908077852454
-1.42981325457223925224417698709e-150 -3.34753611901087073798979575408e-150

-5.72583826981353784239670044227e-1 1.29072578940071784918095175737
-2.73256239641103971731311286522 1.18841499455105038555786611807
-1.18841499455105038555786611807 -2.73256239641103971731311286522
2.49947974343470093659040564223 1.10880381310324610639540758873

-2.52018982063833200916868412100e-1 -1.03412687057967784847387339220
1.03348742539847736568749897136 9.26699644900626574571756383481e-1
9.26699644900626574571756383481e-1 -1.03348742539847736568749897136
-2.00257807381034252378012062730 4.88032660230685844169316363904e-1

-5.26680534552211644627055632440e-1 -7.48051627712679655342660469164e-1
7.55214613430480321140218620423e-1 1.10435288461618335406886130969
-2.45129223156673127811940131627e-1 -2.13932400960858121621122889457e-1
6.90621415927287838255880299139e-152 9.64249088798061730506803331053e-152

-1.09034436671449842355650955293 6.70716216298923178988289850611e-1
-1.18398473672560882883241526756 -1.53331268740400798509578286948e-1
1.40525055850551009293623154035 -1.30011909906800410682687589213
4.93182760797309650142861889812e-149 5.32764327828720687867987436419e-149

-2.48901607909910868612910348234e-1 -6.24879667461389639282303863469e-1
4.89951285222633304732186433424e-1 1.48022596198153657080860979475
-4.48285640304709436743969028751e-1 -5.50644673166176177682855379041e-1
4.56758538824428475052424592930e-147 2.42828759672578024100464767048e-147

-4.89896220756975271827253158360e-1 -9.53404211055166426546737101166e-1
1.27039336226059585502056171625 1.86096833240275736441711491545
-1.86096833240275736441711491545 1.27039336226059585502056171625
1.84625931581034039452385132692 -9.48679952180858744645640033012e-1

-6.01354219974037866418830884347e-1 4.59348108288712065203024408758e-2
-2.06937351990998709505368602505e-2 7.83203019620278081455168794921e-1
7.83203019620278081455168794921e-1 2.06937351990998709505368602505e-2
-8.89523786757031471077406101727e-2 -1.16451743956550011410496319783


1 4
3.918537396633641340289627205345603958555583419629160241159986340760605783516478297224648025020960944985092801154648302118906909831713261791436427997887726693619220867028209697775277191724026891372136269409972119199900973696154996334893260538950533979799006818061586356996064005276086737535481127575204433273124e-1 -8.223062945268175410673007119456719154015164069134551759123240207733988807754859057425476001868017509781766992541485489618763977663950554194189193711129394067952343900339788090272421967450465907215506065977209553266077341551601563833625936419675362579889576114733058611301029739589805833808943633862216998194129e-1
4.368817949252431866573325948924253374142454962420930280208682640773162656658334201152644413086261384125314783980705197829349551029996194708350852995948307570307751929586537979266941730367431783764645776861888784644653822662743266291065573286025803127448698799500814072552963260211525884409465017717269487041510e-1 -7.579358222022938090424874781587714952957704527518727764744849069469519113451601906380736365933840045476938616328137858762383286904646644228444128744600040403559584664567293770684051788830485822582014609184766875854224013615467821000140721727641605769791048637476435373285732753073148075093822432282259030400066e-1
9.010952868282021383557808637252999250985967389562281569052167766899133431303867574289514079249659466441488679317479200636119277677780032238836211095980489848322763186855472974517915775124803538408037579889117339427722021575643719905442556937102518384912917782054680456413968957868326120090918730459746534082671e-1 -5.823056259412884336967479829578274872172770519361657698408431248813086101949914887800744933490682214009697309708019456118912635322645091918839432657216183592073588066766021245384547909228178063361297633106132963358080789162466937244165083121937623834552891769591674905242671458007584599968584911380124564442302e-1
4.416414164080356279532343476176154752627270660932970622642272152815133796541203820892256870330601982863059849225916217427128232664994459088005352297029457363852137613261539548978362749822416302029344155783868711175820296250008634517712559754289220045579662687289544760975392888995365421717145928306091906717242e-1 -9.147240134908595946059050966008824180680526777905363557495906091561403540192228066446836273765093756502711593033847272557300572134835218514771680630612842201087334522776971046290634427067709309128199921182282270867322862595990423014627937632195260696808034121921610805577039296078702627769152254473419101122882e-1


1 4
-3.782150067038307195619195395882736817839334378985788037226802815551901349989445714987567336542901391145855047962231547217637198963451668235335345371038013563651948627184366747005267118089645023895438918743844894881144202127086110308230019414963744722177481454391271395332257479661903507049140196625528439607351e-1 3.014885160066905671300531869611244599737536865029800991273861554176157287902423382679484745610415745760752859807180755957698657619938184564640970803359852846080417061773234583847483676391534859619057646198882286599683155517556599388762062212218568784548974032054154071481866696015677730852440646683669696597128e-1
2.813538650316276851595142018479667478229213170583887793632701976409788020023646357738244166403368251469594439759407616032712136666118763535409318235002081805759882600785191445642421332378678454283619444699496503819000090641038763151553925793215688935510335370201077518951040709370773807758601453022152519839997e-1 -3.077162386016825841762363461471193657910960896531976012895341981770997351797641454011396753171933070276746663034474190501953168716249905717454990035380717663124457779476053795968297696895241798469089923483749010403208607950956864866750459177618041879979706355193498516202433148786942830315272266139786414281098e-1
3.559910909019546764207693952738408986042430511587600200580529061837651654255022691748368452955164325677444405464374473367711377951934767971318268273072910898633493862100427460502579378760992246653702923592935641445926449121602641431386523120593657427513663755215703349310559871059218087457230690098771473021438e-1 5.152398414940943622363464077703181494533628239836285401358355436006699570751608669201903768830298226693117621499174319481346501366846062649679767352404333785016104070948613417436489666653309937631943672689974326385320889696036040045509164610146175850967750399528777744185644622376503700586546145035174545773725e-1
3.562942137847097708568803874499374914269172872941966073775309252096576468407634087717516971402593201795133731449328254798300315094536470762447984188978505585003552227689116669435216436439126593208450105082049972072904040001367771998756146237929958520855523879481983439620096962680459393794544966840836657877332e-1 2.702988803376995946047189339148016039009232332626421417078687062103223396184217154156415267192429975282078144857110456724836487243152408379553560563226438755494891633098542573491754681522356279161852614730754801941201456177598772841608955580777083946161398721112695826506620561879656858430843652850526590099503e-1


