1	598	
1	402.934	1
2	402.74	1
3	402.735	1
4	402.743	1
5	402.74	1
6	402.722	1
7	402.709	1
8	402.731	1
9	403.001	1
10	403.10	1
11	403.047	1
12	403.125	1
13	403.065	1
14	403.111	1
15	403.126	1
16	403.153	1
17	403.119	1
18	403.127	1
19	403.142	1
20	403.148	1
21	403.147	1
22	403.142	1
23	403.148	1
24	403.148	1
25	403.133	1
26	403.141	1
27	403.113	1
28	403.001	1
29	403.043	1
30	402.855	1
31	402.984	1
32	402.891	1
33	344.357	1
34	280.089	1
35	280.08	1
36	280.071	1
37	280.073	1
38	280.069	1
39	280.074	1
40	280.074	1
41	280.074	1
42	280.074	1
43	280.074	1
44	280.074	1
45	280.074	1
46	280.074	1
47	280.07	1
48	279.991	1
49	279.971	1
50	280.065	1
51	280.072	1
52	280.068	1
53	280.063	1
54	280.07	1
55	280.022	1
56	279.882	1
57	279.875	1
58	279.941	1
59	280.047	1
60	279.487	1
61	278.146	1
62	278.118	1
63	279.672	1
64	280.786	1
65	280.067	1
66	278.463	1
67	278.817	1
68	278.85	1
69	278.266	1
70	279.297	1
71	280.011	1
72	280.593	1
73	281.281	1
74	281.896	1
75	281.564	1
76	281.659	1
77	281.433	1
78	281.354	1
79	281.526	1
80	281.499	1
81	280.284	1
82	280.581	1
83	281.088	1
84	281.034	1
85	281.14	1
86	281.286	1
87	281.454	1
88	281.81	1
89	281.851	1
90	281.818	1
91	281.761	1
92	281.286	1
93	280.084	1
94	279.721	1
95	279.446	1
96	278.736	1
97	278.516	1
98	278.359	1
99	279.143	1
100	279.649	1
101	279.588	1
102	278.977	1
103	278.493	1
104	278.665	1
105	278.583	1
106	279.205	1
107	280.145	1
108	280.26	1
109	280.662	1
110	280.645	1
111	280.494	1
112	280.772	1
113	280.758	1
114	280.217	1
115	279.335	1
116	278.306	1
117	278.303	1
118	278.457	1
119	278.246	1
120	278.504	1
121	279.57	1
122	279.806	1
123	279.305	1
124	278.885	1
125	279.096	1
126	279.024	1
127	278.782	1
128	278.274	1
129	278.509	1
130	279.982	1
131	280.261	1
132	280.58	1
133	281.322	1
134	281.572	1
135	281.54	1
136	281.706	1
137	281.572	1
138	281.111	1
139	280.398	1
140	280.511	1
141	280.328	1
142	280.705	1
143	280.553	1
144	280.38	1
145	280.647	1
146	280.934	1
147	281.271	1
148	281.653	1
149	281.454	1
150	281.254	1
151	281.165	1
152	280.95	1
153	280.37	1
154	280.626	1
155	280.268	1
156	279.845	1
157	279.976	1
158	280.329	1
159	280.586	1
160	280.95	1
161	280.601	1
162	280.268	1
163	280.842	1
164	281.024	1
165	281.271	1
166	281.158	1
167	281.352	1
168	280.737	1
169	280.64	1
170	279.99	1
171	279.75	1
172	279.81	1
173	279.40	1
174	278.98	1
175	278.74	1
176	280.29	1
177	281.22	1
178	281.54	1
179	281.49	1
180	280.96	1
181	281.10	1
182	281.46	1
183	281.53	1
184	281.40	1
185	281.21	1
186	280.83	1
187	280.66	1
188	280.38	1
189	280.09	1
190	280.13	1
191	280.19	1
192	280.33	1
193	280.48	1
194	280.34	1
195	280.06	1
196	280.07	1
197	279.96	1
198	280.02	1
199	280.08	1
200	279.96	1
201	279.77	1
202	279.78	1
203	279.78	1
204	279.65	1
205	279.83	1
206	279.69	1
207	279.81	1
208	279.90	1
209	279.94	1
210	279.42	1
211	278.97	1
212	278.66	1
213	278.34	1
214	278.35	1
215	278.48	1
216	279.06	1
217	279.13	1
218	279.51	1
219	279.24	1
220	279.62	1
221	279.71	1
222	279.23	1
223	279.10	1
224	279.08	1
225	279.67	1
226	280.31	1
227	280.37	1
228	280.21	1
229	280.39	1
230	280.25	1
231	279.52	1
232	279.34	1
233	279.23	1
234	278.98	1
235	278.88	1
236	278.88	1
237	278.93	1
238	279.16	1
239	279.11	1
240	279.01	1
241	279.10	1
242	279.41	1
243	279.63	1
244	279.92	1
245	279.69	1
246	279.12	1
247	278.73	1
248	278.53	1
249	278.37	1
250	278.32	1
251	266.18	1
252	240.63	1
253	240.91	1
254	240.92	1
255	239.97	1
256	240.18	1
257	238.92	1
258	238.46	1
259	239.00	1
260	239.11	1
261	238.74	1
262	238.97	1
263	238.58	1
264	238.42	1
265	238.70	1
266	239.14	1
267	239.17	1
268	239.31	1
269	238.65	1
270	238.95	1
271	239.04	1
272	238.53	1
273	238.40	1
274	239.02	1
275	239.63	1
276	239.73	1
277	240.04	1
278	240.47	1
279	240.58	1
280	240.61	1
281	240.37	1
282	239.77	1
283	239.06	1
284	238.77	1
285	238.53	1
286	238.74	1
287	239.03	1
288	239.06	1
289	240.58	1
290	241.78	1
291	241.87	1
292	241.79	1
293	241.87	1
294	241.87	1
295	241.85	1
296	243.46	1
297	246.94	1
298	249.06	1
299	249.33	1
300	252.66	1
301	257.05	1
302	260.37	1
303	261.81	1
304	261.02	1
305	261.24	1
306	256.91	1
307	244.47	1
308	245.02	1
309	244.10	1
310	239.48	1
311	235.05	1
312	234.48	1
313	235.62	1
314	242.75	1
315	247.24	1
316	248.37	1
317	253.05	1
318	257.62	1
319	253.75	1
320	247.57	1
321	241.83	1
322	242.92	1
323	238.70	1
324	231.74	1
325	222.40	1
326	227.49	1
327	234.06	1
328	238.86	1
329	241.37	1
330	239.02	1
331	238.96	1
332	234.56	1
333	231.65	1
334	233.29	1
335	232.52	1
336	232.94	1
337	236.23	1
338	239.58	1
339	241.80	1
340	237.07	1
341	232.05	1
342	228.03	1
343	218.45	1
344	211.43	1
345	208.35	1
346	205.68	1
347	204.84	1
348	202.21	1
349	202.859	1
350	202.62	1
351	194.28	1
352	184.63	1
353	180.79	1
354	176.40	1
355	178.50	1
356	178.28	1
357	172.72	1
358	163.77	1
359	163.81	1
360	167.84	1
361	171.24	1
362	171.03	1
363	171.741	1
364	171.903	1
365	171.845	1
366	171.914	1
367	172.26	1
368	173.97	1
369	174.314	1
370	177.108	1
371	181.778	1
372	185.458	1
373	193.527	1
374	193.963	1
375	190.547	1
376	184.968	1
377	181.81	1
378	183.724	1
379	189.489	1
380	194.06	1
381	195.95	1
382	200.754	1
383	196.075	1
384	198.611	1
385	200.53	1
386	200.42	1
387	203.78	1
388	207.34	1
389	205.872	1
390	211.19	1
391	225.98	1
392	223.68	1
393	219.66	1
394	214.38	1
395	213.52	1
396	220.07	1
397	226.41	1
398	228.911	1
399	220.451	1
400	220.936	1
401	230.202	1
402	233.594	1
403	237.315	1
404	237.036	1
405	240.123	1
406	241.644	1
407	239.409	1
408	234.594	1
409	240.288	1
410	229.411	1
411	223.19	1
412	217.53	1
413	208.84	1
414	197.38	1
415	187.37	1
416	182.03	1
417	181.46	1
418	184.07	1
419	190.251	1
420	190.333	1
421	188.6		1
422	184.7		1
423	180.5		1
424	177.2		1
425	181.03	1
426	175.63	1
427	173.54	1
428	172.5		1
429	171.2		1
430	169.62	1
431	163.21	1
432	161.6		1
433	157.56	1
434	153.29	1
435	149.00	1
436	153.61	1
437	157.22	1
438	154.80	1
439	152.73	1
440	150.26	1
441	149.86	1
442	149.69	1
443	147.66	1
444	143.38	1
445	140.76	1
446	144.17	1
447	145.57	1
448	142.10	1
449	138.94	1
450	137.7		1
451	132.00	1
452	131.32	1
453	125.63	1
454	121.96	1
455	123.92	1
456	118.61	1
457	112.71	1
458	109.31	1
459	112.53	1
460	123.77	1
461	124.83	1
462	128.08	1
463	138.07	1
464	138.40	1
465	136.42	1
466	142.15	1
467	143.96	1
468	144.47	1
469	142.44	1
470	142.97	1
471	146.74	1
472	149.85	1
473	152.11	1
474	150.85	1
475	150.71	1
476	148.61	1
477	146.98	1
478	142.64	1
479	142.38	1
480	143.93	1
481	150.54	1
482	152.80	1
483	159.23	1
484	162.99	1
485	166.66	1
486	162.88	1
487	160.90	1
488	159.96	1
489	164.46	1
490	166.20	1
491	177.54	1
492	182.88	1
493	180.09	1
494	175.82	1
495	183.30	1
496	187.82	1
497	186.95	1
498	177.68	1
499	170.51	1
500	169.65	1
501	168.40	1
502	173.88	1
503	180.85	1
504	182.58	1
505	177.37	1
506	175.34	1
507	171.34	1
508	170.08	1
509	157.15	1
510	155.30	1
511	162.68	1
512	159.47	1
513	157.15	1
514	158.74	1
515	157.26	1
516	159.65	1
517	165.12	1
518	169.61	1
519	162.45	1
520	163.72	1
521	167.74	1
522	171.03	1
523	180.98	1
524	190.13	1
525	187.94	1
526	194.56	1
527	196.42	1
528	192.19	1
529	193.46	1
530	196.41	1
531	182.14	1
532	174.97	1
533	172.38	1
534	164.97	1
535	165.13	1
536	168.41	1
537	172.65	1
538	172.31	1
539	177.96	1
540	182.72	1
541	180.9		1
542	177.78	1
543	172.38	1
544	175.66	1
545	180.95	1
546	185.51	1
547	191.77	1
548	194.34	1
549	184.65	1
550	165.29	1
551	152.68	1
552	155.10	1
553	153.25	1
554	143.95	1
555	146.17	1
556	154.47	1
557	154.77	1
558	150.82	1
559	149.55	1
560	149.14	1
561	152.48	1
562	150.23	1
563	148.08	1
564	149.13	1
565	149.23	1
566	147.92	1
567	149.19	1
568	148.23	1
569	150.42	1
570	152.62	1
571	154.67	1
572	154.22	1
573	156.61	1
574	160.64	1
575	158.92	1
576	155.87	1
577	157.46	1
578	157.20	1
579	160.02	1
580	160.73	1
581	158.74	1
582	159.48	1
583	159.52	1
584	156.68	1
585	155.90	1
586	157.79	1
587	156.25	1
588	154.05	1
589	152.88	1
590	153.60	1
591	152.71	1
592	151.60	1
593	151.52	1
594	154.16	1
595	155.30	1
596	154.99	1
597	155.93	1
598	158.63	1
