6
1
3
8
96
-6.11842001051993242143318930423 3.93810967067502802464333685062
-1.11329489453895646085064908491e1 1.27946615256241011957972455558e1
-1.15770699427660959269835424492e1 -7.24448031851938081225434122203
-8.19715321741187861407601733297 4.61228146603263758557299158230
-1.05974143202666276563775685597e1 6.82100603538748769589898044283
3.01516767202258549851987545805e-170 -3.14713142967572444125675935077e-172
52
-6.118420010520339e+00 3.938109670675314e+00
-1.113294894539033e+01 1.279466152562502e+01
-1.157706994276712e+01 -7.244480318519861e+00
-8.197153217412339e+00 4.612281466033044e+00
-1.059741432026726e+01 6.821006035388074e+00
-6.713252975471377e-14 -2.856273492523376e-14
1.186788619234615e+01
0
8.569716179628578e-02
0.000000000000000e+00
10
1
0
0
96
4.50581631657815981012302864696e-1 3.61999316961096705366875488877e-1
7.24107259424383691460968161201e-1 9.35307114215198366912180855537e-1
1.70364589742992771339381633202e-1 3.62317495242792275391840331177e-1
9.46134594857395011999144052136e-1 -6.08664457322476499507595556342e-1
3.14247120279185619847803963146e-174 -3.47609832472622743420968179622e-174
-7.80430278988622576900534944472e-1 -6.27001209281849527827350817005e-1
52
4.505816316578167e-01 3.619993169610941e-01
7.241072594243836e-01 9.353071142151999e-01
1.703645897429828e-01 3.623174952428025e-01
9.461345948574016e-01 -6.086644573224890e-01
6.655046045114894e-15 -2.915993930885096e-15
-7.804302789886346e-01 -6.270012092818439e-01
7.964172972644453e+00
0
1.261455670579214e-01
0.000000000000000e+00
10
1
1
0
96
7.47429775523943631962044451712e-1 6.12861823123497814595735108914e-1
5.91553755508627876683338540296e-2 -1.44260374506736662156374364407e-1
-6.56580332260266219842900280803e-1 -1.12923115479307123236370486656
1.05467080459224372068022994412 -2.60579902373885260707359321962e-1
4.56593072624060120444772612352e-175 1.26555554084904987094627564884e-174
-1.29458634629727124336425789663 -1.06150781566918882567807134208
52
7.474297755239436e-01 6.128618231234978e-01
5.915537555086283e-02 -1.442603745067364e-01
-6.565803322602661e-01 -1.129231154793071e+00
1.054670804592244e+00 -2.605799023738852e-01
-1.087398600843427e-16 -5.220986374810545e-17
-1.294586346297271e+00 -1.061507815669189e+00
7.880151070382078e+01
0
1.269242377266759e-02
0.000000000000000e+00
10
1
1
0
96
-6.75610026790732763847914325345e-1 -7.13876918492073380710387502302e-1
6.61493190835256623881327737649e-2 1.06189832979717550844473614705
2.42948874352656793793166176447 5.74641040454114949051162384382e-1
-2.13349150865084149108953210596e-1 -2.16959769200061710211867214683
-1.17019089250451950726483800157 -1.23647109317897729146612902236
2.94688174265014442230885265013e-175 9.04986803443201707159716530506e-177
52
-6.756100267915531e-01 -7.138769184920704e-01
6.614931908305545e-02 1.061898329796099e+00
2.429488743527530e+00 5.746410404527800e-01
-2.133491508665516e-01 -2.169597692001769e+00
-1.170190892505274e+00 -1.236471093179803e+00
-1.623981288379560e-13 4.615815745857247e-13
9.201538866463146e+00
0
1.100736091542129e-01
0.000000000000000e+00
10
1
0
0
96
-5.56522397085745271037201149364e-1 -9.92545889457528246975197247213e-1
1.49439064016538901955105863898 2.55843439669114417488037360127
1.64607326487718041875347968851 1.30285079979540647671021813547
2.62386728030892531297407796693 -2.06394367145863759277973378559
2.68426148683686351730681596810e-107 2.87657471969279849745728521232e-107
-9.63925067302532499937963538771e-1 -1.71913990938408141169507630679
52
-5.565223970857245e-01 -9.925458894575294e-01
1.494390640165353e+00 2.558434396691119e+00
1.646073264877183e+00 1.302850799795441e+00
2.623867280308875e+00 -2.063943671458634e+00
-1.046293624960977e-14 -3.467502696209712e-14
-9.639250673025042e-01 -1.719139909384021e+00
6.647536040698627e+00
0
1.510772145875560e-01
0.000000000000000e+00
10
1
2
0
96
3.61704634075225382225704519938e-1 2.96968102672536159687543890488e-1
1.42656712294662990390248360573e-1 5.86029871958780091606935380523e-1
8.89619434592057375043816757010e-1 2.82753198777681659113126659911e-1
-1.87860143528709394966250454132e-1 -5.03114275309237457585928939769e-1
-6.26490803551399375279964529663e-1 -5.14363842056163522635824438639e-1
9.33611454366615688322947144451e-175 7.75759390729532971339764089808e-175
52
3.617046340753132e-01 2.969681026724505e-01
1.426567122945323e-01 5.860298719585839e-01
8.896194345920059e-01 2.827531987777278e-01
-1.878601435286708e-01 -5.031142753093678e-01
-6.264908035513436e-01 -5.143638420563287e-01
-8.682912767955573e-14 1.033788313555794e-13
8.398773273918806e+00
0
1.211825163209003e-01
0.000000000000000e+00
10
1
3
0
96
7.78688059484154048857378365975e-1 4.40464599195179190492936438933e-1
-1.91291719651715024312435942989 -5.89607451838974639785825730826e-1
-3.53912395970011026902909165174e-1 -1.53341771173133576626368484017
-8.32248105707363639489230510774e-1 3.58820491240728203767051402846e-1
-1.34872728227377097981722432654 -7.62907064741511976487702244791e-1
-2.32933703667956952819938008421e-175 1.32561367871783872903198678914e-175
52
7.786880594776544e-01 4.404645991883399e-01
-1.912917196495878e+00 -5.896074518575900e-01
-3.539123959195217e-01 -1.533417711714110e+00
-8.322481057271598e-01 3.588204912136029e-01
-1.348727282272005e+00 -7.629070647660672e-01
1.167145369266557e-11 1.887792704371043e-11
7.083849841607290e+00
0
1.566911236808933e-01
0.000000000000000e+00
10
1
3
0
96
1.12635432045238255634897448124 3.34394212205755286754837711180
2.56366908114261586603587070850 2.53380843025920925077547317464
1.56833995432245326498530407487e-1 6.23776919670106173507481493797
-5.41193411792408861446511623089 6.85092770640898822941838055045e-1
-7.55930113640438940027945058667e-172 1.02002245225027409646897468655e-171
1.95090291034824320916886161345 5.79187765297336968879085699201
52
1.126354320449306e+00 3.343942122060804e+00
2.563669081145342e+00 2.533808430259204e+00
1.568339954215547e-01 6.237769196703827e+00
-5.411934117925195e+00 6.850927706282529e-01
4.687464077664298e-12 -3.303457840215094e-13
1.950902910334393e+00 5.791877652979783e+00
1.551012059147854e+01
0
6.455729076079723e-02
0.000000000000000e+00
10
1
2
0
-1

2
3 0

6
8814713543953127153829839629937888125314107488603782794041673648970291788357120730290723035965708993733079714818680389741227657238559095614714150048629047780519233546781389641127897549277131833211421440127087246146461067298641370927572229328718778457890731518954397581893231614268828211222272983874581838281311/10000000000000000000000000000000000000000000000000000000000000000000000000000000000000000000000000000000000000000000000000000000000000000000000000000000000000000000000000000000000000000000000000000000000000000000000000000000000000000000000000000000000000000000000000000000000000000000000000000000000000000000000 -3585324088414924103612191390232877642540728874768405781653310779163952458440395530429264855830706234307335068902547937654786637076721883964465254331907457084829866884109183442667340569609631835467451740554155401524847479652178685075669885024793760202097828325605494188720186225784222089490688275085367768659907/10000000000000000000000000000000000000000000000000000000000000000000000000000000000000000000000000000000000000000000000000000000000000000000000000000000000000000000000000000000000000000000000000000000000000000000000000000000000000000000000000000000000000000000000000000000000000000000000000000000000000000000000000000000000000000000000000000000000000000000000000000000000000000000000000000000000000000000000000000000000000000000000000000000000000000000000000000000000000000000000000000000000000000000000000000000000000000000000000000000000000000000000000000000000000000000000000000000000000000000000000000000000000000000
3919834818116206405087975096556873405718196985068555088232452948534550956681015946906854892413794152177575069785012970284904539408016051016752189055734924576992213362516740580071452470819018674513428373805220763126129258930208010816896164342829617947587946277823269207024144731106083570507397089397420445512449/50000000000000000000000000000000000000000000000000000000000000000000000000000000000000000000000000000000000000000000000000000000000000000000000000000000000000000000000000000000000000000000000000000000000000000000000000000000000000000000000000000000000000000000000000000000000000000000000000000000000000000000000 3386616185718215195740906190739686594830079810900062924190945190232738204503460471011299815487532749102665600029631775993080108672262660131192594310767781547624222977499055592079924003034836845798250859889598336869204011641457779852948041678736297987104105457664814449963263290835257734324481929262351224478317/50000000000000000000000000000000000000000000000000000000000000000000000000000000000000000000000000000000000000000000000000000000000000000000000000000000000000000000000000000000000000000000000000000000000000000000000000000000000000000000000000000000000000000000000000000000000000000000000000000000000000000000000
-1210635679187578554763962249345938846608773674778190259388220298837023801723157065046144370781491176197612842269746552696750646485403563417475688740507043862160526026841788453028196643015033246973588095598835958528509113703105158357122094033019815899432941778223702283765278797112236790957286026251924152472423/200000000000000000000000000000000000000000000000000000000000000000000000000000000000000000000000000000000000000000000000000000000000000000000000000000000000000000000000000000000000000000000000000000000000000000000000000000000000000000000000000000000000000000000000000000000000000000000000000000000000000000000000 -4899174668069569855231078253239895653960426946043327463235167862757011958327240766624788384923836005157579227462142787019451468639997788478688608071971868689546934223156499133719030564732469059094806189600192972015791477367131778500797494159727094445503988890668994548765590916748103785620528007472850969148921/100000000000000000000000000000000000000000000000000000000000000000000000000000000000000000000000000000000000000000000000000000000000000000000000000000000000000000000000000000000000000000000000000000000000000000000000000000000000000000000000000000000000000000000000000000000000000000000000000000000000000000000000
52043292250557517027777927398956450658578131592463868252209698341536004936038148644201966250640396670917825582926417921878629229954292091701849813078594413550770469937981212339683483775683730238182173917318529033548379763535997480638457119590168615464156711381280939219772692398134025964962395378415775833559/500000000000000000000000000000000000000000000000000000000000000000000000000000000000000000000000000000000000000000000000000000000000000000000000000000000000000000000000000000000000000000000000000000000000000000000000000000000000000000000000000000000000000000000000000000000000000000000000000000000000000000000 -291278039079927466191014816527024882517115733015188709684585201221026853528174999542032671578476358836491660653652148741269458814922667993860498850814375513039965495023514262212553162214917193618977414222236405811550978449205642989150266137696361366227981845358576011214711796364705314696694846900819923737171/2000000000000000000000000000000000000000000000000000000000000000000000000000000000000000000000000000000000000000000000000000000000000000000000000000000000000000000000000000000000000000000000000000000000000000000000000000000000000000000000000000000000000000000000000000000000000000000000000000000000000000000000
-1875558109886840273927338851543345504839145582427858459425345290611511170113259766138287492547636026557987125497237910565048844927305522431435799159201954313798796341688855686625783761770207618428478037687099196599103850033080295293021296947921644695525357951668448239402121352994932244947275250088554375453697/10000000000000000000000000000000000000000000000000000000000000000000000000000000000000000000000000000000000000000000000000000000000000000000000000000000000000000000000000000000000000000000000000000000000000000000000000000000000000000000000000000000000000000000000000000000000000000000000000000000000000000000000 7434224393138513521497417986665993990201744464089360829515089797664512157798591981372898800081576652946813012499887114043329141730887118822879705526785655902325347031949897991499473230682720220072463089359554531301326703785192044023055745023296541076820559614782179338406140454727530839802427334573429986956083/100000000000000000000000000000000000000000000000000000000000000000000000000000000000000000000000000000000000000000000000000000000000000000000000000000000000000000000000000000000000000000000000000000000000000000000000000000000000000000000000000000000000000000000000000000000000000000000000000000000000000000000000
-543798365962095949661162116519452064182486648454339756123722174213395069752062493864386393061009481606096774952278742798492917428401344070930879595054178682866405888435109340685466732015217126387635598609851369934584326932873172232619541856370137658587088376374102942356654536550764059293060434570001333208533/5000000000000000000000000000000000000000000000000000000000000000000000000000000000000000000000000000000000000000000000000000000000000000000000000000000000000000000000000000000000000000000000000000000000000000000000000000000000000000000000000000000000000000000000000000000000000000000000000000000000000000000000 -4102348358271539692119408208512678511070288221043842992163196841887341189803739708349697660801215252779569650866436788323734529210270299083654178991937090896099913475456268598927463427516440688655147338657887215505076381426175402999401228378456745851871202208072181417341363628319542263896555078674487922654311/50000000000000000000000000000000000000000000000000000000000000000000000000000000000000000000000000000000000000000000000000000000000000000000000000000000000000000000000000000000000000000000000000000000000000000000000000000000000000000000000000000000000000000000000000000000000000000000000000000000000000000000000

0 0
2 6
202599091778985234523433077501127907186516821057906266557460791207592400001196120978482369496146810038351515733255041906090132827424414316214828135339134094020236814720543847478005394752382430236018473594700522554533248736611788005148374413491706456815864723879058205814533329326365215878066542697811778420441/500000000000000000000000000000000000000000000000000000000000000000000000000000000000000000000000000000000000000000000000000000000000000000000000000000000000000000000000000000000000000000000000000000000000000000000000000000000000000000000000000000000000000000000000000000000000000000000000000000000000000000000 1319682680084448377097664864879356299330631550319302572920989748187301412980115831857485962246862376679367066385434739087149181009977297468208078187590645439623145030419508523642964207174136745414805986188961548645117229142601548218568160958816614797005677883328829296760086691146315679445178556680274993700439/5000000000000000000000000000000000000000000000000000000000000000000000000000000000000000000000000000000000000000000000000000000000000000000000000000000000000000000000000000000000000000000000000000000000000000000000000000000000000000000000000000000000000000000000000000000000000000000000000000000000000000000000
-4505748580302729538304748726031334389575780036071862343264959730038057952533314809517654338887412866307410465019816443649337545349999352464869673097043900635946189698386073106681714409966371142368730172179173511726072530445563855358509262644521470005921471689697096849369908149639776208502176931340999166775561/10000000000000000000000000000000000000000000000000000000000000000000000000000000000000000000000000000000000000000000000000000000000000000000000000000000000000000000000000000000000000000000000000000000000000000000000000000000000000000000000000000000000000000000000000000000000000000000000000000000000000000000000 -3127418770276966048430872297293582744140827884310097364984814908909795127569988057783499005652590517186631134134069617196319097463841558737170806002013054606099605610932953212397972128835551032813628200794320560131596348331139359677039109477012066433503745998750279208404296755698107221676865007076694097759261/5000000000000000000000000000000000000000000000000000000000000000000000000000000000000000000000000000000000000000000000000000000000000000000000000000000000000000000000000000000000000000000000000000000000000000000000000000000000000000000000000000000000000000000000000000000000000000000000000000000000000000000000
4127782710311669042477324687071584101600692457203022435295053217841992591328306651763882431953858002380415407361774251754582396542805093424642503303398833022365216573754884775807243254816669756715347389896860703093310583679674423376402813954802472716108517789946886830089282341991914718178654633814224265177/9765625000000000000000000000000000000000000000000000000000000000000000000000000000000000000000000000000000000000000000000000000000000000000000000000000000000000000000000000000000000000000000000000000000000000000000000000000000000000000000000000000000000000000000000000000000000000000000000000000000000000000 324975619275657749134911553878462051825943571287109392067878642336092508677291818670364845144473763905491048207648014551704565445466193190410404216976604975454028276264695458081070600405657896740152984074621682099119178314667355125316129554115426086929168505646235825780616627281021254306949695390382693104191/1000000000000000000000000000000000000000000000000000000000000000000000000000000000000000000000000000000000000000000000000000000000000000000000000000000000000000000000000000000000000000000000000000000000000000000000000000000000000000000000000000000000000000000000000000000000000000000000000000000000000000000000
-6483139671213196993740800377786941545213756165504737599598908331586085540820554601165549955790846251393951591264205383226228353647355390701529283864678148491439862839460098171743977766172974348720246926617747088133682604992717980872576339848635170969984486707625343888440868566865434696810506803172611799772339/10000000000000000000000000000000000000000000000000000000000000000000000000000000000000000000000000000000000000000000000000000000000000000000000000000000000000000000000000000000000000000000000000000000000000000000000000000000000000000000000000000000000000000000000000000000000000000000000000000000000000000000000 -97394547548844013506765562721013832711507300590050928488777176223429686606131799246327157325146230969317199841198702926382612057547279770205270710375856899115966795800902185100742511927340979416891884382342534348488956380326097520443656455743759314742005464794548118923637535400958175101527686410360033291001/1562500000000000000000000000000000000000000000000000000000000000000000000000000000000000000000000000000000000000000000000000000000000000000000000000000000000000000000000000000000000000000000000000000000000000000000000000000000000000000000000000000000000000000000000000000000000000000000000000000000000000000000
74195340559616635824553594033783707145142236264548356454858615831920109692995438906835813734013558645103749795180695319088044831724267498601500449516657107594994678118467799288619239918821582870419054850846118189869159089352469470275933797207279779371396144920691043166297748336330438076484210595363761331551/62500000000000000000000000000000000000000000000000000000000000000000000000000000000000000000000000000000000000000000000000000000000000000000000000000000000000000000000000000000000000000000000000000000000000000000000000000000000000000000000000000000000000000000000000000000000000000000000000000000000000000000 -158644681773275072618189243451753479876306911013074029618848194373169160782018684327724675082716823923443399681636914678099735624839576782891117056845651381589967261722082316060882063399332505030607882039571971902650367666501221028810196383020540870914322875112812441613661430608761791590411881182168742863549/62500000000000000000000000000000000000000000000000000000000000000000000000000000000000000000000000000000000000000000000000000000000000000000000000000000000000000000000000000000000000000000000000000000000000000000000000000000000000000000000000000000000000000000000000000000000000000000000000000000000000000000000
-3139603225418384436775558868186799985598115629643076430454699791115218102699220805898532725807233275420883008289372097070009205591381914234597378311658654146352367076546303692396910640359446312772786950785285097055827954173084931089390257318542389470057316212944886199080168641251001185891217325229387172149261/10000000000000000000000000000000000000000000000000000000000000000000000000000000000000000000000000000000000000000000000000000000000000000000000000000000000000000000000000000000000000000000000000000000000000000000000000000000000000000000000000000000000000000000000000000000000000000000000000000000000000000000000 1694679765072363532196727064730339763434894216666832468984104928806983309438282895183871696393510663685793513457889064355750480472200278405437383685658320128691911303652758312187503338693251454996576068848149094879606979098614593360729272435759342351598624123350575084148175193944749100767627521255801264026211/10000000000000000000000000000000000000000000000000000000000000000000000000000000000000000000000000000000000000000000000000000000000000000000000000000000000000000000000000000000000000000000000000000000000000000000000000000000000000000000000000000000000000000000000000000000000000000000000000000000000000000000000
6467297957707379179311169074608194619750366953110582085917670565610108726042154618314671943842510916771385571406533098116149993072924721352002961432352620451757341976054162838731127679702291601071253602770010044235002574067182199744838758550769344612384916980341860103771851201115181175541836588863146367780553/10000000000000000000000000000000000000000000000000000000000000000000000000000000000000000000000000000000000000000000000000000000000000000000000000000000000000000000000000000000000000000000000000000000000000000000000000000000000000000000000000000000000000000000000000000000000000000000000000000000000000000000000 311876813242879694067721082547987389406079016812604636538706783440865715098229500385123426514803220092468891373453656429433890872937970605740394063374948893983098171271794245618738847930745544585840993426271574504283275614620692517402823068549523429130660662856990029878339978554453655002943898312842370931919/1000000000000000000000000000000000000000000000000000000000000000000000000000000000000000000000000000000000000000000000000000000000000000000000000000000000000000000000000000000000000000000000000000000000000000000000000000000000000000000000000000000000000000000000000000000000000000000000000000000000000000000000
881797301703584888836838010582435188879471803322800619388463759574603773346646532089934898967781598677866867946044431422980945785171951404242361500350494878761623527721782693243959393714625879816379697019104384339425913194354712539686216404173529806835650043584487358247297831666381890505896887468170971181047/1250000000000000000000000000000000000000000000000000000000000000000000000000000000000000000000000000000000000000000000000000000000000000000000000000000000000000000000000000000000000000000000000000000000000000000000000000000000000000000000000000000000000000000000000000000000000000000000000000000000000000000000 -549394747415018918317894383218239171790825455602135464722603153783436895135677160468025138962060648507695726639642269602292677717010837344265132822897940921621781833676345740233209922230030105980986913649618324279973012552185731656723400081093336299457051536093407412165485155844846215660166546483947697192679/5000000000000000000000000000000000000000000000000000000000000000000000000000000000000000000000000000000000000000000000000000000000000000000000000000000000000000000000000000000000000000000000000000000000000000000000000000000000000000000000000000000000000000000000000000000000000000000000000000000000000000000000
-1494482227719106029904875247039558861134000219848060740399918993429614541842766637237936035782237172577277642127261345630214275890155463297521712736402449085541569838700407460774599290675130214127534497884531663105688126644853564886404164191068374017603888968818213656870144852040420475791953591929782509286277/1000000000000000000000000000000000000000000000000000000000000000000000000000000000000000000000000000000000000000000000000000000000000000000000000000000000000000000000000000000000000000000000000000000000000000000000000000000000000000000000000000000000000000000000000000000000000000000000000000000000000000000000 3832334853027676182976798884162938076916825772950374063746272332038475112680734809504983213554653810484775877546683782602653238804719727772913020569764640372388190590017710821795110078723121365738805695309743532011971395075791168256591628434752463686122913595452103586906895709883845609942367975079417317684057/50000000000000000000000000000000000000000000000000000000000000000000000000000000000000000000000000000000000000000000000000000000000000000000000000000000000000000000000000000000000000000000000000000000000000000000000000000000000000000000000000000000000000000000000000000000000000000000000000000000000000000000000
-9235331239405636001172046920428274562682041899353069304990639616996745502808520839968585285627747882738760641360540849631214528803040173703594887922936317663994047227423130371277435092803596295620781192427606191932941479434537963663113989398855818773064105048023496891106729397764996430187144084561507549020239/10000000000000000000000000000000000000000000000000000000000000000000000000000000000000000000000000000000000000000000000000000000000000000000000000000000000000000000000000000000000000000000000000000000000000000000000000000000000000000000000000000000000000000000000000000000000000000000000000000000000000000000000 1398900067187177783964456355231880112121993535531268226576614151735353595909899014925925335581980847600570084342321258867831627763705118516801444709771967715555486798033857069124681764627542320958372677220121397585676487711157618432854283318604989756338967174102179589587923590662333727103978866066461198582719/1000000000000000000000000000000000000000000000000000000000000000000000000000000000000000000000000000000000000000000000000000000000000000000000000000000000000000000000000000000000000000000000000000000000000000000000000000000000000000000000000000000000000000000000000000000000000000000000000000000000000000000000
2708410419633450681048022976712927606779313233925025096568148583511909694988206613026851794850294060261675828091592471221488752562513123126797267682233292647814986630370385501813183745179071692449967054994358306017746090586289705806456432694771434784305219822964985546170070811896925295945892279325208148708851/10000000000000000000000000000000000000000000000000000000000000000000000000000000000000000000000000000000000000000000000000000000000000000000000000000000000000000000000000000000000000000000000000000000000000000000000000000000000000000000000000000000000000000000000000000000000000000000000000000000000000000000000 3278173739965944379474010022946381076905953897361128194629604329334415424273688320775894248355638453404115827752527642996188397595003925163197476428724060808283903275951157027363355016822280855306489980509292606101753505108537336189409952589788522644711427478198021128278998009175645141312819827102116704464789/5000000000000000000000000000000000000000000000000000000000000000000000000000000000000000000000000000000000000000000000000000000000000000000000000000000000000000000000000000000000000000000000000000000000000000000000000000000000000000000000000000000000000000000000000000000000000000000000000000000000000000000000
1826057128150600829793840935615455552834419525088542029917763747053056515829734294260853542975999558675097610057324148410025887465382594697298029432301526272582633678258987431499777003736523335506009251858194456834542087092019111072529844754155432729324838609757042349166920465475971814194246829705998632628107/1000000000000000000000000000000000000000000000000000000000000000000000000000000000000000000000000000000000000000000000000000000000000000000000000000000000000000000000000000000000000000000000000000000000000000000000000000000000000000000000000000000000000000000000000000000000000000000000000000000000000000000000 373892761448314904498964798370683355172790590236488435014115705994304885154467741375823074528982581263079053896416690105455029211524277555955959415869145609461129139859870857887610833659435055155166670500355782827474925241330380622803088738464850678436980843722176882466625221405517728079414343194468547233851/250000000000000000000000000000000000000000000000000000000000000000000000000000000000000000000000000000000000000000000000000000000000000000000000000000000000000000000000000000000000000000000000000000000000000000000000000000000000000000000000000000000000000000000000000000000000000000000000000000000000000000000

6
1314869279442794724394101559138825384693843834972143959031123584245644579582361506595389440134185916755493506361634532566602018941150503274388764277943669716508340367176345810651817493055152566250199142787845013152443392455971390968794769373021807163258250799979908163815126792986460666925688870234701903115163/2500000000000000000000000000000000000000000000000000000000000000000000000000000000000000000000000000000000000000000000000000000000000000000000000000000000000000000000000000000000000000000000000000000000000000000000000000000000000000000000000000000000000000000000000000000000000000000000000000000000000000000000 -5173549140287000423146875013531782686147765930110055071634032718012230876401075072586591783190889346559405157163194793745513405682755024917129655854612874293718977083038560778777439491672350131675173118445862303458232359990618995854635835117344601890165853076888360195046171661804840351493950494548126171655109/10000000000000000000000000000000000000000000000000000000000000000000000000000000000000000000000000000000000000000000000000000000000000000000000000000000000000000000000000000000000000000000000000000000000000000000000000000000000000000000000000000000000000000000000000000000000000000000000000000000000000000000000
-1885555691878134330658880716376912188481957632800394668235747322246560092869606516837383609778526440123839355916688698576267628217588717207426792650297569371400519233598321238151645270687637213884006032899010515059209267875488142149938728406840577633237144935182143213078136744015850514880738854160040869737179/10000000000000000000000000000000000000000000000000000000000000000000000000000000000000000000000000000000000000000000000000000000000000000000000000000000000000000000000000000000000000000000000000000000000000000000000000000000000000000000000000000000000000000000000000000000000000000000000000000000000000000000000 -2026248179741765897909185721743661581151351330007563921025166926949480982210953035039324598773996863980206836722455576654478705110805333181852298079728775187526129960287133592463037587124852329208084169499568757854574418571922797234379545800894246540972291511112169660477439149761967558776314893225200943186073/10000000000000000000000000000000000000000000000000000000000000000000000000000000000000000000000000000000000000000000000000000000000000000000000000000000000000000000000000000000000000000000000000000000000000000000000000000000000000000000000000000000000000000000000000000000000000000000000000000000000000000000000
1792211708211844245539658269849000633835342195441118484845287396216061347788078976956855093078157908553639419913233195700300981256958281959353565556731125722176339838085878456278163836104549467918349443632419628544305539740201791018971695844043471881481962001671543616933717852046924584677768251563490018907179/5000000000000000000000000000000000000000000000000000000000000000000000000000000000000000000000000000000000000000000000000000000000000000000000000000000000000000000000000000000000000000000000000000000000000000000000000000000000000000000000000000000000000000000000000000000000000000000000000000000000000000000000 -303753012991398209301556202073149616759162652892217787463467924499154818461240590775999497642454678290079494564270236548363294581377223658529582138468548066088494825846094579763601854679880781171961484098777685269910805085123261445928299359937471782993182652550596989378734318594381892766133652444353559534273/62500000000000000000000000000000000000000000000000000000000000000000000000000000000000000000000000000000000000000000000000000000000000000000000000000000000000000000000000000000000000000000000000000000000000000000000000000000000000000000000000000000000000000000000000000000000000000000000000000000000000000000000
1660716857997404377305880899791798376951522978445351262763822699699592900426708251781536238272699761254783045910140884074655383096574875454577686244595911134006044983774852463583875588616152967534303631132429287473501305918985018977115671108989782924658884161825579976233693064294301768227135892544753600098241/10000000000000000000000000000000000000000000000000000000000000000000000000000000000000000000000000000000000000000000000000000000000000000000000000000000000000000000000000000000000000000000000000000000000000000000000000000000000000000000000000000000000000000000000000000000000000000000000000000000000000000000000 706848692148604386673820603127141978117717355479530442761910859511775732048004689867305903790153676009956683830176148111519074980878349327483258494181207984166930833654766067991673109186780099176581788825351064543500705871086638704301161157518029558930174237474470081018480171629759097727983704732368889543671/5000000000000000000000000000000000000000000000000000000000000000000000000000000000000000000000000000000000000000000000000000000000000000000000000000000000000000000000000000000000000000000000000000000000000000000000000000000000000000000000000000000000000000000000000000000000000000000000000000000000000000000000
-3381972056030903676973033843432262627671655351733377613397219690845220410516406389654822217601116480910807039496257045939737336755932833609680324648285219198322674620295938288659559551259754467373301192789226535802709864268473695887143378774048506383595306309161195929657821628657546528093453877617394547693513/10000000000000000000000000000000000000000000000000000000000000000000000000000000000000000000000000000000000000000000000000000000000000000000000000000000000000000000000000000000000000000000000000000000000000000000000000000000000000000000000000000000000000000000000000000000000000000000000000000000000000000000000 -94496579083027680862053539753796753074651138557424871942170130450568095255955516318643576100941737990930797152125345126146831439971692814418394700857389787648135790526601641958470651209892376347803517153114725623152510137608495834424588204375303195566664519896777057594003915627268405506649179382940650475203/6250000000000000000000000000000000000000000000000000000000000000000000000000000000000000000000000000000000000000000000000000000000000000000000000000000000000000000000000000000000000000000000000000000000000000000000000000000000000000000000000000000000000000000000000000000000000000000000000000000000000000000000
-741171189154296903035332583107356012450119531550094852581243066806324322971633445027768372824580122417758333286977539529117990949171070152720218494475984671070682915047067635895914895085048766885996909032816630479522901758762592688168619860740716800621206480608354258879260811699758030574795400431497245485143/2500000000000000000000000000000000000000000000000000000000000000000000000000000000000000000000000000000000000000000000000000000000000000000000000000000000000000000000000000000000000000000000000000000000000000000000000000000000000000000000000000000000000000000000000000000000000000000000000000000000000000000000 -145724613167721071703914182999535550725182051623612692043632891076108488853484605000879676216269462242771408886565038715202596928044616603498506143943522052000612006788535021687427616118171282390723463800730873536377325462675565862903010003573896582300852632792798122790774220126121383793140203031206034561963/6250000000000000000000000000000000000000000000000000000000000000000000000000000000000000000000000000000000000000000000000000000000000000000000000000000000000000000000000000000000000000000000000000000000000000000000000000000000000000000000000000000000000000000000000000000000000000000000000000000000000000000000

