     n    m        integral          rel error    err const

     1    2   0.76090037369184D+01   0.4115E+00   0.2810D+01
     2    4   0.12820104334736D+02   0.8442E-02   0.3754D-01
     3    6   0.12927897586232D+02   0.1051E-03   0.3170D-03
     4    8   0.12929249074785D+02   0.6014E-06   0.1432D-05
     5   10   0.12929256953344D+02   0.7993E-08   0.4018D-08
     6   12   0.12929256859428D+02   0.7289E-09   0.7674D-11
     7   14   0.12929256850633D+02   0.4870E-10   0.1061D-13
     8   16   0.12929256850045D+02   0.3243E-11   0.1112D-16
     9   18   0.12929256850005D+02   0.1870E-12   0.9128D-20
    10   20   0.12929256850003D+02   0.2446E-13   0.6029D-23
