

     n    m        integral          rel error    err const

     1    2   0.75464569543048D+01   0.1642E-01   0.1204D-01  om= 0.100
     2    4   0.76676611672816D+01   0.6258E-03   0.4843D-04
     3    6   0.76723634334878D+01   0.1292E-04   0.8441D-07
     4    8   0.76724613152951D+01   0.1657E-06   0.8250D-10
     5   10   0.76724625749979D+01   0.1482E-08   0.5157D-13
     6   12   0.76724625862945D+01   0.9915E-11   0.2238D-16
     7   14   0.76724625863702D+01   0.5800E-13   0.7136D-20
     8   16   0.76724625863705D+01   0.6714E-14   0.1742D-23
     9   18   0.76724625863706D+01   0.3820E-14   0.3360D-27
    10   20   0.76724625863705D+01   0.7525E-14   0.5249D-31


     1    2   0.24850912542716D+01   0.2665E-01   0.3101D-01  om= 0.500
     2    4   0.25505961352628D+01   0.9953E-03   0.1217D-03
     3    6   0.25530853848234D+01   0.2028E-04   0.2113D-06
     4    8   0.25531364985082D+01   0.2581E-06   0.2062D-09
     5   10   0.25531371515746D+01   0.2298E-08   0.1289D-12
     6   12   0.25531371574028D+01   0.1530E-10   0.5591D-16
     7   14   0.25531371574417D+01   0.7775E-13   0.1782D-19
     8   16   0.25531371574419D+01   0.1218E-14   0.4350D-23
     9   18   0.25531371574419D+01   0.1044E-14   0.8390D-27
    10   20   0.25531371574419D+01   0.1913E-14   0.1311D-30


     1    2   0.14335383524051D+01   0.3039E-01   0.4022D-01  om= 1.000
     2    4   0.14768045526316D+01   0.1125E-02   0.1563D-03
     3    6   0.14784335049727D+01   0.2279E-04   0.2709D-06
     4    8   0.14784667785431D+01   0.2893E-06   0.2643D-09
     5   10   0.14784672025085D+01   0.2572E-08   0.1651D-12
     6   12   0.14784672062853D+01   0.1712E-10   0.7162D-16
     7   14   0.14784672063104D+01   0.1023E-12   0.2283D-19
     8   16   0.14784672063106D+01   0.1036E-13   0.5572D-23
     9   18   0.14784672063106D+01   0.1141E-13   0.1075D-26
    10   20   0.14784672063106D+01   0.1111E-13   0.1679D-30


     1    2   0.79062183660300D+00   0.3313E-01   0.4783D-01  om= 1.999
     2    4   0.81671889752784D+00   0.1217E-02   0.1844D-03
     3    6   0.81769408432290D+00   0.2457E-04   0.3193D-06
     4    8   0.81771392471853D+00   0.3113E-06   0.3114D-09
     5   10   0.81771417700064D+00   0.2763E-08   0.1944D-12
     6   12   0.81771417924499D+00   0.1835E-10   0.8434D-16
     7   14   0.81771417925993D+00   0.9015E-13   0.2688D-19
     8   16   0.81771417926000D+00   0.5974E-14   0.6561D-23
     9   18   0.81771417926000D+00   0.4752E-14   0.1265D-26
    10   20   0.81771417926000D+00   0.4752E-14   0.1977D-30


     1    2   0.79027050508127D+00   0.3313E-01   0.4783D-01  om= 2.000
     2    4   0.81635728109842D+00   0.1217E-02   0.1844D-03
     3    6   0.81733207910043D+00   0.2458E-04   0.3193D-06
     4    8   0.81735191153903D+00   0.3113E-06   0.3114D-09
     5   10   0.81735216371965D+00   0.2763E-08   0.1945D-12
     6   12   0.81735216596310D+00   0.1837E-10   0.8435D-16
     7   14   0.81735216597803D+00   0.1009E-12   0.2689D-19
     8   16   0.81735216597811D+00   0.4618E-14   0.6562D-23
     9   18   0.81735216597811D+00   0.4347E-14   0.1265D-26
    10   20   0.81735216597810D+00   0.6520E-14   0.1977D-30


     1    2   0.54782395490603D+00   0.3427E-01   0.5121D-01  om= 3.000
     2    4   0.56655256475675D+00   0.1255E-02   0.1968D-03
     3    6   0.56725009686416D+00   0.2530E-04   0.3405D-06
     4    8   0.56726426433430D+00   0.3201E-06   0.3320D-09
     5   10   0.56726444432504D+00   0.2840E-08   0.2073D-12
     6   12   0.56726444592537D+00   0.1887E-10   0.8993D-16
     7   14   0.56726444593601D+00   0.1057E-12   0.2867D-19
     8   16   0.56726444593607D+00   0.6067E-14   0.6996D-23
     9   18   0.56726444593607D+00   0.6263E-14   0.1349D-26
    10   20   0.56726444593607D+00   0.6850E-14   0.2108D-30


     1    2   0.54765642732475D+00   0.3427E-01   0.5121D-01  om= 3.001
     2    4   0.56637976755518D+00   0.1255E-02   0.1968D-03
     3    6   0.56707710173669D+00   0.2530E-04   0.3405D-06
     4    8   0.56709126516970D+00   0.3201E-06   0.3321D-09
     5   10   0.56709144510904D+00   0.2840E-08   0.2073D-12
     6   12   0.56709144670891D+00   0.1887E-10   0.8994D-16
     7   14   0.56709144671955D+00   0.1010E-12   0.2867D-19
     8   16   0.56709144671961D+00   0.2545E-14   0.6996D-23
     9   18   0.56709144671961D+00   0.1175E-14   0.1349D-26
    10   20   0.56709144671961D+00   0.2545E-14   0.2108D-30


     1    2   0.16686705970311D+00   0.3618E-01   0.5719D-01  om=10.500
     2    4   0.17290250057023D+00   0.1317E-02   0.2186D-03
     3    6   0.17312598211460D+00   0.2648E-04   0.3778D-06
     4    8   0.17313050811304D+00   0.3346E-06   0.3682D-09
     5   10   0.17313056552844D+00   0.2965E-08   0.2299D-12
     6   12   0.17313056603844D+00   0.1966E-10   0.9971D-16
     7   14   0.17313056604183D+00   0.8385E-13   0.3178D-19
     8   16   0.17313056604184D+00   0.1812E-13   0.7756D-23
     9   18   0.17313056604184D+00   0.1924E-13   0.1496D-26
    10   20   0.17313056604184D+00   0.1683E-13   0.2336D-30


     1    2   0.35849757449253D-01   0.3687E-01   0.5945D-01  om=50.000
     2    4   0.37172220145055D-01   0.1340E-02   0.2267D-03
     3    6   0.37221081183120D-01   0.2690E-04   0.3917D-06
     4    8   0.37222069673182D-01   0.3397E-06   0.3818D-09
     5   10   0.37222082206027D-01   0.3010E-08   0.2384D-12
     6   12   0.37222082317311D-01   0.1997E-10   0.1034D-15
     7   14   0.37222082318050D-01   0.1016E-12   0.3295D-19
     8   16   0.37222082318054D-01   0.1864E-14   0.8041D-23
     9   18   0.37222082318054D-01   0.9321E-15   0.1551D-26
    10   20   0.37222082318054D-01   0.7457E-15   0.2422D-30


