18                                               

-0.5807060415514798553486609553471686761302e1 -0.2094370974560729455778400070291838087101e0
-0.2138910891451027468217887932636275730252e1 0.2216865295351563026883938439140403221432e0
0.1674539372610220936628962130053881142371e1 -0.1868212269634516683950105840411777972595e1
-0.1256901073192212621011620851197137271688e1 0.6479983590296032558254684408162421089431e0
0.4116025323036473825194906336357178082909e0 -0.4156812560193849616173050683710473169519e0
0.1100428279122810194904163789405235376379e1 -0.2614330187435508031290143233531845853210e0
0.8700967423600709059100289181612846682725e0 -0.3857134006546588004074303373443914918172e0
-0.1536816490998997984195613928335330803672e1 -0.1936941248446109804030890485352284378431e0
0.4791768440466414217823268405352839095322e0 0.3517303752413326766749405108922938042335e0
-0.1449855019235987216855911117508465876288e1 -0.5320725103506630369447990952962625436263e0
0.4076062745565466100743177716948479617080e1 0.2769489723105333151192624462714769574343e0
-0.2335146899861573149090217783997561642875e1 -0.1864459809802272600402219858066668185797e1

-0.3925985809217130439184643148693874020307e0 0.1594954672151573890429293509184247922717e1
-0.1221717839661099228295158968468728112247e1 -0.2082518063333718579274001133040383158651e0
-0.2045507226124246579976623571495922741682e0 -0.2288951738134128881625082553953139490508e0
0.3363616346166174255235583261073819806259e0 -0.7225162934139757058538441819567124952327e0
-0.8579217785495971092358419751849292762361e0 -0.3917270669241247545878644810057867111497e0
-0.1667604161309999191046410317073557187063e1 0.2327935405290084665577741202116360348380e1
0.7365233358382367920309506979189233639542e0 0.1320752939322508637135397687078651150347e1
0.1666452619610438754909372815114003686867e1 -0.1093193285220691422674389493287406980364e1
-0.4185502095014895033675228557255043944159e0 -0.5538462899046893929269221536999671063079e0
-0.1642031653677809900969962443593877382721e0 -0.7889391629281105661365816282826406392308e0
0.1997014334092201683348264394591793780545e0 0.6300108414017746348270211877116146588212e0
0.5339673075709351035302643978322282669536e0 0.1145483068746536261241919495501511402143e1

-0.6879232352454813221479069295685158950436e0 0.1479233240389832489133112937291253783118e0
-0.5272959313959344568490491830883111158667e0 0.3477871944045475257081111515691416582518e0
-0.4370496525206401148540055160461440521626e0 -0.1490693036012159730788570314178634327430e1
-0.6203868364067102966281724107324293359326e0 -0.4682343650825786948120358912887562282912e0
-0.1052381043526355385113090075830127941334e1 -0.1505724778719990586093068067405318980813e1
0.5892403289581867115314267203885448318345e0 -0.8492699663272469310893152404439010300625e-1
0.6921054415454131606754497901889033843179e0 -0.6772682312758981314834230336111652946283e0
0.9713756437039202190825612622430418018395e0 0.3301868769233923148842978118960534143526e-1
0.3163280422777062755439987555268693043626e-1 -0.4792163838857286728348216470040279662839e-1
0.9597269550839989221486282216477748166077e0 -0.4342219718310557119891170671146427278156e-1
-0.2315297691701366707306293960989546530240e1 0.2949966772992829321523120858063357419565e0
-0.3225881525363627281752793444240011378031e0 0.1278719615431930283189852201937609702487e-1

-0.9035988040324593175113404244985519216866e0 0.4968533371901388686287551145277639612939e0
-0.7738950838929148744502964469091401930955e0 -0.1382382825147465460649783899298763051217e0
-0.2954429213227741478676969239618486477313e0 -0.4439076373445118294749800980780205412620e0
0.4443943407050864694095203074375440614681e0 -0.1196129464250939691768182665962830510723e1
0.2777843131314642979736987008107899318439e0 -0.5074352328108464178440854573528813603995e-1
-0.5900028342901103486625938463724977315189e0 0.2294215575979316302645768348212910835895e0
0.1278685209941442120388687321059118232751e1 -0.1305018104571149263343216451537110072764e-1
0.1783261688087107606831600147716258512126e1 -0.1062068748528886871225960938976561166856e1
0.4464944828282131089712375038855107122924e0 -0.7412510488636038324696126861978621790811e0
0.1613997759872507278171479336027814870339e1 -0.8842803610149814247828182517070014750558e0
-0.1700139518978541030858389208904741326905e1 0.5665305003787549067978988359110268086028e1
0.8751936305012929465152279218250655792612e0 0.5459074249253941474714163983387179801509e1

-0.1344731152715139138797320081526985915973e1 -0.1358493367942532169586902208932573655150e1
-0.1172397285127566856108350031317013636787e1 0.5099212641647977154406594535478972313351e0
0.2897063274174982185764898455782488692236e1 0.4237740609803497331068548955644603561307e1
-0.4578793518132505296556371579921457282546e0 -0.2357851013902149033759674047017753542871e-1
0.7326328428056593865730098146919538273691e-2 -0.1647471328919173266806855494418622145793e0
0.1089368921335557968650981023323140228884e1 -0.4847971299169862007396886715210939881922e-1
-0.7909371400355855449206599807551742837350e-1 -0.7120611268348237320642479833228627870697e0
0.2074069761475148910695974355684954678876e-1 0.1281765867199927246204654413402964314271e1
0.3427452805060809462789840160207634170924e0 -0.4791568402963656296924874739022566589638e0
-0.4523376694134783789310012760476020316792e-1 0.5863660596257718836692890142018203382810e0
0.6920943171588685159637042491337564077337e0 -0.9380149189249459714590607143592064208141e0
-0.6167584318674053050905571766934349114655e0 0.4631266366908304911840502214551613627375e0

-0.6011809292242962572963663711425113935649e0 -0.1024028166852069309382851502757341814806e1
-0.1486541955310278091376111834106978932775e1 0.8620768393515301999204821103144422679863e0
0.9688427379229899974926177683318768129076e0 -0.3257850651091286201060335778932713198228e0
0.6288017768099581456603970326536947844594e0 0.5599469697447762229210812995579125120990e-1
-0.4554572608989025160560447681416950234622e0 -0.7568586077562566717052983831906223132864e0
0.1057373878585117983185629751571551479757e1 -0.3546001421669744253453227802081688609638e0
-0.1722708387866761734124679385390874797758e0 0.9105735208085272446887699065509280243843e0
0.1313824347256450376711663054898211798069e1 -0.1251380913637841934394440626390634341767e1
-0.7278818615816444858335825880173627907110e0 -0.7924231890790645773683110872687981849807e-1
0.5419556287947444345437820047571811739134e-2 -0.1207602689417329977699316205886805027231e1
-0.7407769118054273305885013121296547130044e0 -0.5404388838838403791800389984661946641496e0
0.4948222091479823357905730207558466334733e0 0.9359128439969978694941528680088809697176e0

-0.2197506531726692398430929551142328561974e0 -0.2098048914398720398475998988990346734235e0
-0.1119290102589172386875487529145965932838e1 0.1955773218570600089017027165112663167311e0
0.3640373298776171264625547841965481770578e0 -0.9156265280292588520363608000197146577569e-1
0.4611163667784647304596464959779933869085e0 0.3220539124700935654315368204867643133962e0
-0.1520066217747117788664151332904204890592e0 -0.3064228833462574121937834388856467809430e0
0.3492212755791424828399520538315308898450e1 0.2425972154695719602498528301964407892914e1
-0.2282101691807429286683923565102905072738e0 0.1260780420784954259282925896134483756545e1
0.1828788365484252716246495618446967588374e1 -0.1403654325688198410355012809676655218078e1
-0.1502741601314070038298362395374997481684e1 -0.9051831940812885046315452179045814461781e0
0.4984946086453814050169885862917815438423e0 -0.1319906675100025963485426834745332276137e1
-0.5725828335531831538283208666050092105127e0 -0.6187659954476587415250496250850957288451e0
-0.5190028189044567781805638364789682805684e0 0.1162815571073699767493867457189644536620e1

-0.9600763120944761496597012564940105780812e0 -0.3007370136958026836975241061662669686088e0
-0.3238499862332619598375871913944763063168e0 0.5799129343398455359583652922027369422950e0
0.5400527770998548080784526597474688506992e0 -0.2251878523951254312844842477724273772333e1
-0.4318810661042028864599826422813373686967e-1 -0.6233303820054658398542473081624301514347e0
-0.9605291021744181389518158553839091854732e0 0.1414651420858256980868492247840729164940e0
0.5411403761162973806288521753269614678763e0 -0.3789141076156747253240243492910096434026e0
0.4604254777637657872283238115568823308455e0 -0.1265728439627631343949170967247078418020e0
0.5081742970539583093047158996714824475904e0 -0.2903476536627926352835093363848824907649e-1
-0.1481366366003502539051391308200957842522e0 -0.7299999319182142021956160749443292201480e-1
0.3116433725533048424554906230985758258767e0 0.1280031574817879905493646754390499772707e0
-0.4655680093782734505910368984659543318752e0 -0.8140781014103202955983472447470145252280e0
0.3381527426520396274134089445768277124752e-1 -0.8875683080489893571726037912450116742957e-1

-0.2059387151992976304339430710799133911986e0 -0.4780758266292301624833700660004490619373e0
-0.9395230609021448719148294004663847495679e0 0.8176578897261743571146805688976721233505e0
0.3951577828254885187763689191867033791805e0 -0.1050359134664121923747346738499331305312e1
0.9662761045333410278547725982466479144412e0 -0.1754331371300487104596072605195139737864e1
-0.2724866309533016057749632581594308688977e1 -0.1900564439651853735585438576104140685386e1
0.9621364698216715590402891145856994984070e0 -0.1919316366281878251872208153942625753552e0
-0.1345809387454160350680015776205741623038e0 -0.2517045985564980688728184789194944459910e0
0.3686777252751752873149593292781801677408e0 -0.1867035470997330061567044704832863760566e0
-0.1229141292819224689349097273917483924378e0 0.1199379286862212447629219439007616703605e-2
-0.8386466888075543374158633100603367083310e-1 -0.6564173793990912491569509148356395614805e0
-0.6752768157525105306022563834192063363713e0 0.3052065502498148974730569374923123912201e0
0.3974188480603071666918612737253024317301e0 0.2368602800097244751622146278444085467303e0

0.3967569361740466751827375710038500246624e0 -0.2071361723580165201095123175062718053992e0
0.5593225967986445606063234409819023997384e-1 -0.5168790123206607278565785390686293975329e0
-0.1192766826385774893843158211883223242226e1 -0.5913415546532274935728299203654849289571e1
-0.7998316088320993844530228112427491861182e0 0.2863688321587294073473628365396204991373e0
0.5598677442007104493154136295669990857550e0 -0.2264469580764693634851756990477856083253e0
0.8839353996464569407991505384648283817398e0 -0.3217284498677082382855390697221381412357e0
0.5720632790413907794701010278992400352125e0 -0.3416431964768081964039475067493361999094e0
-0.7336323018835038278359776882669328548899e0 0.2755664737356307288758623691561075894403e0
0.2640883058759941233512510282488211139294e0 -0.1681053304262067927584133374787138941910e0
-0.1023150973769878511564708126966239465868e1 -0.1161190533061063147056277747463885416504e0
0.1276671523314810843090178448715253259488e1 0.6726694056939424362371291268673857588629e0
-0.1137239110093459660930392328416260433179e1 -0.5783419098644410330173248068886588413074e0

-0.9435660317576638979548835961580813048264e0 -0.2747778635258783489494702286366412318089e0
-0.4056860992959246726228670018311811250245e0 0.1222148470489431181355695815235497910345e0
-0.5334878193953818351302683271878762853074e0 0.1177896418793385118916864672616186430062e0
-0.2019145483137920502770942307084919485845e1 -0.1502411017965278379706320434728835804282e1
0.3220996571906960059502914453139993908830e-1 0.4556747302529386058161250068601734487885e0
0.4047699764041199097700429873834936779664e0 -0.7688130272413331534839341516608915548784e0
0.5671822994275867479677140944157802370929e0 0.2035446734967618478049358406920394416991e-2
0.9444157525407573283682502925451505116453e0 -0.4582509474259266129497687152143567884530e0
-0.9768259158710989860158956924514414480016e-1 -0.2802925914614635147255813370582433401886e0
0.1125518212835358583909842897425258113702e1 -0.1428662250455216872433070032009340299958e-1
0.4392096114306365250577834080591728122415e-1 -0.8099666099538387736089231621727430483550e0
-0.5501700881843200050967507005406914269986e0 -0.5208451715534768760680056024105254584010e0

-0.1268086652194548837520571296082188000634e1 -0.1142795882273693832276907841781699483812e1
-0.9051378179688919337648374032124859884635e0 0.4660163207195313581229939429585295858239e0
0.4304269006848571671099707339923026312159e1 0.9784103792065074088959587689344740080853e1
-0.5980855743101488767628095632949158570459e0 -0.1359767396011705790081527540160247854371e0
0.2841146207558846782293451400708722569345e-1 -0.6209118455012213498184439121461691163303e-1
0.1517629736567385715450016660585731379097e1 -0.5593890683648708135726573358429997326404e-1
0.1007341058737430489762738495755798446563e0 -0.5858112446300387496307940161759610320614e0
-0.1465430562555564003242204307513553285852e-1 0.8127625201911448132101786690071158017764e0
0.2084686653212699140380990890373146653809e0 -0.2048177148563151602479936911480328391352e0
-0.2821387832459645429226177176562939107312e-3 0.4086838285849817463957111277793011626762e0
0.7085068495008678120927724781156329439438e0 -0.7949018263419033707967688893433516972673e0
-0.5681965896010822709364441748355568393995e0 0.2135490236701232760350533164214066227591e0

-0.7090431018902396274874455469419205827725e0 -0.7912808629609366071010236563642348089026e0
0.6706066048518690513773603634672740224053e0 -0.3568775184679936036612276294409260498095e0
0.1746258402966228476445339889253802093947e1 -0.2149777173916558485206557993384705635031e1
-0.2980591465893404790143468974508031559702e1 -0.6812788828493888715087250475731167586231e-1
0.9291525256777052694018335015385607724603e0 0.8818790218544810127738028293159445261741e-1
0.9973002894150648141922046101333963605834e0 -0.5012476084740237184560138250085367727496e0
0.3417283710134343659380391248521600376192e0 -0.3190159530250314141722602976171056588745e0
-0.8588831820509764529336325680818781627249e0 0.3713375946535410290128813759506320409035e0
0.3333768266558910884211512534294691981162e0 0.7361194341423918680935959612318450585193e-1
-0.1511939406214878271621009868381940719814e1 -0.3212954022053601907256110035770087507715e0
0.5852637612582571047035817826965266728168e0 0.4830239283045401666064743620865986422231e0
-0.1642377089847455785497520087508896204133e0 -0.1024095598359258097370314762126993232281e1

-0.4178802325930705457770364628362786677108e1 -0.8504882096802410180582756411301104705561e0
-0.3058050491126661123385629759542100289515e1 -0.2161819568574315726030315866290071685256e-1
-0.5082046110207630600746686603713776236732e0 0.2899603358849009403259562690832799211260e0
-0.1404265838265768280139897999449859800098e-1 -0.5152297057191648936066875199449773156127e0
-0.4077226156672357413803750694946118489044e0 -0.4773314451375484333616214010057519720400e-1
-0.1029766445064861275810564901413639860847e1 -0.1211387080078859517952325043345577782526e1
0.4170828122416653737233570353348417401297e-2 0.5307250682866529133852285928661214125593e0
0.8023062875344573015159918322460103350783e0 0.1589394957140248144678497715902694563816e0
0.3848064398038304304154336221950843794148e0 -0.6583088434050733639632549935132365323142e0
0.9737888620218632642949243782851768966614e0 -0.8000459660987731405254625099393314334930e0
0.5372299277275074443592958798012802465922e0 -0.3097452740651367623331205369478476174463e0
0.2614978464369338830784822245683603307130e0 0.5525887851561503170152383687566710770467e0

-0.1868289858359343806048646471606137331059e1 -0.1217714690853219745697459897718065299983e1
-0.1518887435021727622975479216572596376509e0 0.3369753800719687224674207658325526863560e0
-0.6574875860016109884114984782096191265559e0 -0.2073229027580809204212544320463170461405e1
-0.8067997297317191159869104272452098341730e0 -0.5705854548107548992118626872430667688030e0
0.1863902666376391424921027940081983898081e0 0.1165405329537922889578777081711249124480e0
0.1641027980448318740593410597608421200039e1 -0.2008199962508601579700575221160081469604e0
0.1698965783025266356783119369282313727355e0 -0.5609028640324906113621939756063448204226e0
-0.1273497843370735818892618784788507791171e0 0.7860215087075984606873636415611061820999e0
-0.7215966365718355466854410081477360131445e-1 -0.4001855242781306829021976078674980697446e-1
-0.3790100669046025908336308520778763045249e0 0.7594761134574132930021990480338972704159e0
0.1009262645902514891796902497976019000921e1 -0.3327397485614675137048385232434974792008e0
-0.2789345210231232477223679108997976992481e0 -0.2170198327809340901160479491102029928284e0

-0.1908519919256817840731742363714151421751e1 -0.1046552292567733217753101583547203154209e1
0.2509899809319936717959813707462147214663e-1 -0.1577752578593977365780459782137676649344e1
0.4362815437433099607220917589886354004998e0 -0.1218204915346027638768709075550175068347e1
-0.1188684623199568527606792112140233141207e1 -0.1355780094357310714302231966369450307793e1
0.5969693911105285689204089367751647043658e0 0.2703005829111741559977441938134096939194e0
0.1451415943539660386263342871171370977514e1 -0.5367013865295509212072847005936489140261e0
0.3735682441698799366460237397676179242238e0 -0.3125440500985401165556385059531172467602e0
-0.2978090545222073510602052034497672930439e0 0.5435429090240141437684787923639386692931e-1
0.5467186074114423081603863349864090507728e-1 0.1163791819157285596150966171420663838281e-1
-0.2052912096814696798279879596347771385953e0 -0.4025347903877569774200347407830308688230e0
0.1012451087723399180640569856441626619782e1 0.1925323602411587949592246198829075990584e0
0.1259460256247102618841914037615860411161e0 -0.7043654437834678686568072668270346677597e0

-0.3778244689228254334923685862186746462338e1 -0.5276771910289178159246042174486903675739e0
-0.2987489506660212903873404449386363342889e1 0.2864130335500151717993884955176123875803e-1
0.1604797608208711891897192586086187220096e0 0.7613435258632697722233745653172139439747e0
0.2118023218274138854767133799740293777364e0 -0.3163658534300197665898926017260480944531e0
-0.4404141606285017431322996602439756159486e0 -0.4643038671553131319541554331481098540441e0
0.5532655060202453894931825927020640529577e0 -0.8572914387560957410459522877637267000481e0
-0.3437826332989717143261714305838071524150e0 0.5520352804564029861821004500088430413853e0
0.6798157269149612556259650060563629030222e0 0.8030679630855732509181334253428666441859e1
0.1137493672069381192517029048465169011038e2 -0.6245697767895113792693446829940715034777e1
0.1258756935234401629826612187991150343925e2 -0.5994475639295865382073468354545006443113e1
0.2292855768675349255814826440796186710210e0 -0.5501202773378544380901679232317838858742e0
0.4316112810793944538233240350546015692997e0 0.9170184821493229517056919443282872778468e0

-0.3953846718994887623446042470909235266705e1 -0.1437166981712103561945950746929600823622e1
-0.3684117451624502928126991790050804721077e1 -0.8884785980437097669526430747821641436402e-1
-0.5825990251138856396631552199896716383299e0 -0.5870884301153185301662043507052738674904e0
-0.3035915809355379670581325480484853925480e0 -0.7594960942060531256980990060801145872076e0
-0.4964175133295458964862233424227368851218e-1 0.3458756443792052602295183929845040781268e0
0.2168697531921737192496355334584211979404e1 0.6074614001975492039693717050910161896149e0
-0.4641136280208187608252190342480078202679e0 0.1388012055328679310276279739746100588344e0
0.5494069636234684280462655010915011453160e0 0.5594388537965585018025765410673640646796e0
0.6219757466448370526952581282328441064308e0 0.1472055121038648757903693549269113107268e0
0.1616566648359747056523536047148877964343e1 0.3204652216671503210552630407959240534616e0
0.7705426534833646002750976721470752894076e0 -0.2338226649718775173083748571215708496633e-1
0.1915932363806632136709036884838943550563e0 0.1282808294762928597899384181642262732204e0

