 ERR means relative error
 ********************************************
 Test of the values of the unscaled functions
 ********************************************
   x   a         ERR(Wax)        ERR(Waxp)        ERR(Wamx)        ERR(Wamxp)
   1   -90 0.754951657D-14  0.999200722D-14  0.133226763D-14  0.186517468D-13
   3   -60 0.250910404D-13  0.222044605D-15  0.865973959D-14  0.455191440D-14
   5   -45 0.102140518D-13  0.247579734D-13  0.170974346D-13  0.149880108D-13
   6   -30 0.632827124D-14  0.266453526D-13  0.877076189D-14  0.155431223D-14
   7   -21 0.377475828D-14  0.193178806D-13  0.754951657D-14  0.666133815D-15
   8   -17 0.222044605D-14  0.222044605D-15  0.732747196D-14  0.643929354D-14
   9   -11 0.655031585D-14  0.177635684D-14  0.246469511D-13  0.177635684D-14
  10    -3 0.310862447D-14  0.688338275D-14  0.199840144D-14  0.488498131D-14
  11    -1 0.976996262D-14  0.281996648D-13  0.164313008D-13  0.288657986D-14
  13     1 0.182076576D-13  0.444089210D-15  0.106581410D-13  0.843769499D-14
  15     7 0.754951657D-14  0.195399252D-13  0.632827124D-14  0.965894031D-14
  17    11 0.599520433D-14  0.144328993D-13  0.488498131D-14  0.253130850D-13
  19    17 0.599520433D-14  0.206501483D-13  0.133226763D-14  0.310862447D-14
  21    21 0.236477504D-13  0.756950058D-12  0.657252031D-12  0.233146835D-14
  23    30 0.310862447D-14  0.877076189D-14  0.588418203D-14  0.397459843D-13
 ********************************************
 Test of the values of the scaled functions
 ********************************************
   x   a         ERR(Wax)        ERR(Waxp)        ERR(Wamx)        ERR(Wamxp)
  10    60 0.954791801D-14  0.432986980D-14  0.157651669D-13  0.252020627D-13
  30    70 0.155431223D-13  0.304201109D-13  0.104360964D-13  0.131006317D-13
  50   110 0.267563749D-13  0.799360578D-14  0.148769885D-13  0.222044605D-14
  70   150 0.111910481D-12  0.203059791D-12  0.228039809D-12  0.670574707D-13
  90   170 0.388578059D-14  0.610622664D-14  0.588418203D-14  0.222044605D-15
 110   210 0.255351296D-14  0.119904087D-13  0.346389584D-13  0.333066907D-14
 130   240 0.444089210D-14  0.643929354D-14  0.643929354D-14  0.379696274D-13
 150   300 0.188737914D-14  0.799360578D-14  0.266453526D-14  0.370814490D-13
 170   380 0.377475828D-14  0.788258347D-14  0.283106871D-13  0.932587341D-14
 190   500 0.599520433D-14  0.410782519D-14  0.865973959D-14  0.169864123D-13
 210   530 0.310862447D-14  0.222044605D-14  0.193178806D-13  0.333066907D-14
 230   700 0.166533454D-14  0.111022302D-14  0.754951657D-14  0.321964677D-13
 350   900 0.286437540D-13  0.000000000D+00  0.441868764D-13  0.688338275D-14
 450  1000 0.177635684D-14  0.677236045D-14  0.666133815D-15  0.754951657D-14
 500 10000 0.888178420D-15  0.340838469D-13  0.166533454D-14  0.965894031D-14
  
 --------------------------------------------------
 Test of the Wronskian relation for W(a,x), W(a,-x)
 --------------------------------------------------
  
 Maximum value of the Wronskian check =   4.8960835385969403E-14
