C Pryce #01, Benchmark problem E1, points are i*pi/8, i=0..8
X 9
0 0.39269908169872 0.78539816339745 1.17809724509617 1.57079632679490
1.96349540849362 2.35619449019234 2.74889357189107 1.0e35
U   0
   0.0000000000E+00  3.2493470056E-01
   1.8007637530E-01  5.8475808684E-01
   4.3085801125E-01  6.5486828472E-01
   6.6633625803E-01  5.1161001908E-01
   8.1064724685E-01  2.0123166647E-01
   8.1277983780E-01 -1.9712188199E-01
   6.5719240408E-01 -5.8512601950E-01
   3.6726265051E-01 -8.6670479012E-01
   0.0000000000E+00 -9.7004378721E-01
U   1
   0.0000000000E+00  8.1356034963E-01
   4.1639526302E-01  1.1871864368E+00
   7.8188400097E-01  5.0692247647E-01
   7.3460413577E-01 -7.6855597138E-01
   2.2932456191E-01 -1.6635956243E+00
  -4.2571194926E-01 -1.4698408595E+00
  -7.8886574734E-01 -2.6263712601E-01
  -6.0572116897E-01  1.1391640639E+00
   0.0000000000E+00  1.7522399855E+00
U   2
   0.0000000000E+00  1.4195701404E+00
   6.3859556286E-01  1.3937156050E+00
   7.4354288516E-01 -1.0453289201E+00
  -4.6221214018E-02 -2.4964145393E+00
  -7.6654349865E-01 -6.9013016002E-01
  -4.5547814569E-01  2.0709949619E+00
   4.7305765781E-01  2.0284878553E+00
   7.5370219269E-01 -7.9240320774E-01
   0.0000000000E+00 -2.5313246261E+00
U   3
   0.0000000000E+00  2.1049088803E+00
   7.8538548795E-01  9.0171758251E-01
   2.7937053376E-01 -3.0681539153E+00
  -7.5802306709E-01 -1.0205064090E+00
  -2.0839205609E-01  3.1861051754E+00
   7.7770128827E-01  6.6594895650E-01
   1.0907282713E-01 -3.2777287913E+00
  -7.9093801872E-01 -2.2981615170E-01
   0.0000000000E+00  3.3122251524E+00
U   4
   0.0000000000E+00  2.8436002261E+00
   8.1780479751E-01 -3.6856724641E-01
  -3.4842298146E-01 -3.6407732682E+00
  -5.0800043152E-01  3.1440957282E+00
   7.7049516794E-01  9.9783267901E-01
  -1.6017075532E-01 -4.0058647653E+00
  -6.2803828761E-01  2.5013494055E+00
   7.1147229696E-01  1.8077163942E+00
   0.0000000000E+00 -4.0956020314E+00
U   5
   0.0000000000E+00  3.6178020634E+00
   7.2280583111E-01 -2.2452583366E+00
  -7.5983824216E-01 -1.4881197019E+00
   3.8595959598E-01  4.2522784442E+00
   1.8141831122E-01 -4.7447361313E+00
  -6.5105777251E-01  2.7920366758E+00
   7.8797747121E-01  5.7802189826E-01
  -5.2634478468E-01 -3.6513708374E+00
   0.0000000000E+00  4.8812994314E+00
U   6
   0.0000000000E+00  4.4153240206E+00
   5.1275387590E-01 -4.3397621283E+00
  -7.0419230920E-01  2.6630710756E+00
   7.8869977138E-01 -7.4970439290E-01
  -7.7648468268E-01 -1.2031929524E+00
   6.7441822205E-01  2.9911533546E+00
  -4.9611437380E-01 -4.4240822241E+00
   2.6247803184E-01  5.3492444003E+00
   0.0000000000E+00 -5.6689821102E+00
U   7
   0.0000000000E+00  5.2278867531E+00
   2.2116906254E-01 -6.1341321526E+00
  -2.1781606631E-01  6.1880139071E+00
   1.9156207122E-01 -6.2569170080E+00
  -1.5786688972E-01  6.3236746314E+00
   1.2067304471E-01 -6.3801392294E+00
  -8.1507183604E-02  6.4225535470E+00
   4.1130661496E-02 -6.4489737617E+00
   0.0000000000E+00  6.4583075564E+00
U   8
   0.0000000000E+00  6.0498933671E+00
  -1.0435896564E-01 -7.1003239304E+00
   4.0029676067E-01  6.2439151890E+00
  -6.4754386824E-01 -4.2047144860E+00
   7.8129913422E-01  1.3443772937E+00
  -7.7006915568E-01  1.7954969076E+00
   6.1316617990E-01 -4.6104983607E+00
  -3.3918896432E-01  6.5548486102E+00
   0.0000000000E+00 -7.2489751412E+00
U   9
   0.0000000000E+00  6.8775746703E+00
  -4.1087630666E-01 -6.8259859450E+00
   7.7357820318E-01  1.9293222170E+00
  -6.6914534085E-01  4.3491780770E+00
   1.3850130304E-01 -7.9129739036E+00
   4.8253098437E-01  6.3884539058E+00
  -7.9180067716E-01 -7.2064668075E-01
   5.8693481541E-01 -5.4225149644E+00
   0.0000000000E+00  8.0407355941E+00
C SLEDGE/1  1  1.00D-10    0    9    9.1140  161546
U 100
   0.0000000000E+00  8.0397114912E+01
   7.4692124179E-01 -2.8344038799E+01
  -5.4596226494E-01 -5.8766803868E+01
  -3.2548004827E-01  7.3580050845E+01
   7.9763094821E-01  1.8091692686E+00
  -2.9271021089E-01 -7.4972074095E+01
  -5.7057482277E-01  5.6330742449E+01
   7.3532525823E-01  3.1269742219E+01
   0.0000000000E+00 -8.0592269356E+01
U 101
   0.0000000000E+00  8.1196813794E+01
   5.8249052271E-01 -5.5618527928E+01
  -7.9745586431E-01 -2.5597715791E+00
   5.4857889518E-01  5.9097156927E+01
   1.7736281346E-02 -8.1369467462E+01
  -5.7359195298E-01  5.6571844705E+01
   7.9777799776E-01  9.2322121809E-01
  -5.6092228382E-01 -5.7878843946E+01
   0.0000000000E+00  8.1390095349E+01
U 102
   0.0000000000E+00  8.1996478575E+01
   3.2924158518E-01 -7.4857807041E+01
  -5.8146588307E-01  5.6275622039E+01
   7.4507586689E-01 -2.9391592638E+01
  -7.9764060667E-01 -1.8094830720E+00
   7.3189434242E-01  3.2716570594E+01
  -5.5777798082E-01 -5.8764743272E+01
   3.0114660941E-01  7.6108183194E+01
   0.0000000000E+00 -8.2187922492E+01
U 103
   0.0000000000E+00  8.2796110194E+01
   2.5793819417E-02 -8.2934678536E+01
  -2.4616148738E-02  8.2943983295E+01
   2.1319909888E-02 -8.2955126231E+01
  -1.7398213894E-02  8.2965512942E+01
   1.3207806720E-02 -8.2974110900E+01
  -8.8774032463E-03  8.2980478107E+01
   4.4648388096E-03 -8.2984397514E+01
   0.0000000000E+00  8.2985750752E+01
U 104
   0.0000000000E+00  8.3595709562E+01
  -2.8158230415E-01 -7.8385696699E+01
   5.4666135685E-01  6.1025200916E+01
  -7.2876844927E-01 -3.4099856370E+01
   7.9764972537E-01  1.8097795021E+00
  -7.4200974817E-01  3.0788860442E+01
   5.7033642158E-01 -5.8587271084E+01
  -3.0939826951E-01  7.7226962496E+01
   0.0000000000E+00 -8.3783580098E+01
C SLEDGE/1  1  1.00D-10  100  104   13.6420  254786

