C Pryce #41, Benchmark problem Q4
X 7
1.0 1.75 2.0 2.32 2.5 2.75 4.0
C SLEDGE/0 41  1.00D-10    0  -2  -4.895173162418783D+01  1.00D+20
U   0
   0.0000000000E+00 -5.1080414798E-12
   2.0181742645E-01  3.6019369527E-01
   4.9164633816E-01  3.6497160070E-01
   5.7591478162E-01  3.0444460900E-01
   6.5602754691E-01  1.9033482995E-01
   6.8343929892E-01  1.1306108968E-01
   6.9739646340E-01 -2.2959379052E-03
   3.9419223242E-01 -3.8373862875E-01
   0.0000000000E+00  0.0000000000E+00
C SLEDGE/0 41  1.00D-10    1  -2  -4.734169170178745D+01  1.00D+20
U   1
   0.0000000000E+00 -8.0669834700E-11
   4.0569483262E-01  5.7753537890E-01
   6.4077790599E-01 -8.0219560910E-02
   5.8079487345E-01 -3.9812463366E-01
   3.9483511770E-01 -7.4517926945E-01
   2.4805768246E-01 -8.7607955914E-01
   1.6782030337E-02 -9.5224838408E-01
  -6.3622446428E-01  1.5285832713E-01
   0.0000000000E+00  0.0000000000E+00
C SLEDGE/1 41  1.00D-10    0    1   15.0150  233560
C SLEDGE/0 41  1.00D-10   10  -2  -1.581272486715580D+01  1.00D+20
U  10
   0.0000000000E+00  3.6463287403E-08
  -4.9305006766E-01 -7.5228713521E-01
   3.1319971067E-01 -2.3049134769E+00
  -3.5647579097E-01 -2.0806222644E+00
  -2.4287315734E-01  2.5758427455E+00
   2.6191199446E-01  2.5117684807E+00
   4.5969340864E-01 -1.2187322698E+00
   8.9073834127E-02 -2.8779222383E+00
   0.0000000000E+00  0.0000000000E+00
C SLEDGE/1 41  1.00D-10   10   10    7.5410  118608

