C Pryce #02, Benchmark problem E2, points are i*pi/8, i=0..8
C Results for r=+25
X 9
0 0.39269908169872 0.78539816339745 1.17809724509617 1.57079632679490
1.96349540849362 2.35619449019234 2.74889357189107 3.14159265358979
C SLEDGE/0  2  1.00D-10    0   0  -4.025677898470232D+01  1.00D+20
U   0
   0.0000000000E+00  1.6311627746E-03
   3.3337612636E-03  2.9683082344E-02
   7.6696889383E-02  5.2593521020E-01
   6.3018591906E-01  2.3471694735E+00
   1.3225019562E+00 -6.4225895569E-12
   6.3018591906E-01 -2.3471694735E+00
   7.6696889383E-02 -5.2593521020E-01
   3.3337612636E-03 -2.9683082344E-02
   0.0000000000E+00 -1.6311627746E-03
C SLEDGE/0  2  1.00D-10    1   0  -2.131486062225115D+01  1.00D+20
U   1
   0.0000000000E+00  1.2811007689E-02
   1.9344776802E-02  1.5097275483E-01
   2.7382975983E-01  1.4864778038E+00
   1.0761873050E+00  1.1894813412E+00
  -1.9502919542E-13 -5.6703835820E+00
  -1.0761873050E+00  1.1894813412E+00
  -2.7382975983E-01  1.4864778038E+00
  -1.9344776802E-02  1.5097275483E-01
   0.0000000000E+00  1.2811007689E-02
C SLEDGE/0  2  1.00D-10    2   0  -3.520941526621698D+00  1.00D+20
U   2
   0.0000000000E+00  6.6579658133E-02
   7.3889962550E-02  4.8995009836E-01
   6.0851372305E-01  2.2798237529E+00
   8.1330537024E-01 -3.4599748608E+00
  -8.9075616933E-01  7.8666837640E-13
   8.1330537024E-01  3.4599748608E+00
   6.0851372305E-01 -2.2798237529E+00
   7.3889962550E-02 -4.8995009836E-01
   0.0000000000E+00 -6.6579658133E-02
C SLEDGE/0  2  1.00D-10    3   0   1.298648995274326D+01  1.00D+20
U   3
   0.0000000000E+00  2.5872806108E-01
   2.1015638268E-01  1.1278398709E+00
   9.2057338875E-01  1.4547972711E+00
  -1.0925536210E-01 -5.8652120138E+00
   3.4974201322E-14  6.3389866418E+00
   1.0925536210E-01 -5.8652120138E+00
  -9.2057338875E-01  1.4547972711E+00
  -2.1015638268E-01  1.1278398709E+00
   0.0000000000E+00  2.5872806108E-01
C SLEDGE/0  2  1.00D-10    4   0   2.806276589945383D+01  1.00D+20
U   4
   0.0000000000E+00  7.6921786262E-01
   4.5620324707E-01  1.8202811585E+00
   8.9081696646E-01 -1.6679615217E+00
  -7.3475576618E-01 -1.1830081576E+00
   7.1751231215E-01 -1.2458215873E-12
  -7.3475576618E-01  1.1830081576E+00
   8.9081696646E-01  1.6679615217E+00
   4.5620324707E-01 -1.8202811585E+00
   0.0000000000E+00 -7.6921786262E-01
C SLEDGE/0  2  1.00D-10    5   0   4.180107129182122D+01  1.00D+20
U   5
   0.0000000000E+00  1.7376321453E+00
   7.4832590148E-01  1.8287757117E+00
   3.5171698101E-01 -4.9306319028E+00
  -3.4885346766E-01  5.3485928911E+00
   4.9118169417E-13 -6.3694188432E+00
   3.4885346766E-01  5.3485928911E+00
  -3.5171698101E-01 -4.9306319028E+00
  -7.4832590148E-01  1.8287757117E+00
   0.0000000000E+00  1.7376321453E+00
C SLEDGE/0  2  1.00D-10    6   0   5.500295715081144D+01  1.00D+20
U   6
   0.0000000000E+00  3.0428321613E+00
   9.2329556241E-01  4.7459640651E-01
  -3.8751578498E-01 -4.6756525686E+00
   4.6836886626E-01  4.4596335451E+00
  -6.4426647098E-01  1.7901767771E-11
   4.6836886626E-01 -4.4596335451E+00
  -3.8751578498E-01  4.6756525686E+00
   9.2329556241E-01 -4.7459640651E-01
   0.0000000000E+00 -3.0428321613E+00
C SLEDGE/0  2  1.00D-10    7   0   6.905798835128009D+01  1.00D+20
U   7
   0.0000000000E+00  4.3911529438E+00
   8.5491259086E-01 -2.1098381248E+00
  -7.5340480071E-01  7.7950833172E-02
   5.9363058588E-01 -3.5076516405E+00
   9.1482710660E-13  7.2003479298E+00
  -5.9363058588E-01 -3.5076516405E+00
   7.5340480071E-01  7.7950833172E-02
  -8.5491259086E-01 -2.1098381248E+00
   0.0000000000E+00  4.3911529438E+00
C SLEDGE/0  2  1.00D-10    8   0   8.502335650490063D+01  1.00D+20
U   8
   0.0000000000E+00  5.5985155926E+00
   5.5695213136E-01 -4.9907242249E+00
  -4.5273740618E-01  5.8532496797E+00
  -1.5920990068E-01 -7.5045549594E+00
   6.8343810289E-01 -1.0396650869E-11
  -1.5920990067E-01  7.5045549591E+00
  -4.5273740617E-01 -5.8532496795E+00
   5.5695213135E-01  4.9907242247E+00
   0.0000000000E+00 -5.5985155925E+00
C SLEDGE/0  2  1.00D-10    9   0   1.032256800424073D+02  1.00D+20
U   9
   0.0000000000E+00  6.6644731093E+00
   1.4158814841E-01 -7.0565678798E+00
   2.3090796737E-01  7.4976978924E+00
  -7.2040965682E-01 -5.3508699060E-01
   1.2028618411E-12 -8.7299372959E+00
   7.2040965682E-01 -5.3508699060E-01
  -2.3090796737E-01  7.4976978924E+00
  -1.4158814841E-01 -7.0565678798E+00
   0.0000000000E+00  6.6644731093E+00
C SLEDGE/1  2  1.00D-10    0    9    5.0980   85578
C SLEDGE/0  2  1.00D-10  100   0   1.020103063731260D+04  1.00D+20
U 100
   0.0000000000E+00  8.0487340614E+01
   7.6168557045E-01 -2.4190530960E+01
  -4.9021810679E-01 -6.3581030196E+01
  -3.6825645932E-01  7.1535300187E+01
   7.9690795404E-01 -2.8009202115E-11
  -3.6825645932E-01 -7.1535300187E+01
  -4.9021810679E-01  6.3581030197E+01
   7.6168557044E-01  2.4190530960E+01
   0.0000000000E+00 -8.0487340614E+01
C SLEDGE/0  2  1.00D-10  101   0   1.040403003946665D+04  1.00D+20
U 101
   0.0000000000E+00  8.1286200635E+01
   6.1144352063E-01 -5.2304518234E+01
  -7.9189776538E-01 -9.9476575679E+00
   5.1282489730E-01  6.2362419243E+01
   3.0483654126E-12 -8.1481779659E+01
  -5.1282489730E-01  6.2362419243E+01
   7.9189776538E-01 -9.9476575679E+00
  -6.1144352063E-01 -5.2304518235E+01
   0.0000000000E+00  8.1286200636E+01
C SLEDGE/0  2  1.00D-10  102   0   1.060902945894984D+04  1.00D+20
U 102
   0.0000000000E+00  8.2085041573E+01
   3.6773084719E-01 -7.2889506138E+01
  -6.2834597768E-01  5.0649747402E+01
   7.5996605295E-01 -2.4850528600E+01
  -7.9694547194E-01  2.0208610021E-10
   7.5996605301E-01  2.4850528602E+01
  -6.2834597773E-01 -5.0649747406E+01
   3.6773084722E-01  7.2889506143E+01
   0.0000000000E+00 -8.2085041579E+01
C SLEDGE/0  2  1.00D-10  103   0   1.081602889510216D+04  1.00D+20
U 103
   0.0000000000E+00  8.2883863991E+01
   6.7818945409E-02 -8.2612588366E+01
  -9.5677509973E-02  8.2381398189E+01
   6.7652955893E-02 -8.2748222384E+01
  -3.1089815235E-12  8.3075681156E+01
  -6.7652955893E-02 -8.2748222384E+01
   9.5677509973E-02  8.2381398189E+01
  -6.7818945409E-02 -8.2612588366E+01
   0.0000000000E+00  8.2883863992E+01
C SLEDGE/0  2  1.00D-10  104   0   1.102502834728869D+04  1.00D+20
U 104
   0.0000000000E+00  8.3682668417E+01
  -2.4243911437E-01 -7.9758767487E+01
   4.9318171390E-01  6.5855742535E+01
  -7.0830718077E-01 -3.8482424746E+01
   7.9698086932E-01  3.2961257533E-10
  -7.0830718074E-01  3.8482424745E+01
   4.9318171388E-01 -6.5855742533E+01
  -2.4243911437E-01  7.9758767485E+01
   0.0000000000E+00 -8.3682668414E+01
C SLEDGE/1  2  1.00D-10  100  104    9.1210  147506

