  -0.7098949652876270
  -0.6851447171534870
   0.1631743080755890
  -0.1393599368061250
  -0.4142514794781920
  -0.8994301083261120
  -0.7269014156814110
  -0.5740084084664760
   0.3769995741246190
  -0.6724530763508740
   0.7063356558746779
  -0.2211262113507450
   0.0000000000000000
  -0.7088447919224319
  -0.6905148054187735
   0.1439734852739128
  -0.1738074934114603
  -0.3899498888586271
  -0.9042842691395055
  -0.6764198014689503
  -0.6200966959613320
   0.3974120529608350
  -0.7157144733863716
   0.6807489785794644
  -0.1559923740068242
