An input file to xFIG12.f that can be used to produce Figure 2.
100 100   1  1  2 1211
100 100   2  1  2 1211    xFIG12.f will run approximately 10 minutes
100 100   3  1  2 1211    with this input file.
100 100   4  1  2 1211
100 100   5  1  2 1211    Each line includes:
100 100  10  1  2 1211    M N RANK SCALING(1,2,3) MIN_TIME SEED
100 100  15  1  2 1211    The final line should be:
100 100  20  1  2 1211      0 0 0 0 0 0
100 100  25  1  2 1211
100 100  30  1  2 1211
100 100  32  1  2 1211
100 100  33  1  2 1211
100 100  35  1  2 1211
100 100  40  1  2 1211
100 100  50  1  2 1211
100 100  60  1  2 1211
100 100  70  1  2 1211
100 100  80  1  2 1211
100 100  90  1  2 1211
100 100  95  1  2 1211
100 100 100  1  2 1211
100 100   1  1  2 1212
100 100   2  1  2 1212
100 100   3  1  2 1212
100 100   4  1  2 1212
100 100   5  1  2 1212
100 100  10  1  2 1212
100 100  15  1  2 1212
100 100  20  1  2 1212
100 100  25  1  2 1212
100 100  30  1  2 1212
100 100  32  1  2 1212
100 100  33  1  2 1212
100 100  35  1  2 1212
100 100  40  1  2 1212
100 100  50  1  2 1212
100 100  60  1  2 1212
100 100  70  1  2 1212
100 100  80  1  2 1212
100 100  90  1  2 1212
100 100  95  1  2 1212
100 100 100  1  2 1212
100 100   1  1  2 1213
100 100   2  1  2 1213
100 100   3  1  2 1213
100 100   4  1  2 1213
100 100   5  1  2 1213
100 100  10  1  2 1213
100 100  15  1  2 1213
100 100  20  1  2 1213
100 100  25  1  2 1213
100 100  30  1  2 1213
100 100  32  1  2 1213
100 100  33  1  2 1213
100 100  35  1  2 1213
100 100  40  1  2 1213
100 100  50  1  2 1213
100 100  60  1  2 1213
100 100  70  1  2 1213
100 100  80  1  2 1213
100 100  90  1  2 1213
100 100  95  1  2 1213
100 100 100  1  2 1213
100 100   1  1  2 1214
100 100   2  1  2 1214
100 100   3  1  2 1214
100 100   4  1  2 1214
100 100   5  1  2 1214
100 100  10  1  2 1214
100 100  15  1  2 1214
100 100  20  1  2 1214
100 100  25  1  2 1214
100 100  30  1  2 1214
100 100  32  1  2 1214
100 100  33  1  2 1214
100 100  35  1  2 1214
100 100  40  1  2 1214
100 100  50  1  2 1214
100 100  60  1  2 1214
100 100  70  1  2 1214
100 100  80  1  2 1214
100 100  90  1  2 1214
100 100  95  1  2 1214
100 100 100  1  2 1214
100 100   1  1  2 1215
100 100   2  1  2 1215
100 100   3  1  2 1215
100 100   4  1  2 1215
100 100   5  1  2 1215
100 100  10  1  2 1215
100 100  15  1  2 1215
100 100  20  1  2 1215
100 100  25  1  2 1215
100 100  30  1  2 1215
100 100  32  1  2 1215
100 100  33  1  2 1215
100 100  35  1  2 1215
100 100  40  1  2 1215
100 100  50  1  2 1215
100 100  60  1  2 1215
100 100  70  1  2 1215
100 100  80  1  2 1215
100 100  90  1  2 1215
100 100  95  1  2 1215
100 100 100  1  2 1215
0 0 0 0 0 0
