0.086921 -1.000000
0.414005 -0.714286
0.153125 -0.428571
0.345949 -0.142857
0.345949 0.142857
0.153125 0.428571
0.414005 0.714286
0.086921 1.000000
7 7 0 2.000000 2.000000 4.440892e-16
7 7 1 0.000000 -0.000000 1.110223e-16
7 7 2 0.666667 0.666667 2.220446e-16
7 7 3 0.000000 -0.000000 8.326673e-17
7 7 4 0.400000 0.400000 1.665335e-16
7 7 5 0.000000 -0.000000 8.326673e-17
7 7 6 0.285714 0.285714 0.000000e+00
7 7 7 0.000000 -0.000000 4.163336e-17
7 7 8 0.222222 0.230297 -8.075245e-03
7 7 9 0.000000 -0.000000 2.775558e-17
7 7 10 0.181818 0.202532 -2.071405e-02
7 7 11 0.000000 -0.000000 1.387779e-17
