 -4.8472607297096374e+001
  2.4678567656442929e+001
 -5.4903567712053185e+000
  4.5012928514717544e+001
 -2.6886148642571218e+001
  1.0684258354178656e+001
 -1.4017531290700269e+000
  3.9129896614890157e+001
  2.6209683302739471e+001
 -4.3532334831658641e+000
 -4.8149635675177564e+001
  3.2140716429525327e+001
 -5.5296635646805816e+000
  1.1543234810009473e+001
  2.9193703742703537e+001
  4.2181297074480248e+001
  2.3820724581066532e+001
 -3.2373385550538202e+001
 -9.4293786937904525e+000
  4.3546969910760545e+001
  4.1690443991340764e+001
 -8.9729793009054646e+000
  3.9364953091353364e+001
 -4.4210869521573144e+001
 -1.4713186778299963e+001
  3.1316649730375779e+001
 -4.9013869933907642e+001
 -3.6110911804305012e+001
 -2.9723478143972681e+001
 -3.0127825733851033e+001
  1.0379247919381928e+001
 -2.2781207503003962e+001
 -3.0118573223893787e+001
