2

0.2238277236341704525142481552640739890005128386903672788239225556453200396014146840265633257315029803523625057691397356592921485845115042455348247336812629857113986482679223944787806963151917033825663032536179973394651352655745378462980785542341400334599017439263156528804490835638669369873437106758784730810549e1 -0.6505078580240910991682937549165221526847961711569432874151203273691739478745805090242398540914281033766994863974491554851092768749898504636143834598970533024715611374612359846285020701921843367908051175644334693365390124053839240392912830363663794358571775761615177632974590642976959873952654517647433867157808e0
0.7990329634266814779559397629634730696839228306126667371631007756295408537512637316898563065192532912283217168239141869125511811542883547861042646257229556032636855393697607417842110535839022135394461520223166897492230965746407978961247488266403682222918591279302613638233130583874095387093428875292616912724699e0 0.1698340378906923043650253387588526027548250607606201568844438739411257515007738797318477234611813220120602366998901077947583833622528795027032076890832217396074739634536959772647089346359192804508137540901226346915016087791744485094473186865027885834766299683741357411086686725459398249511501008585106264560504e1
0.1290374579806817772407652465573643344240196731768892732431683301127406510293018773165592544527329455639520834800006578942266852966072142824926782793586149159847668865515045141763093286164984943170137486750474825833351469445262456948397209915651148550706339739744802283418503369432459677305600488876859709264428e1 0.7671182179236049427820164665216056956245646371311464373553514337731217559973519395672801315907027209824208344955067342043723781855112515347781119826216243276001398733821073999718457268916479422500596362727230281484198605862902838462768755499452600643166874759240408605767573427873205882581708631879871439311671e-1
0.1732050807568877149616352863784205176851210760437435774002900260141458139118591943683191081267844358461251699897557136487820867557980154301144760223363405732952368099340876473060372378482120536199145552463462696720162272454382522233405297650475902118459272237101087578328702228591341127185067160177138019660464e1 0.4136452863362511344859473829848677696736539531585135351350243701821812093859080933641808541382133753100768786133482442626512585539930329535065238836433736634452927970833655022385926880513918510796023008488232865866171508359724090885930203740736788837042154291625474557665867561747787756494756494668101672202934e-16
-0.3507872462543017927181548011324531282975825707791822991368547689596400157597852079304476492466965730739413469124290846406613552980137670385345648917202918937086760988686352802202911462345366328756697713092219232562182318527620330408287630724446284139938508095039439773222507552530236393200857383218037766937776e-170 -0.2206398596705775205972465884910038463938395531623761419964389085039144557173363281249646668342833905772065012544769648155173671393764652610735750349872801689254617175680487890109710968937110462374170922584969655863930367697332669211988018967435203248074154666653111841212974295786614671890598170373506286231178e-170

0.2238277236341704525142481552640739890005128386903672788239225556453200396014146840265633257315029803523625057691397356592921485845115042455348247336812629857113986482679223944787806963151917033825663032536179973394651352655745378462980785542341400334599017439263156528804490835638669369873437106758784730810549e1 0.6505078580240910991682937549165221526847961711569432874151203273691739478745805090242398540914281033766994863974491554851092768749898504636143834598970533024715611374612359846285020701921843367908051175644334693365390124053839240392912830363663794358571775761615177632974590642976959873952654517647433867157808e0
0.7990329634266814779559397629634730696839228306126667371631007756295408537512637316898563065192532912283217168239141869125511811542883547861042646257229556032636855393697607417842110535839022135394461520223166897492230965746407978961247488266403682222918591279302613638233130583874095387093428875292616912724699e0 -0.1698340378906923043650253387588526027548250607606201568844438739411257515007738797318477234611813220120602366998901077947583833622528795027032076890832217396074739634536959772647089346359192804508137540901226346915016087791744485094473186865027885834766299683741357411086686725459398249511501008585106264560504e1
0.1290374579806817772407652465573643344240196731768892732431683301127406510293018773165592544527329455639520834800006578942266852966072142824926782793586149159847668865515045141763093286164984943170137486750474825833351469445262456948397209915651148550706339739744802283418503369432459677305600488876859709264428e1 -0.7671182179236049427820164665216056956245646371311464373553514337731217559973519395672801315907027209824208344955067342043723781855112515347781119826216243276001398733821073999718457268916479422500596362727230281484198605862902838462768755499452600643166874759240408605767573427873205882581708631879871439311671e-1
0.1732050807568877149616352863784205176851210760437435774002900260141458139118591943683191081267844358461251699897557136487820867557980154301144760223363405732952368099340876473060372378482120536199145552463462696720162272454382522233405297650475902118459272237101087578328702228591341127185067160177138019660464e1 -0.4136452863362511344859473829848677696736539531585135351350243701821812093859080933641808541382133753100768786133482442626512585539930329535065238836433736634452927970833655022385926880513918510796023008488232865866171508359724090885930203740736788837042154291625474557665867561747787756494756494668101672202934e-16
-0.3507872462543017927181548011324531282975825707791822991368547689596400157597852079304476492466965730739413469124290846406613552980137670385345648917202918937086760988686352802202911462345366328756697713092219232562182318527620330408287630724446284139938508095039439773222507552530236393200857383218037766937776e-170 0.2206398596705775205972465884910038463938395531623761419964389085039144557173363281249646668342833905772065012544769648155173671393764652610735750349872801689254617175680487890109710968937110462374170922584969655863930367697332669211988018967435203248074154666653111841212974295786614671890598170373506286231178e-170
