    1    1
    2    9
    3   10
    4   12
    5   14
    6   15
    7   16
    8   19
    9   20
   10   23
   11   24
   12   25
   13   27
   14   28
   15   30
   16   32
   17   33
   18   34
   19   93
   20  195
   21  197
   22  200
   23  201
   24  210
   25  211
   26  232
   27  233
   28  234
   29  246
   30  247
   31  248
   32  249
   33  250
   34  251
   35  252
   36  255
   37  257
   38  258
   39  272
   40  273
   41  274
   42  275
   43  289
   44  290
   45  291
   46  293
   47  296
   48  297
   49  298
   50  299
   51  300
   52  301
   53  302
   54  303
   55  304
   56  306
   57  307
   58  309
   59  310
   60  311
   61  312
   62  313
   63  314
   64  315
   65  316
   66  317
   67  318
   68  319
   69  320
   70  321
   71  323
   72  324
   73  325
   74  326
   75  327
   76  328
   77  329
   78  330
   79  331
   80  332
   81  341
   82  342
   83  343
   84  344
   85  345
   86  346
   87  347
   88  348
   89  351
   90  352
   91  353
   92  354
   93  357
   94  358
   95  359
   96  360
   97  361
   98  363
   99  364
  100  366
  101  367
  102  368
  103  369
  104  370
  105  371
  106  372
  107  373
  108  379
  109  380
  110  381
  111  382
  112  384
  113  385
  114  387
  115  388
  116  390
  117  391
  118  396
  119  397
  120  401
  121  402
  122  403
  123  405
  124  406
  125  407
  126  408
  127  410
  128  411
  129  412
  130  413
  131  414
  132  415
  133  416
  134  422
  135  423
  136  424
  137  426
  138  427
  139  428
  140  429
  141  430
  142  431
  143  432
  144  433
  145  434
  146  439
  147  440
  148  441
  149  442
  150  443
  151  444
  152  448
  153  449
  154  450
  155  451
  156  452
  157  453
  158  454
  159  456
  160  457
  161  458
  162  459
  163  460
  164  461
  165  462
  166  463
  167  466
  168  467
  169  471
  170  472
  171  481
  172  482
  173  483
  174  484
  175  489
  176  490
  177  491
  178  492
  179  495
  180  496
  181  497
  182  498
  183  499
  184  507
  185  508
  186  509
  187  510
  188  511
  189  516
  190  517
  191  518
  192  521
  193  522
  194  523
  195  524
  196  526
  197  527
  198  528
  199  531
  200  532
  201  533
  202  534
  203  535
  204  536
  205  537
  206  539
  207  545
  208  546
  209  547
  210  548
  211  549
  212  550
  213  551
  214  553
  215  554
  216  555
  217  556
  218  569
  219  570
  220  571
  221  573
  222  574
  223  579
  224  580
  225  581
  226  584
  227  587
  228  588
  229  598
