 0.56418958354775628694807945156077  0.88622692545275801364908374167057
 0.98842539284680028548706335878879  0.18169011381620932846223247325497
  1.2859676193639399602827887260072  0.34132512895943919856417178056476
  1.5247208440801153035130022763796  0.50496215298800163193575115541755
  1.7301922743094392567715613980002  0.6702641946396190856785083910947
  1.9134998431431025707186744531146  0.83617049928031101554882352780077
  2.0806203364008332248176222241316  1.0023478510110108422245382000471
  2.2352283805046391496583172950811  1.1686711647442727438147851444475
   2.379782443504637420940535045858  1.3350829222423353579798779421644
   2.516025643443866409763417969849  1.5015525993447618438952914329038
  2.6452479250569531803261722004195  1.6680623621881161688454808264457
  2.7684359535042559069132735915048  1.8346010527937676419913598361001
  2.8863645940326945692708674993961  2.0011613185512137843317104169486
  2.9996556533536035386906268743581  2.1677381117632644853481959563471
  3.1088171759249201516926963722256  2.3343278495405013980184823375142
  3.2142706360711282274489138373496  2.5009279171337026699543207674084
  3.3163702970830873659208156975134   2.667536360957202088281074132878
  3.4154173324133389445368691110637  2.8341516916678327579204958902571
  3.5116703446156295154051050586113  3.0007727537827190275850360767873
  3.6053533459055664302954823302812  3.1673986369644268117575670619156
  3.6966619115045907999685939739427  3.3340286142031102452513292626711
  3.7857679927002249484946054222107  3.5006620978281146517242161825195
  3.8728237301852214895392359107382  3.6672986076183948893640172548364
  3.9579645104229992917022032498795  3.833937747295831850614676542626
  4.0413114410343916384468670119974  4.0005791869361956805814791529341
  4.1229733747796281836030272921763  4.1672226496283331945572198098899
  4.2030485788720019526602771862272  4.3338679012299504436044302625654
  4.2816261227682035852100860580406  4.5005147424120943373511796426753
  4.3587870403898888525030682138346  4.6671630024168257031595689610456
   4.434605310041297172735926803848  4.8338125341123277420267271402514
  4.5091486858077933332742999188367  5.0004632100412028349661109390409
  4.5824794070596267694605327867341  5.1671149192366474464102065450405
  4.6546548072209951034250254583318  5.3337675646378040182685821144089
  4.7257278387550172210545015603835  5.5004210609766768917210652224104
  4.7957475280435453272958093455628  5.6670753330391570642955682952632
   4.864759371276861258445860601648  5.8337303142250673602328783217237
  4.9328056804434948602898732480076  6.0003859453488901957077630057946
  4.9999258868996881314362460126612  6.1670421736354994723181628945983
   5.066156808707957816332691388043  6.3336989518748675754822847768167
  5.1315328868942965193196920906615  6.5003562377071329380351548164824
   5.196086394930197250773716664317  6.6670139930151540677164102978028
  5.2598476250578105118341491173401  6.8336721834061521384552925123128
  5.3228450545124346836883132956958  7.0003307777675582697995981749345
  5.3851054942315484729257975795154  7.1669897478849579708010267128251
  5.4466542222544300256576569466563  7.3336490681122320857853129922995
  5.5075151036958845509104552954029  7.5003087150857578832462612994777
  5.5677106989096931369032620838451  7.6669686674759521591020735122514
  5.6272623612325201939687681911119  7.8336289057705842156034430937754
  5.6861903255095047233332435598303  8.0002894120852171919567543628648
  5.7445137884424375199090118491353  8.1669501699968955260650680124847
  5.8022509816652991735273271228833  8.3336111643978186628474948828657
  5.8594192383359449960986511943025  8.5002723813662534111950360687225
  5.9160350539335612124739376867714  8.6669338080523607985915613833777
  5.9721141418664674794919375700287  8.8335954325769646773029096714318
  6.0276714844216699372382702394761  9.0002572439415820669654687206362
  6.0827213795244305387450313134529  9.1669192319482799641543432714415
  6.1372774837214812499446571090712  9.3335813871281286949208497378615
  6.1913528517541013387434479172454  9.5002437006771947561745369247992
  6.2449599730460277331169308290854  9.6669061643991620951124682060914
  6.2981108053951899999360283032939  9.8335687706537944739590941291968
  6.3508168061268025652438616206245  10.000231512310556683634632403232
  6.4030889609377744893289825207293  10.166894382706801955560032969015
  6.4549378106381760035349698739598  10.33355737561000948437645446512
  6.5063734759741768166952328786692  10.500220485183621585911135530124
  6.5574056806980573681919404101594  10.666883705956086387928243278247
  6.6080437730342609602385258146399  10.833547032792760509289109880864
  6.6582967456757199482476377461748  11.000210460870368111787334097479
  6.7081732544316109877349360217933  11.166873985653748998858438735472
  6.7576816356360647583633961233475  11.333537602874659916843233494204
  6.8068299224169953976698473146944  11.500201308512420585226118851013
  6.8556258599149692915076111589335  11.666865098776219830209184429643
  6.9040769195337678959671121791044  11.833528970088918017852670452953
  6.9521903122968986693306825350591  12.000192919072200199562956622605
  6.9999730013776709235245168072222  12.166856942532950351215969268374
  7.0474317138644914379712849613166  12.333521037450731111772688580898
  7.0945729518176711838144453628643  12.500185200966265767328353933291
  7.1414030026692022933628766113396  12.66684943037083010399883375298
  7.1879279490126046097749318465201  12.833513723096471358019471122426
  7.2341536778260020937955690657063  13.000178076706979987205427563041
  7.2800858891680256128175843237907  13.166842488889547515030463292031
  7.3257301043829101728031143857129  13.333506957447050378213557768014
  7.3710916738482261664035633942971  13.500171480290905645576587790805
  7.4161757842960244969119013675129  13.666836055434449760707887593362
  7.4609874657357568774760884437432  13.833500680986796172266830497575
    7.50553159800513071277529291906  14.000165355147131921918557887673
  7.5498129169730510065279124767263  14.166830076199417020370969232692
  7.5938360204169703727139422368295  14.333494842507453808659734643391
  7.6376053735952952489577729747199  14.500159652510296519990481636418
  7.6811253145339664690624599020084  14.666824504717973966732622886481
  7.7244000590449317437148826745531  14.833489397707500712296539722582
  7.7674337054929440705959934148864  15.000154330119154279097016194833
  7.8102302393259426774548602123223  15.166819300652997918405552570938
  7.8527935373831919603671519420526  15.33348430806563024921106322448
  7.8951273719943601882384030760346  15.500149351167144682039038861734
  7.9372354148818055721842934739708  15.666814428818282998384752156449
  7.9791212408774955088030244620954  15.833479539927768773230251784075
  8.0207883314652089718801001570274  16.000144683449807521410110924465
   8.062240078157956351423629141449  16.166809858381741531108640746823
   8.103479785719890289323724660489  16.333475063761848330821938603423
  8.1445106752413705081427395333729  16.500140298667272629754611153557
  8.1853358870752809949020713692452  16.666805562212082384789696017642
  8.2259584836421753101405300241296  16.833470853545440387842659095529
  8.2663814521113417307984677870335  17.000136171849883442697654027307
  8.3066077069644312153695215504744  17.166801516339701816677886462168
  8.3466400924478749050209932501455  17.333466886259412215401159271245
  8.3864813849199314115206677470969  17.500132280882318043500420071556
  8.4261342950978450949750561984181  17.666797699509151185103459741986
  8.4656014702102627180972622781943  17.833463141466789969153260189318
  8.5048854960597452880622115109672  18.000128606107048379981771109546
  8.5439888989999227450198628755106  18.166794092805531936225370140389
  8.5829141478315697683883019898576  18.333459600960555994159997967913
  8.6216636556216298309020942295908  18.500125129992122537513552676275
  8.6602397814489803478259509961471  18.66679067934095179719526031176
  8.6986448320805130735357717137884  18.833456248467565303344120973527
  8.7368810635808996247890655035526  19.000121836851417210608643500908
  8.7749506828592210908999421288829  19.166787443990070957407128590101
  8.8128558491554621448665289457215  19.333453069398418522692148171648
  8.8505986754697029952666928816626  19.500118712607939730913533462607
   8.888181229936686088146458592669  19.666784373165999228763999053481
  8.9256055371482879191582764555783  19.833450050635178917101034786419
  8.9628735794262889473127796274959  20.000115744592643769258334484039
  8.9999872980477057665439058666768  20.166781454629539103781072104695
  9.0369485944248287939535600741815  20.333447180350417506343639736345
  9.0737593312419952243269589372765  20.500112921372693713057199932146
  9.1104213335510203717355058413314  20.666778677326125876295874675323
  9.1469363898271103018722034186832  20.833444447852321735247016573785
  9.1833062529869844197278106893606  21.000110232604268307245607418825
  9.2195326413708480153419130791348  21.166776031245883803154262252634
  9.2556172396897713145032443122847  21.333441843451590551118536679947
  9.2915616999399529876704123218418  21.50010766890590778843784129732
  9.3273676422852720204539821856188  21.666773507303063251480602353324
  9.3630366559094620473118863730582  21.833439358346622558937146344652
     9.3985702998391764225369843103  22.00010522174913544461065978357
  9.4339701037391501946537007529575  22.16677109723179795273077321266
  9.4692375686806065255656340885618  22.333436984524129761743597093664
   9.504374167883999734454500417605  22.500102883363665851969068141392
  9.5393813474371348441507674688554  22.66676879349566177868104911614
  9.5742605269896540743059379590683  22.833434714672811855296697515621
  9.6090131004248339841412692831513  23.000100646654979591679061999763
  9.6436404365095927528980143582733  23.166766589208939770263156501299
  9.6781438795235652446537924852389  23.333432542108131577997463825789
  9.7125247498680638925590321085358  23.500098505132422245121937178499
  9.7467843446557059220551921972622  23.666764478067880672738775304657
  9.7809239382814518884324863999117  23.833430460706560560120011214752
  9.8149447829757668145898385766709  24.000096452846292569871550568233
  9.8488481093405832711468263473003  24.166762454290485094561733338675
  9.8826351268687154413003883264774  24.33342846484793321233935983282
   9.916307024447344461784823341935  24.500094484332635441518356063853
  9.9498649708461680398730170029941  24.666760512563617925192840304198
   9.983310115190781431132628616214  24.833426549364765696758969091489
  10.016643587421832245498556766182  25.000092594564660695843539012472
  10.049866498740468156941733501498  25.166758647996426221652662044717
  10.082979942040574355986741113588  25.33342470949757752722997755434
  10.115984992328276440207579973176  25.500090778909878273620619634791
  10.148882707129164325239406956566  25.666756856079202577537486197437
  10.181674126883673621118209801094  25.833422940855402399878748586783
  10.214360275331042702690985539092  26.000089033092180035404364506076
  10.246942159882246358442068320041  26.166755132646965476095169640719
  10.279420771982290382383332294839  26.333421239380798432237960866717
   10.31179708746223573449497125538  26.500087353158214806147627786432
  10.344072066881305895043874822567  26.666753473847137423693610324578
  10.376246655859416737867695089703  26.833419601318770838480742801758
  10.408321785400454610609523843609  27.000085735447500032679294054736
  10.440298372206615301283135554157  27.166751876110792847138743750288
  10.472177318984104157814195063085  27.333418023189105981585347092744
  10.503959514740485779592521010243  27.500084176565794413423579917706
  10.535645835073960388600702119243  27.666750336127024090962964674937
   10.56723714245483318502278385701  27.833416501761687763799627664633
  10.598734286499432672599131504574  28.000082673361323819619659729091
  10.630138104236724078047404581094  28.166748850820038002880851653742
  10.661449420367854563644229710855  28.333415034034427896691139345542
  10.692669047518857920865169396958  28.500081222903510054755291800188
  10.723797786486737815319490386516  28.666747417328649675523950115232
  10.754836426479140409725631237453  28.833413617213492715667880404768
  10.785785745347819304046686731325  29.000079822463900344730977066193
   10.81664650981608818283150344605  29.166746032987885647302895543137
  10.847419475700449332910786684362  29.333412248695552483310033564839
  10.878105388126579274383858412544  29.50007846949903642106488533214
  10.908704981739846119633514421934  29.666744695312447661550731199698
  10.939218980910526925036516652218  29.833410926051815876062615181397
  10.969648099933887214942364820228  30.000077161635036882787325227339
  10.999993043225279024911247396225  30.16674340198182109119469615288
  11.030254505510408219323041985404  30.333409647013643646239463106209
  11.060433172010916476096492270372  30.500075896653696207345996523826
  11.090529718625418187773722674975  30.666742150826840299975907946604
  11.120544812106127593558564266986  30.833408409459562180268592971196
  11.150479110231206721491401380382  31.000074672479929155804671007895
  11.180333261972960174728230289704  31.166740939817547307978954170888
  11.210107907661998432256155994083  31.333407211403520563789584840216
  11.239803679147487144143897054699  31.500073487170411067059496918081
   11.26942119995359587682573942874  31.666739767052200801211195782632
  11.298961085432255897569416658644  31.833406050984254417721497626878
  11.328423942912332872166964977227  32.000072338903283226294487387811
  11.357810371845316779342883369389  32.166738630747310304613418403575
  11.387120963947627913053159819112  32.333404926455636687270182543212
  11.416356303339634543718573887188  32.500071225968808595128663775995
  11.445516966681474635755649824606  32.666737529228585667959844490388
  11.474603523305770966075411553897  32.833403836177910164695827234664
  11.503616535347326051312859572029  33.000070146760877097090615081598
  11.532556557869880465476641160337  33.166736460922705263951009870619
