5
1
2
6
96
1.97788154062911340081196227731e-1 9.02357081070257624165617711631e-1
4.19764168515387730159906221480e-1 -5.90816911809772837950029277432e-1
-5.35421075930591066271692091629e-1 -5.41533237492652229359732922772e-1
4.62857189489655382288493593450e-1 8.38865955423800744454587919638e-1
-4.51856129464489186381393297575e-1 5.57133387464980290137039793067e-1
52
1.977881540629117e-01 9.023570810702579e-01
4.197641685153872e-01 -5.908169118097729e-01
-5.354210759305911e-01 -5.415332374926523e-01
4.628571894896556e-01 8.388659554238007e-01
-4.518561294644891e-01 5.571333874649809e-01
3.354904383474187e+00
0
3.008885627216497e-01
0.000000000000000e+00
10
1
0
0
96
9.22134687146094250368254602402e-1 1.77075543345722690532310377293
8.13837246853865568437709678549e-1 1.29562149693090269932193419659
-3.95007150666549229183939489752e-1 1.60844744343176639939519617019e-1
-6.60177094696271228486883514774e-1 -1.47213146072722894403316301722e-1
3.88709816581491944092831960125e-1 1.40155465456190998699458392934
52
9.221346871407402e-01 1.770755433459127e+00
8.138372468494899e-01 1.295621496932767e+00
-3.950071506709267e-01 1.608447443439901e-01
-6.601770946922125e-01 -1.472131460766789e-01
3.887098165776843e-01 1.401554654562044e+00
9.957073912789147e+00
0
1.004595355979471e-01
0.000000000000000e+00
10
1
0
0
96
7.06564169788795898330945911596e-1 1.42097997287910615178334299339
5.95908938251926929086778993613e-1 1.00085269686105269972495526069
-5.15509623441308931426428198047e-1 -1.41582017760896660103689572449e-1
-3.09039687386384805784442926273e-1 8.16534820933410220797297372353e-2
3.14761161032817489207475889109e-1 1.14322789898281387722959996126
52
7.065641697918453e-01 1.420979972879130e+00
5.959089382544371e-01 1.000852696860977e+00
-5.155096234389677e-01 -1.415820177605138e-01
-3.090396873891533e-01 8.165348209456187e-02
3.147611610347909e-01 1.143227898983465e+00
1.005811294484779e+01
0
9.943768274710293e-02
0.000000000000000e+00
10
1
0
0
96
1.79344808685125454030909640864 2.39579610822209658342722256598e-1
-4.01515362437272181925471573403 1.27412718750420527644592242280
9.18008470530672723811395970374e-2 -2.33488115489650239649543623467
1.06434992558316706105096854348 1.80916400308509964562016113137e-1
1.75414539934484546215234731352 3.17378234561337738484853442532
52
1.793448086851039e+00 2.395796108221902e-01
-4.015153624372462e+00 1.274127187504142e+00
9.180084705292044e-02 -2.334881154896430e+00
1.064349925583212e+00 1.809164003085353e-01
1.754145399344693e+00 3.173782345613115e+00
6.785094793721764e+00
0
1.475348644653832e-01
0.000000000000000e+00
10
1
0
0
96
-2.68303991472052770597843162423 -3.28416705639288431584751346586
-1.06631202786080143811766408031 3.30592616250372388492509834657
-4.13029761711559656097835447152 -3.79146231034556238641051513991
3.16221650621168081114662441975 8.50932538061509537292733004036e-1
1.94667825529243284228479102428 -3.08936544484152035868823929037
52
-2.683039914683640e+00 -3.284167056420002e+00
-1.066312027877817e+00 3.305926162520999e+00
-4.130297617094916e+00 -3.791462310373837e+00
3.162216506200270e+00 8.509325380776350e-01
1.946678255340065e+00 -3.089365444828974e+00
5.238604595992002e+00
0
1.922381555917727e-01
0.000000000000000e+00
10
1
0
0
96
-1.49077692334686553179493860426 1.96731201163150734792203012632
1.22434964548293612116737634247 -4.37164598836916346817584480098
-7.20112570772678633061602066100e-1 6.06394274265105146781241011470e-1
1.52527310868438565671593783409 1.35356474874519128019427862296
-3.91918301322422629853787815890 -2.02010493773983393100983344978e-1
52
-1.490776923346893e+00 1.967312011631582e+00
1.224349645482894e+00 -4.371645988369260e+00
-7.201125707726667e-01 6.063942742651529e-01
1.525273108684415e+00 1.353564748745169e+00
-3.919183013224334e+00 -2.020104937739331e-01
5.620052933603925e+00
0
1.782004533785826e-01
0.000000000000000e+00
10
1
0
0
-1

2
2 0

5
748573071438193001694263813896529487044739517224325171087877859646032101307491245744316996380459739080157404874131663747416372681167994078568205129498698661180948843242993462699357646529758580310671850464337846296307857285544699705730033006516006013314132142954834289950978481129864310929872692807634096604997/1250000000000000000000000000000000000000000000000000000000000000000000000000000000000000000000000000000000000000000000000000000000000000000000000000000000000000000000000000000000000000000000000000000000000000000000000000000000000000000000000000000000000000000000000000000000000000000000000000000000000000000000 -1195108029471641367870730463410959214180242958256135260551103593054650819480131843476421618610235411435778356300849312551595545692240627988155084777302485694943288961369727814222446856536543945155817246851385133841615826550726228358556628341597920067365942775201831396240062075261407363163562758361789256219969/5000000000000000000000000000000000000000000000000000000000000000000000000000000000000000000000000000000000000000000000000000000000000000000000000000000000000000000000000000000000000000000000000000000000000000000000000000000000000000000000000000000000000000000000000000000000000000000000000000000000000000000000000000000000000000000000000000000000000000000000000000000000000000000000000000000000000000000000000000000000000000000000000000000000000000000000000000000000000000000000000000000000000000000000000000000000000000000000000000000000000000000000000000000000000000000000000000000000000000000000000000000000000000000
1957792779591143317375071585614519606403819438120495276514385375053789157283776559404587630872374984508402353730664948076022790390655242220123437027389230582298824505839026480382973264764420662888581153337130448421823481969528826605303608005465942362807288254389099307927088819292692887361915277790294661293733/25000000000000000000000000000000000000000000000000000000000000000000000000000000000000000000000000000000000000000000000000000000000000000000000000000000000000000000000000000000000000000000000000000000000000000000000000000000000000000000000000000000000000000000000000000000000000000000000000000000000000000000000 88522519801015414933453193614562886757796184922657063036210488212381428196353703976156181179179190048143003913338847123491724933438262356270554543418268734168732477055961744829984498000802438612664388513517622445684298669848787639728990307709367493560925921454336113559621811912570192286184896681765594935591/625000000000000000000000000000000000000000000000000000000000000000000000000000000000000000000000000000000000000000000000000000000000000000000000000000000000000000000000000000000000000000000000000000000000000000000000000000000000000000000000000000000000000000000000000000000000000000000000000000000000000000000
50952470133479480813055135729902996934675333079547184557117978147374408431464007664450866992411562186173194706621186148950043792977077855503982915376748034073410806446704596182080824569332717594136898369223214947404852077191085759698148523743638492667186591221867741768456814670649145964367996720234633088417/2000000000000000000000000000000000000000000000000000000000000000000000000000000000000000000000000000000000000000000000000000000000000000000000000000000000000000000000000000000000000000000000000000000000000000000000000000000000000000000000000000000000000000000000000000000000000000000000000000000000000000000000 -282994102112620126738016007799800802294073937642433606693294581219406193909909867119886999101063742881478326164457453031530997731056562066833910496166700921856257949626745570795423588218661543993269702267452445083021092659818106875987979557992652043938704951095791374064069412782719120350403448198930992598527/2500000000000000000000000000000000000000000000000000000000000000000000000000000000000000000000000000000000000000000000000000000000000000000000000000000000000000000000000000000000000000000000000000000000000000000000000000000000000000000000000000000000000000000000000000000000000000000000000000000000000000000000
1510216038039824123863646911079358703074028851154239277493288834900522064535126718964323520721221173392633972059772300551972812567331590007906559329576870440137218948264045751884935170775608680970527618018319687161530276628106294038857483891066624304365586585532053238384336981908742568573788808063791054176893/100000000000000000000000000000000000000000000000000000000000000000000000000000000000000000000000000000000000000000000000000000000000000000000000000000000000000000000000000000000000000000000000000000000000000000000000000000000000000000000000000000000000000000000000000000000000000000000000000000000000000000000000 -6081185544780564266821312525085759663661025565411105173815254127203538228822366998771677020586552538469542880888314681971907620884662034623312260904716551297739825921901618203723836107088556013839988890444607629096523757879877820592288503917325655121948048829927185279126974330619336053793090547157834269673941/100000000000000000000000000000000000000000000000000000000000000000000000000000000000000000000000000000000000000000000000000000000000000000000000000000000000000000000000000000000000000000000000000000000000000000000000000000000000000000000000000000000000000000000000000000000000000000000000000000000000000000000000
1807573059724193855523108516857016045099367603458045726202988239216789093106559000162785554447226833231799452739097095874240584527949135071057669299897612086013203956372185214224319054976527340106442847070712689654159793570131067789318150871613972615587736147443912901805962605020007545084335921700038793309587/5000000000000000000000000000000000000000000000000000000000000000000000000000000000000000000000000000000000000000000000000000000000000000000000000000000000000000000000000000000000000000000000000000000000000000000000000000000000000000000000000000000000000000000000000000000000000000000000000000000000000000000000 -642027062143486268787263283175971511107316088503814429714539745602840605505153398784538661674185695833405096066937162689552898045622211171765048956485238122599124778405318915088021958774006842168540102243013933447839126206043857248666368069239494223105506619444194760051059249840679944204930110615250175848961/2500000000000000000000000000000000000000000000000000000000000000000000000000000000000000000000000000000000000000000000000000000000000000000000000000000000000000000000000000000000000000000000000000000000000000000000000000000000000000000000000000000000000000000000000000000000000000000000000000000000000000000000

0 0
2 5
1246635338271360600259166941506303507338138686716392550727154969591123818115159397401981591291925630544723787530333732891342534525611322247689907331592071555508327026714468843768778990327868047958959790956466837974219595445871606493923376068747228765145304437928920192535660123312032418480053713905431801594993/5000000000000000000000000000000000000000000000000000000000000000000000000000000000000000000000000000000000000000000000000000000000000000000000000000000000000000000000000000000000000000000000000000000000000000000000000000000000000000000000000000000000000000000000000000000000000000000000000000000000000000000000 1527950459668319857301294534689697651602442243992186494633596933086220438080538799539688829144639501874803186748206794700546043353158673584706239127952542696620113313854089131026948307991115887102761829231069879590719579228237482735608079683880349579598354572875139339603519701889737582753800352632012874379899/1000000000000000000000000000000000000000000000000000000000000000000000000000000000000000000000000000000000000000000000000000000000000000000000000000000000000000000000000000000000000000000000000000000000000000000000000000000000000000000000000000000000000000000000000000000000000000000000000000000000000000000000
2431266866648688668728776485974262410848108496510884624474380505956866053394275377863809740045470988398302664207801488893264244229924460676607103706928298166969159044724029038871138744992553125741117380582842982390745929357429452849217271772010881538861458489488981643701849620862606025494052060636528882982571/5000000000000000000000000000000000000000000000000000000000000000000000000000000000000000000000000000000000000000000000000000000000000000000000000000000000000000000000000000000000000000000000000000000000000000000000000000000000000000000000000000000000000000000000000000000000000000000000000000000000000000000000 -1421677600081120588439586809246496185831552858279444189350398275212270483039705966297682296700361161587866754734291569808819743171546854914308223782250476164205376490477849424199221863709499346785012115111720272472846882809515707423166823502568827368204792996472143491287771307501871936476980441933335880090583/100000000000000000000000000000000000000000000000000000000000000000000000000000000000000000000000000000000000000000000000000000000000000000000000000000000000000000000000000000000000000000000000000000000000000000000000000000000000000000000000000000000000000000000000000000000000000000000000000000000000000000000000
-7965162325450949119796563240741413757465599226949368412437590627901936092780126328632426601380962173247192770934352712390018372722555314787940140155540656630543486090412801120070235476973890464340968084935164949169700239236210600062171799363646691557571481693004100234556246060415891450473890431285904926697061/10000000000000000000000000000000000000000000000000000000000000000000000000000000000000000000000000000000000000000000000000000000000000000000000000000000000000000000000000000000000000000000000000000000000000000000000000000000000000000000000000000000000000000000000000000000000000000000000000000000000000000000000 3570885413850846992718706235711263740498048555140540405728622226485931810415480336469022357846031433279915393954570117709190123301629757207431131916511019305494682637568331210089046358388966349306552121823402530553254147853743957338071643824862613088792083432128039514373790475582474780676433082753879839218593/10000000000000000000000000000000000000000000000000000000000000000000000000000000000000000000000000000000000000000000000000000000000000000000000000000000000000000000000000000000000000000000000000000000000000000000000000000000000000000000000000000000000000000000000000000000000000000000000000000000000000000000000
-55275978005556187250015067484183005560172264935533681637732288444604514078190329384180885749189193981329849583850411802658918216305791655377549695851435764172094633220828616215755222243137911021094721052328065603666282333887819891903348650823658166642430534936690579657567939724986709636749814233983574858217/78125000000000000000000000000000000000000000000000000000000000000000000000000000000000000000000000000000000000000000000000000000000000000000000000000000000000000000000000000000000000000000000000000000000000000000000000000000000000000000000000000000000000000000000000000000000000000000000000000000000000000000 2036206462034403364635713159975942617014228971777452837638380753342753436369170942859805902648208136113569786193073733759846270624707885706099671364061745336881250657203181766259363427139102810877293248913783698615061035292428965771941787795520558099045908293619281854077038544476668598591287692019469584188923/5000000000000000000000000000000000000000000000000000000000000000000000000000000000000000000000000000000000000000000000000000000000000000000000000000000000000000000000000000000000000000000000000000000000000000000000000000000000000000000000000000000000000000000000000000000000000000000000000000000000000000000000
-556788143252636237902982710049869574699658093831953602036989184238058008630414458754876928025818861078589510723759938832038485185446321525866641844262664842284868915087206018036150452155338569510562192167020253463884613970838194442473101362396304208556600206586548707818311858833676830488345968581472385150449/500000000000000000000000000000000000000000000000000000000000000000000000000000000000000000000000000000000000000000000000000000000000000000000000000000000000000000000000000000000000000000000000000000000000000000000000000000000000000000000000000000000000000000000000000000000000000000000000000000000000000000000 -19065647204046149744566817049617420428677657474279909624438715729723994040371792589650079346223002070095431578718100877559057948427400670237909792005940012754740838749824392100304036425766563649284834953185985041911309852482010840735681909487767579018061562966761154812357614308793456597388960132841868428557/15625000000000000000000000000000000000000000000000000000000000000000000000000000000000000000000000000000000000000000000000000000000000000000000000000000000000000000000000000000000000000000000000000000000000000000000000000000000000000000000000000000000000000000000000000000000000000000000000000000000000000000
39925094169717454807151976466183850816772138591211881099814092986025649674877205368254153028518583566818705907734608084953417088383425919702973533501743486472528077814305040342143729394821657379496574380889247021546344646421999940705161516151586497179583017525803387456318637995879539356000513046548408897503/31250000000000000000000000000000000000000000000000000000000000000000000000000000000000000000000000000000000000000000000000000000000000000000000000000000000000000000000000000000000000000000000000000000000000000000000000000000000000000000000000000000000000000000000000000000000000000000000000000000000000000000 -1861731075972656126593805328316494132081769638388214966892776238992670473964191709825547820186156972568227446593385802629428224286990083619405119823909549823430255190284755416598230689143907323653332308881846632224801680007105952566860578085170463647152486002425140010728989883190512418052390164279406752110143/10000000000000000000000000000000000000000000000000000000000000000000000000000000000000000000000000000000000000000000000000000000000000000000000000000000000000000000000000000000000000000000000000000000000000000000000000000000000000000000000000000000000000000000000000000000000000000000000000000000000000000000000
-2587017045380911764832237640642182309269463129715027105551191916010663916941438339080707777991771937394900395301008184468169014052203968410024923041266652907895545209396264710358639173671154190406671663934765406973253815293137611273340904974539005655243041996651592418795771864875548549557411159061677068999801/1000000000000000000000000000000000000000000000000000000000000000000000000000000000000000000000000000000000000000000000000000000000000000000000000000000000000000000000000000000000000000000000000000000000000000000000000000000000000000000000000000000000000000000000000000000000000000000000000000000000000000000000 -481377287408215665541797853608739475357613361949404429192981206417611780679883596601265703589218833641360272394194129694024097804022971990484810771449993449256483760111660332212928003239239252765902800149569928785227481990000050049263470912399847802452168286781555357156535204058104480695081667654923649612831/1000000000000000000000000000000000000000000000000000000000000000000000000000000000000000000000000000000000000000000000000000000000000000000000000000000000000000000000000000000000000000000000000000000000000000000000000000000000000000000000000000000000000000000000000000000000000000000000000000000000000000000000
-1167891193575081086308400315605237887268347990309759300623364445331272330441516078970041018180937579454599855067935100764078136557278488945780495642270218428434374590579629833280421646509718761743021833709759829352002844448009258978989381477911484923717170289218711080503450819416286477536977906324438732235761/500000000000000000000000000000000000000000000000000000000000000000000000000000000000000000000000000000000000000000000000000000000000000000000000000000000000000000000000000000000000000000000000000000000000000000000000000000000000000000000000000000000000000000000000000000000000000000000000000000000000000000000 -900986881411808028847779182045681259325042520668787731153748888736862079052504608095326190767506588455857445222066190101275618609930964077452831893177555452795345119751389587037983907282612627661412588823136253470231495459174711966263552812693176250968344987027678617018859385452841874507596714706675757965713/500000000000000000000000000000000000000000000000000000000000000000000000000000000000000000000000000000000000000000000000000000000000000000000000000000000000000000000000000000000000000000000000000000000000000000000000000000000000000000000000000000000000000000000000000000000000000000000000000000000000000000000
-1289334095041529928311770652634281808493360808014006508359431219703984878591835308283249887164316880393164005262936491957131965103123524390189471306825974357407691987971310547446256290887789813640513444026744009293503166382955278816422774109471938806190691058833434840094983205681479499404157173201615329142323/500000000000000000000000000000000000000000000000000000000000000000000000000000000000000000000000000000000000000000000000000000000000000000000000000000000000000000000000000000000000000000000000000000000000000000000000000000000000000000000000000000000000000000000000000000000000000000000000000000000000000000000 -1346313814219543641671807698567932220557135687176095312377424721736550664298562788838185311898839318222329340613983926133115959970641363097725544116654843438653894479520657024480016256975920536045060626733896163284937453154939531337826322924989281423738744341722253147732407650497791288420091989829425711178069/500000000000000000000000000000000000000000000000000000000000000000000000000000000000000000000000000000000000000000000000000000000000000000000000000000000000000000000000000000000000000000000000000000000000000000000000000000000000000000000000000000000000000000000000000000000000000000000000000000000000000000000
-1024350638002369154649997428470759894262106511069345957696508529854369113896555845117003984681820175233464872245827889121211679791664128530669765740349747054142351858697501569716006152777642326042359749984908634364381325155763282169120513668939136857677582567946460829339111640876741058406365399034426899210873/1000000000000000000000000000000000000000000000000000000000000000000000000000000000000000000000000000000000000000000000000000000000000000000000000000000000000000000000000000000000000000000000000000000000000000000000000000000000000000000000000000000000000000000000000000000000000000000000000000000000000000000000 153141521616907257838438808567443251460331733416796941545567642903212540972383880888092248536023897106459742846717941549481244809265784748522732497835019597410273950637285304658408081959758808555106555077676755925234764291396464159122831901922330447002559025126585540969330674301694170373203368890286675081163/100000000000000000000000000000000000000000000000000000000000000000000000000000000000000000000000000000000000000000000000000000000000000000000000000000000000000000000000000000000000000000000000000000000000000000000000000000000000000000000000000000000000000000000000000000000000000000000000000000000000000000000

5
1291658365251308718066984706512732299848883073014917654715911739422590868522792926638232136191350654079529437448290320550058041281409581936458831511055365531943383442597399606295913039942816572466215565039064860095859261365314277350509417206362385257126940429904233039269575796088524525298516132019225547567267/2500000000000000000000000000000000000000000000000000000000000000000000000000000000000000000000000000000000000000000000000000000000000000000000000000000000000000000000000000000000000000000000000000000000000000000000000000000000000000000000000000000000000000000000000000000000000000000000000000000000000000000000 -969531100640382627216371805000219428395272825676107337222525593841110335365431904927475495706546754219655212418388668617491225135093477054368897488064601611247413327289612809927484471726460613807735262434688388022625036124522598699365890352458931633547421182686942905566655920513974510894458331725809664283943/5000000000000000000000000000000000000000000000000000000000000000000000000000000000000000000000000000000000000000000000000000000000000000000000000000000000000000000000000000000000000000000000000000000000000000000000000000000000000000000000000000000000000000000000000000000000000000000000000000000000000000000000
1550520828498097368297313377656056653485879291866287854768926536192390162103184172137945402560181323755863565278487672616936839223434524934110349588970406484068884895055217406988003574359887388270841568819190455792408869400782636366324125358602358062114222712804559208786787846723693330062242514291561962000023/10000000000000000000000000000000000000000000000000000000000000000000000000000000000000000000000000000000000000000000000000000000000000000000000000000000000000000000000000000000000000000000000000000000000000000000000000000000000000000000000000000000000000000000000000000000000000000000000000000000000000000000000 -3644839992577451606578639389463916758852623647403770754604642005333912118766416688089599190229788595054642994736156947432915515075958285463732261828827501340165905246368515287110562123165513446728988859952338909975005527136808862295882323043008420957947601549001105090834910193953270594502265725920256245002627/10000000000000000000000000000000000000000000000000000000000000000000000000000000000000000000000000000000000000000000000000000000000000000000000000000000000000000000000000000000000000000000000000000000000000000000000000000000000000000000000000000000000000000000000000000000000000000000000000000000000000000000000
-1588480883111752750582717789580910110468684186709721989636866964894286988626981057184542943937659943084640707752738752162629619053425638959251871465408104087254895979379843106519649614147490474663474448766521475787041532716052769424409014553694867803447398898409216617792738348260401640371235650474753401380617/10000000000000000000000000000000000000000000000000000000000000000000000000000000000000000000000000000000000000000000000000000000000000000000000000000000000000000000000000000000000000000000000000000000000000000000000000000000000000000000000000000000000000000000000000000000000000000000000000000000000000000000000 2547644981732095645712462857698297912711755434347159583133662831208870323404846159004968053702895379267897287540313687515525366317190332524402790199250979565984214158907969121113785666363898144886014279739648834327233792557365668213266199131374843049911121081928942317117568527607478293272392983602200746349611/10000000000000000000000000000000000000000000000000000000000000000000000000000000000000000000000000000000000000000000000000000000000000000000000000000000000000000000000000000000000000000000000000000000000000000000000000000000000000000000000000000000000000000000000000000000000000000000000000000000000000000000000
3341391657726908957715686487509922427819854881865964399970880191220714948585733188154235598347317872155788491915467588821024313837456337783009294896306409172513942711052487027045324377532985313312640070804737084487103013421160477288260422439535011645203389173020951276074306968265192256083010403080489701034187/10000000000000000000000000000000000000000000000000000000000000000000000000000000000000000000000000000000000000000000000000000000000000000000000000000000000000000000000000000000000000000000000000000000000000000000000000000000000000000000000000000000000000000000000000000000000000000000000000000000000000000000000 -12657090979324340333847195278152032762394176180081256457851825956008452374569050663354636096109795409140934775314303513208104856179406079875830653799228213256553217274637917638832956894840568475971738144309282701767602918655831092785574956169364055088610842240197047832850473090911791132200791934842726254507/39062500000000000000000000000000000000000000000000000000000000000000000000000000000000000000000000000000000000000000000000000000000000000000000000000000000000000000000000000000000000000000000000000000000000000000000000000000000000000000000000000000000000000000000000000000000000000000000000000000000000000000
-2406617146234067691657719309000672211189680631007010718028791665814054844421525770794569636480721916653955394028507080651466326598967321108270539589094955046148274361309781029230021555138961189813010862330737840476448635660876574852464765480899831668725564927440080605841145649058815365271135902596824331047259/5000000000000000000000000000000000000000000000000000000000000000000000000000000000000000000000000000000000000000000000000000000000000000000000000000000000000000000000000000000000000000000000000000000000000000000000000000000000000000000000000000000000000000000000000000000000000000000000000000000000000000000000 -219807956914673955578061296359014973637686065455883596213422769605485600259927370938105944023735330792739594874383485269649450205032603769374450648522300567951807957815610440918934151359874416273159822436728364568459494664386801835919076404130648473914054777738419739108460887951778106696341786493353902352411/20000000000000000000000000000000000000000000000000000000000000000000000000000000000000000000000000000000000000000000000000000000000000000000000000000000000000000000000000000000000000000000000000000000000000000000000000000000000000000000000000000000000000000000000000000000000000000000000000000000000000000000000

