    1    2        -0.5489972830E+00
    2    3        -0.3857813776E+00
    3    5        -0.2186999321E+00
    4    9         0.6737365723E+00
    5   10         0.6516325474E-01
    6   11         0.1894748211E-01
    7   16         0.3702321649E+00
    8   17         0.2661246061E+00
    9   20        -0.4214334488E-01
   10   22        -0.4325518608E+00
   11   23        -0.8780407906E+00
   12   24        -0.6364182234E+00
   13   26        -0.7557642460E-01
   14   28        -0.3869669437E+00
   15   29        -0.6587114930E-01
   16   31        -0.1018772125E+00
   17   33        -0.4864811897E-01
