 # Function values at  1326  Padua points
 -.10000000E+01 0.61232340E-16 0.18381885E+00
 -.99809853E+00 0.30937238E-02 0.18433383E+00
 -.99234438E+00 0.12292003E-01 0.18591493E+00
 -.98259265E+00 0.27345851E-01 0.18866914E+00
 -.96861627E+00 0.47839527E-01 0.19276981E+00
 -.95012717E+00 0.73190265E-01 0.19844915E+00
 -.92680501E+00 0.10264960E+00 0.20598709E+00
 -.89833232E+00 0.13530779E+00 0.21569507E+00
 -.86443475E+00 0.17010304E+00 0.22789249E+00
 -.82492439E+00 0.20583713E+00 0.24287247E+00
 -.77974380E+00 0.24119910E+00 0.26085390E+00
 -.72900805E+00 0.27479775E+00 0.28191964E+00
 -.67304158E+00 0.30520356E+00 0.30594640E+00
 -.61240662E+00 0.33099940E+00 0.33254176E+00
 -.54792006E+00 0.35083868E+00 0.36101516E+00
 -.48065597E+00 0.36350838E+00 0.39042113E+00
 -.41193166E+00 0.36799371E+00 0.41973608E+00
 -.34327629E+00 0.36354008E+00 0.44832001E+00
 -.27638221E+00 0.34970782E+00 0.47702873E+00
 -.21304066E+00 0.32641492E+00 0.51025103E+00
 -.15506500E+00 0.29396354E+00 0.55705148E+00
 -.10420576E+00 0.25304662E+00 0.62540641E+00
 -.62063329E-01 0.20473277E+00 0.70727204E+00
 -.30003972E-01 0.15042859E+00 0.77260341E+00
 -.90857834E-02 0.91819925E-01 0.79402262E+00
 -.29619776E-17 0.30795059E-01 0.77811464E+00
 -.30324288E-02 -.30645391E-01 0.75780028E+00
 -.18048031E-01 -.90486014E-01 0.75790623E+00
 -.44499881E-01 -.14679496E+00 0.78008565E+00
 -.81461729E-01 -.19781646E+00 0.81294639E+00
 -.12768147E+00 -.24205139E+00 0.84421968E+00
 -.18165124E+00 -.27832093E+00 0.86483282E+00
 -.24168860E+00 -.30580982E+00 0.86883704E+00
 -.30602281E+00 -.32408752E+00 0.85316978E+00
 -.37287996E+00 -.33310740E+00 0.81778432E+00
 -.44056134E+00 -.33318579E+00 0.76549419E+00
 -.50751048E+00 -.32496402E+00 0.70119870E+00
 -.57236535E+00 -.30935752E+00 0.63067909E+00
 -.63399383E+00 -.28749661E+00 0.55939886E+00
 -.69151185E+00 -.26066365E+00 0.49167208E+00
 -.74428516E+00 -.23023063E+00 0.43033029E+00
 -.79191622E+00 -.19760085E+00 0.37680483E+00
 -.83421915E+00 -.16415722E+00 0.33144219E+00
 -.87118545E+00 -.13121890E+00 0.29388110E+00
 -.90294395E+00 -.10000684E+00 0.26338352E+00
 -.92971786E+00 -.71618094E-01 0.23907685E+00
 -.95178185E+00 -.47008083E-01 0.22010770E+00
 -.96942159E+00 -.26979297E-01 0.20572689E+00
 -.98289770E+00 -.12174988E-01 0.19532885E+00
 -.99241574E+00 -.30761094E-02 0.18846505E+00
 -.99810333E+00 -.61116202E-16 0.18484520E+00
 -.99999520E+00 -.30996028E-02 0.18433496E+00
 -.99802677E+00 -.12362390E-01 0.18695526E+00
 -.99203641E+00 -.27608674E-01 0.19288554E+00
 -.98177639E+00 -.48489500E-01 0.20247115E+00
 -.96693232E+00 -.74484800E-01 0.21623332E+00
 -.94715037E+00 -.10490298E+00 0.23487642E+00
 -.92207150E+00 -.13888342E+00 0.25928333E+00
 -.89137126E+00 -.17540359E+00 0.29048240E+00
 -.85480334E+00 -.21329260E+00 0.32956201E+00
 -.81224461E+00 -.25125261E+00 0.37750175E+00
 -.76373887E+00 -.28788944E+00 0.43489165E+00
 -.70953626E+00 -.32175277E+00 0.50153257E+00
 -.65012481E+00 -.35138570E+00 0.57596501E+00
 -.58625119E+00 -.37538249E+00 0.65505912E+00
 -.51892731E+00 -.39245206E+00 0.73388531E+00
 -.44942076E+00 -.40148411E+00 0.80610212E+00
 -.37922759E+00 -.40161362E+00 0.86496840E+00
 -.31002740E+00 -.39227925E+00 0.90480368E+00
 -.24362195E+00 -.37327071E+00 0.92241772E+00
 -.18186030E+00 -.34476058E+00 0.91793630E+00
 -.12655451E+00 -.30731689E+00 0.89471769E+00
 -.79391349E-01 -.26189396E+00 0.85861254E+00
 -.41846098E-01 -.20980054E+00 0.81736076E+00
 -.15104673E-01 -.15264616E+00 0.78072127E+00
 -.26624091E-16 -.92268359E-01 0.75972765E+00
 0.30324288E-02 -.30645391E-01 0.76040294E+00
 -.60236268E-02 0.30200191E-01 0.77225866E+00
 -.26767630E-01 0.88300307E-01 0.76808881E+00
 -.58408682E-01 0.14183591E+00 0.72811214E+00
 -.99813610E-01 0.18922105E+00 0.66207568E+00
 -.14957275E+00 0.22917117E+00 0.59640111E+00
 -.20607819E+00 0.26075178E+00 0.54646658E+00
 -.26760849E+00 0.28340558E+00 0.51037749E+00
 -.33241380E+00 0.29695749E+00 0.48039302E+00
 -.39879551E+00 0.30159931E+00 0.45142816E+00
 -.46517574E+00 0.29785667E+00 0.42194805E+00
 -.53015291E+00 0.28654213E+00 0.39226310E+00
 -.59254112E+00 0.26869909E+00 0.36325639E+00
 -.65139251E+00 0.24554077E+00 0.33581210E+00
 -.70600319E+00 0.21838882E+00 0.31060146E+00
 -.75590404E+00 0.18861500E+00 0.28802475E+00
 -.80083906E+00 0.15758871E+00 0.26822909E+00
 -.84073388E+00 0.12663225E+00 0.25116198E+00
 -.87565773E+00 0.96984711E-01 0.23663540E+00
 -.90578182E+00 0.69774250E-01 0.22438553E+00
 -.93133700E+00 0.45998321E-01 0.21412156E+00
 -.95257318E+00 0.26510400E-01 0.20556246E+00
 -.96972254E+00 0.12011790E-01 0.19846314E+00
 -.98296838E+00 0.30468261E-02 0.19263192E+00
 -.99242051E+00 0.60768230E-16 0.18794140E+00
 -.99992329E+00 0.12385882E-01 0.18182213E+00
 -.99771702E+00 0.27766767E-01 0.18048744E+00
 -.99121230E+00 0.48955535E-01 0.18047427E+00
 -.98006956E+00 0.75496789E-01 0.18198388E+00
 -.96390287E+00 0.10675843E+00 0.18526655E+00
 -.94231296E+00 0.14193221E+00 0.19061201E+00
 -.91492650E+00 0.18003878E+00 0.19833624E+00
 -.88143973E+00 0.21993897E+00 0.20876128E+00
 -.84166429E+00 0.26035304E+00 0.22218349E+00
 -.79557257E+00 0.29988908E+00 0.23882583E+00
 -.74333942E+00 0.33708146E+00 0.25877280E+00
 -.68537686E+00 0.37043906E+00 0.28189360E+00
 -.62235847E+00 0.39850234E+00 0.30777063E+00
 -.55523018E+00 0.41990704E+00 0.33566347E+00
 -.48520505E+00 0.43345153E+00 0.36454870E+00
 -.41374036E+00 0.43816369E+00 0.39328594E+00
 -.34249655E+00 0.43336264E+00 0.42101837E+00
 -.27327910E+00 0.41871056E+00 0.44812958E+00
 -.20796575E+00 0.39424983E+00 0.47830759E+00
 -.14842319E+00 0.36042140E+00 0.52104893E+00
 -.96418211E-01 0.31806169E+00 0.58919880E+00
 -.53529488E-01 0.26837665E+00 0.68412362E+00
 -.21066264E-01 0.21289335E+00 0.77865714E+00
 -.73768758E-16 0.15339165E+00 0.82985043E+00
 0.90857834E-02 0.91819925E-01 0.82189749E+00
 0.60236268E-02 0.30200191E-01 0.78357008E+00
 -.89338395E-02 -.29470700E-01 0.75541806E+00
 -.35134071E-01 -.85317333E-01 0.75472391E+00
 -.71567121E-01 -.13567294E+00 0.77454591E+00
 -.11692688E+00 -.17915208E+00 0.80011553E+00
 -.16968605E+00 -.21470463E+00 0.81933331E+00
 -.22817904E+00 -.24164858E+00 0.82476086E+00
 -.29068668E+00 -.25968111E+00 0.81282836E+00
 -.35551691E+00 -.26886876E+00 0.78314607E+00
 -.42107643E+00 -.26961944E+00 0.73797415E+00
 -.48592942E+00 -.26263980E+00 0.68144317E+00
 -.54884069E+00 -.24888230E+00 0.61851964E+00
 -.60880222E+00 -.22948646E+00 0.55399390E+00
 -.66504311E+00 -.20571859E+00 0.49176136E+00
 -.71702446E+00 -.17891368E+00 0.43450416E+00
 -.76442112E+00 -.15042240E+00 0.38371641E+00
 -.80709311E+00 -.12156525E+00 0.33993487E+00
 -.84504983E+00 -.93594690E-01 0.30303869E+00
 -.87840983E+00 -.67665730E-01 0.27252681E+00
 -.90735927E+00 -.44814071E-01 0.24773178E+00
 -.93211133E+00 -.25940941E-01 0.22796416E+00
 -.95286890E+00 -.11803027E-01 0.21259930E+00
 -.96979228E+00 -.30059853E-02 0.20112396E+00
 -.98297310E+00 -.60189743E-16 0.19315824E+00
 -.99961296E+00 -.27819532E-01 0.18869378E+00
 -.99688820E+00 -.49235865E-01 0.19390957E+00
 -.98948907E+00 -.76222393E-01 0.20301047E+00
 -.97699895E+00 -.10820890E+00 0.21660147E+00
 -.95897989E+00 -.14444260E+00 0.23550131E+00
 -.93501110E+00 -.18399101E+00 0.26074649E+00
 -.90473252E+00 -.22575104E+00 0.29356334E+00
 -.86789126E+00 -.26846586E+00 0.33527717E+00
 -.82438839E+00 -.31075113E+00 0.38711832E+00
 -.77432284E+00 -.35113148E+00 0.44988541E+00
 -.71802904E+00 -.38808723E+00 0.52345321E+00
 -.65610493E+00 -.42011053E+00 0.60618384E+00
 -.58942687E+00 -.44576916E+00 0.69441394E+00
 -.51914879E+00 -.46377473E+00 0.78230481E+00
 -.44668367E+00 -.47305166E+00 0.86235777E+00
 -.37366650E+00 -.47280213E+00 0.92671014E+00
 -.30189960E+00 -.46256210E+00 0.96894464E+00
 -.23328232E+00 -.44224355E+00 0.98576760E+00
 -.16972885E+00 -.41215870E+00 0.97783988E+00
 -.11307933E+00 -.37302291E+00 0.94941831E+00
 -.65009822E-01 -.32593471E+00 0.90710251E+00
 -.26947945E-01 -.27233296E+00 0.85852874E+00
 -.14403788E-15 -.21393308E+00 0.81195606E+00
 0.15104673E-01 -.15264616E+00 0.77661037E+00
 0.18048031E-01 -.90486014E-01 0.76069285E+00
 0.89338395E-02 -.29470700E-01 0.76323190E+00
 -.11726184E-01 0.28475116E-01 0.76651566E+00
 -.43049153E-01 0.81610174E-01 0.74663096E+00
 -.83837466E-01 0.12845341E+00 0.69797050E+00
 -.13265023E+00 0.16784302E+00 0.63818315E+00
 -.18788403E+00 0.19897493E+00 0.58647448E+00
 -.24785689E+00 0.22141968E+00 0.54763577E+00
 -.31088971E+00 0.23511830E+00 0.51650411E+00
 -.37537983E+00 0.24035945E+00 0.48755786E+00
 -.43986263E+00 0.23774118E+00 0.45836906E+00
 -.50305833E+00 0.22812141E+00 0.42874300E+00
 -.56390252E+00 0.21256163E+00 0.39936025E+00
 -.62156029E+00 0.19226800E+00 0.37104160E+00
 -.67542496E+00 0.16853367E+00 0.34445916E+00
 -.72510346E+00 0.14268549E+00 0.32004908E+00
 -.77039077E+00 0.11603710E+00 0.29801306E+00
 -.81123637E+00 0.89849633E-01 0.27836094E+00
 -.84770574E+00 0.65300530E-01 0.26096821E+00
 -.87993962E+00 0.43459827E-01 0.24563320E+00
 -.90811366E+00 0.25273079E-01 0.23212624E+00
 -.93240070E+00 0.11549491E-01 0.22022757E+00
 -.95293742E+00 0.29537417E-02 0.20975442E+00
 -.96979694E+00 0.59382936E-16 0.20057792E+00
 -.99878256E+00 0.49329427E-01 0.17646624E+00
 -.99515510E+00 0.76658859E-01 0.17401771E+00
 -.98638894E+00 0.10924890E+00 0.17335133E+00
 -.97200909E+00 0.14640507E+00 0.17471395E+00
 -.95154889E+00 0.18724531E+00 0.17838361E+00
 -.92459334E+00 0.23070677E+00 0.18466038E+00
 -.89082601E+00 0.27556029E+00 0.19384940E+00
 -.85007703E+00 0.32043439E+00 0.20623042E+00
 -.80236899E+00 0.36384954E+00 0.22200814E+00
 -.74795749E+00 0.40426324E+00 0.24124157E+00
 -.68736256E+00 0.44012511E+00 0.26375897E+00
 -.62138766E+00 0.46994033E+00 0.28907890E+00
 -.55112323E+00 0.49233867E+00 0.31637275E+00
 -.47793255E+00 0.50614519E+00 0.34451263E+00
 -.40341900E+00 0.51044812E+00 0.37224833E+00
 -.32937490E+00 0.50465897E+00 0.39858443E+00
 -.25771396E+00 0.48855970E+00 0.42361156E+00
 -.19039068E+00 0.46233255E+00 0.45043277E+00
 -.12931149E+00 0.42656913E+00 0.48838824E+00
 -.76243551E-01 0.38225639E+00 0.55363767E+00
 -.32727402E-01 0.33073952E+00 0.65726333E+00
 -.23689686E-15 0.27366299E+00 0.78127705E+00
 0.21066264E-01 0.21289335E+00 0.87429468E+00
 0.30003972E-01 0.15042859E+00 0.89324827E+00
 0.26767630E-01 0.88300307E-01 0.84803186E+00
 0.11726184E-01 0.28475116E-01 0.78813986E+00
 -.14367885E-01 -.27237832E-01 0.75326411E+00
 -.50430028E-01 -.77267473E-01 0.75015445E+00
 -.95111232E-01 -.12034473E+00 0.76500448E+00
 -.14687631E+00 -.15554650E+00 0.78159472E+00
 -.20408689E+00 -.18231833E+00 0.78898087E+00
 -.26508320E+00 -.20047596E+00 0.78173970E+00
 -.32825929E+00 -.21018770E+00 0.75850038E+00
 -.39212729E+00 -.21194072E+00 0.72074718E+00
 -.45536770E+00 -.20649518E+00 0.67183499E+00
 -.51686376E+00 -.19483049E+00 0.61601366E+00
 -.57571968E+00 -.17808807E+00 0.55753259E+00
 -.63126334E+00 -.15751435E+00 0.49998928E+00
 -.68303524E+00 -.13440733E+00 0.44600408E+00
 -.73076607E+00 -.11006878E+00 0.39718631E+00
 -.77434561E+00 -.85763744E-01 0.35428866E+00
 -.81378600E+00 -.62687622E-01 0.31744030E+00
 -.84918205E+00 -.41940724E-01 0.28637922E+00
 -.88067121E+00 -.24509347E-01 0.26064287E+00
 -.90839559E+00 -.11252143E-01 0.23970549E+00
 -.93246775E+00 -.28902935E-02 0.22306767E+00
 -.95294200E+00 -.58350869E-16 0.21031008E+00
 -.99704617E+00 -.76804532E-01 0.19868905E+00
 -.99203722E+00 -.10987449E+00 0.20770811E+00
 -.98135112E+00 -.14781218E+00 0.22167485E+00
 -.96447713E+00 -.18978932E+00 0.24154818E+00
 -.94094687E+00 -.23478734E+00 0.26855040E+00
 -.91038156E+00 -.28160943E+00 0.30414094E+00
 -.87254103E+00 -.32890214E+00 0.34991166E+00
 -.82737148E+00 -.37518740E+00 0.40735036E+00
 -.77504868E+00 -.41890575E+00 0.47742035E+00
 -.71601279E+00 -.45847013E+00 0.55994090E+00
 -.65099132E+00 -.49232885E+00 0.65285194E+00
 -.58100706E+00 -.51903500E+00 0.75160066E+00
 -.50736847E+00 -.53731873E+00 0.84903173E+00
 -.43164119E+00 -.54615781E+00 0.93615447E+00
 -.35560076E+00 -.54484151E+00 0.10038707E+01
 -.28116801E+00 -.53302257E+00 0.10452257E+01
 -.21033028E+00 -.51075262E+00 0.10573038E+01
 -.14505313E+00 -.47849722E+00 0.10419180E+01
 -.87188062E-01 -.43712804E+00 0.10048148E+01
 -.38382714E-01 -.38789147E+00 0.95387978E+00
 -.12790055E-14 -.33235480E+00 0.89730098E+00
 0.26947945E-01 -.27233296E+00 0.84266854E+00
 0.41846098E-01 -.20980054E+00 0.79742947E+00
 0.44499881E-01 -.14679496E+00 0.76919091E+00
 0.35134071E-01 -.85317333E-01 0.76171635E+00
 0.14367885E-01 -.27237832E-01 0.76628259E+00
 -.16831292E-01 0.25788433E-01 0.76131760E+00
 -.57211439E-01 0.72389926E-01 0.73071108E+00
 -.10531143E+00 0.11152803E+00 0.68044061E+00
 -.15954272E+00 0.14252538E+00 0.62909155E+00
 -.21827114E+00 0.16507314E+00 0.58774096E+00
 -.27989354E+00 0.17921863E+00 0.55535309E+00
 -.34290448E+00 0.18533630E+00 0.52668837E+00
 -.40594970E+00 0.18408564E+00 0.49829429E+00
 -.46786435E+00 0.17636029E+00 0.46921376E+00
 -.52769516E+00 0.16323259E+00 0.43979376E+00
 -.58470712E+00 0.14589753E+00 0.41075549E+00
 -.63837603E+00 0.12561931E+00 0.38277662E+00
 -.68836932E+00 0.10368294E+00 0.35635020E+00
 -.73451749E+00 0.81352525E-01 0.33176193E+00
 -.77677930E+00 0.59836919E-01 0.30911865E+00
 -.81520324E+00 0.40262526E-01 0.28839726E+00
 -.84988807E+00 0.23652643E-01 0.26949753E+00
 -.88094461E+00 0.10912113E-01 0.25228922E+00
 -.90846091E+00 0.28158815E-02 0.23664891E+00
 -.93247223E+00 0.57097457E-16 0.22248546E+00
 -.99392237E+00 0.11008328E+00 0.16946994E+00
 -.98697056E+00 0.14865858E+00 0.16702909E+00
 -.97374677E+00 0.19161340E+00 0.16691951E+00
 -.95373106E+00 0.23797728E+00 0.16939044E+00
 -.92648372E+00 0.28659033E+00 0.17471099E+00
 -.89169518E+00 0.33612225E+00 0.18315522E+00
 -.84923547E+00 0.38510204E+00 0.19497046E+00
 -.79919985E+00 0.43195920E+00 0.21032237E+00
 -.74194694E+00 0.47507603E+00 0.22921553E+00
 -.67812554E+00 0.51284981E+00 0.25139876E+00
 -.60868694E+00 0.54376246E+00 0.27628130E+00
 -.53487977E+00 0.56645403E+00 0.30290223E+00
 -.45822603E+00 0.57979573E+00 0.33000117E+00
 -.38047771E+00 0.58295727E+00 0.35622577E+00
 -.30355549E+00 0.57546350E+00 0.38051250E+00
 -.22947203E+00 0.55723522E+00 0.40281942E+00
 -.16024454E+00 0.52861021E+00 0.42582776E+00
 -.97801840E-01 0.49034151E+00 0.45834896E+00
 -.43892426E-01 0.44357202E+00 0.51814656E+00
 -.15750003E-14 0.38978587E+00 0.62444157E+00
 0.32727402E-01 0.33073952E+00 0.77254259E+00
 0.53529488E-01 0.26837665E+00 0.91336382E+00
 0.62063329E-01 0.20473277E+00 0.98053045E+00
 0.58408682E-01 0.14183591E+00 0.95174642E+00
 0.43049153E-01 0.81610174E-01 0.86861206E+00
 0.16831292E-01 0.25788433E-01 0.79148071E+00
 -.19094624E-01 -.24160525E-01 0.75136914E+00
 -.63347079E-01 -.67086494E-01 0.74456176E+00
 -.11439335E+00 -.10219179E+00 0.75296443E+00
 -.17063110E+00 -.12904414E+00 0.76046044E+00
 -.23046607E+00 -.14756972E+00 0.75772191E+00
 -.29238091E+00 -.15802884E+00 0.74117411E+00
 -.35499179E+00 -.16097781E+00 0.71101687E+00
 -.41709017E+00 -.15722109E+00 0.66969525E+00
 -.47766892E+00 -.14775791E+00 0.62076096E+00
 -.53593291E+00 -.13372727E+00 0.56798489E+00
 -.59129525E+00 -.11635478E+00 0.51472622E+00
 -.64336135E+00 -.96903789E-01 0.46358531E+00
 -.69190310E+00 -.76632708E-01 0.41631124E+00
 -.73682601E+00 -.56759234E-01 0.37388618E+00
 -.77813209E+00 -.38431598E-01 0.33669808E+00
 -.81588101E+00 -.22706216E-01 0.30473187E+00
 -.85015192E+00 -.10530689E-01 0.27773840E+00
 -.88100796E+00 -.27307878E-02 0.25536490E+00
 -.90846527E+00 -.55627454E-16 0.23724668E+00
 -.98884607E+00 -.14894107E+00 0.21714622E+00
 -.97932266E+00 -.19271062E+00 0.23216530E+00
 -.96289742E+00 -.24026449E+00 0.25390225E+00
 -.93907141E+00 -.29048410E+00 0.28381007E+00
 -.90746682E+00 -.34206733E+00 0.32362694E+00
 -.86787801E+00 -.39355586E+00 0.37524221E+00
 -.82031938E+00 -.44337409E+00 0.44038932E+00
 -.76506662E+00 -.48987979E+00 0.52009967E+00
 -.70268741E+00 -.53142534E+00 0.61390890E+00
 -.63405786E+00 -.56642723E+00 0.71894841E+00
 -.56036209E+00 -.59344059E+00 0.82926376E+00
 -.48307265E+00 -.61123429E+00 0.93586772E+00
 -.40391138E+00 -.61886168E+00 0.10279569E+01
 -.32479148E+00 -.61572150E+00 0.10952577E+01
 -.24774332E+00 -.60160404E+00 0.11307732E+01
 -.17482809E+00 -.57671799E+00 0.11327553E+01
 -.10804462E+00 -.54169495E+00 0.11049813E+01
 -.49235640E-01 -.49756995E+00 0.10552803E+01
 -.18868318E-14 -.44573836E+00 0.99313109E+00
 0.38382714E-01 -.38789147E+00 0.92745984E+00
 0.65009822E-01 -.32593471E+00 0.86552478E+00
 0.79391349E-01 -.26189396E+00 0.81330000E+00
 0.81461729E-01 -.19781646E+00 0.77675364E+00
 0.71567121E-01 -.13567294E+00 0.76100931E+00
 0.50430028E-01 -.77267473E-01 0.76388199E+00
 0.19094624E-01 -.24160525E-01 0.76951249E+00
 -.21142427E-01 0.22390476E-01 0.75694541E+00
 -.68810044E-01 0.61470546E-01 0.72017469E+00
 -.12234381E+00 0.92525635E-01 0.67247000E+00
 -.18016436E+00 0.11536104E+00 0.62932339E+00
 -.24074825E+00 0.13012192E+00 0.59532337E+00
 -.30268728E+00 0.13725933E+00 0.56690623E+00
 -.36473383E+00 0.13748550E+00 0.53976090E+00
 -.42583072E+00 0.13172273E+00 0.51185486E+00
 -.48512572E+00 0.12104974E+00 0.48296153E+00
 -.54197148E+00 0.10664887E+00 0.45360332E+00
 -.59591289E+00 0.89757050E-01 0.42443969E+00
 -.64666408E+00 0.71622196E-01 0.39602901E+00
 -.69407768E+00 0.53466242E-01 0.36876542E+00
 -.73810922E+00 0.36454886E-01 0.34288717E+00
 -.77877904E+00 0.21673657E-01 0.31851339E+00
 -.81613430E+00 0.10109318E-01 0.29568894E+00
 -.85021305E+00 0.26353354E-02 0.27442579E+00
 -.88101219E+00 0.53946438E-16 0.25473531E+00
 -.98118364E+00 0.19307682E+00 0.16318645E+00
 -.96841118E+00 0.24164030E+00 0.16200990E+00
 -.94809687E+00 0.29327596E+00 0.16370742E+00
 -.91979614E+00 0.34671484E+00 0.16850661E+00
 -.88322840E+00 0.40051679E+00 0.17663946E+00
 -.83832715E+00 0.45310710E+00 0.18830570E+00
 -.78528415E+00 0.50282528E+00 0.20360845E+00
 -.72458373E+00 0.54798500E+00 0.22246267E+00
 -.65702358E+00 0.58694335E+00 0.24449093E+00
 -.58371876E+00 0.61817602E+00 0.26894061E+00
 -.50608681E+00 0.64035423E+00 0.29467376E+00
 -.42581287E+00 0.65241853E+00 0.32027922E+00
 -.34479542E+00 0.65364386E+00 0.34432898E+00
 -.26507483E+00 0.64369077E+00 0.36577726E+00
 -.18874845E+00 0.62263809E+00 0.38460591E+00
 -.11787755E+00 0.59099356E+00 0.40324812E+00
 -.54392086E-01 0.54968042E+00 0.42975691E+00
 -.22127074E-14 0.50000000E+00 0.48180615E+00
 0.43892426E-01 0.44357202E+00 0.58358270E+00
 0.76243551E-01 0.38225639E+00 0.74399991E+00
 0.96418211E-01 0.31806169E+00 0.92666785E+00
 0.10420576E+00 0.25304662E+00 0.10554906E+01
 0.99813610E-01 0.18922105E+00 0.10734473E+01
 0.83837466E-01 0.12845341E+00 0.99364976E+00
 0.57211439E-01 0.72389926E-01 0.88099845E+00
 0.21142427E-01 0.22390476E-01 0.79346402E+00
 -.22965720E-01 -.20516123E-01 0.74977845E+00
 -.73592414E-01 -.55656147E-01 0.73852236E+00
 -.12917922E+00 -.82714744E-01 0.74004201E+00
 -.18820234E+00 -.10172141E+00 0.73937465E+00
 -.24923457E+00 -.11302018E+00 0.72882073E+00
 -.31099392E+00 -.11722838E+00 0.70617224E+00
 -.37237720E+00 -.11518789E+00 0.67249245E+00
 -.43247828E+00 -.10791303E+00 0.63048806E+00
 -.49059182E+00 -.96538412E-01 0.58342346E+00
 -.54620393E+00 -.82269833E-01 0.53442073E+00
 -.59897204E+00 -.66339997E-01 0.48606252E+00
 -.64869648E+00 -.49970434E-01 0.44023789E+00
 -.69528645E+00 -.34339889E-01 0.39816006E+00
 -.73872289E+00 -.20558882E-01 0.36048166E+00
 -.77902081E+00 -.96495997E-02 0.32744551E+00
 -.81619299E+00 -.25298862E-02 0.29903077E+00
 -.85021714E+00 -.52060785E-16 0.27507470E+00
 -.97025143E+00 -.24209948E+00 0.24908688E+00
 -.95352589E+00 -.29495532E+00 0.27380528E+00
 -.92863635E+00 -.35004713E+00 0.30806052E+00
 -.89522840E+00 -.40595842E+00 0.35391889E+00
 -.85315486E+00 -.46112133E+00 0.41358335E+00
 -.80252283E+00 -.51386337E+00 0.48897143E+00
 -.74373147E+00 -.56246597E+00 0.58098410E+00
 -.67749698E+00 -.60523300E+00 0.68848430E+00
 -.60486119E+00 -.64056649E+00 0.80721066E+00
 -.52718121E+00 -.66704508E+00 0.92912678E+00
 -.44609911E+00 -.68350054E+00 0.10428600E+01
 -.36349144E+00 -.68908672E+00 0.11356474E+01
 -.28140082E+00 -.68333576E+00 0.11964797E+01
 -.20195282E+00 -.66619631E+00 0.12192711E+01
 -.12726333E+00 -.63805032E+00 0.12045812E+01
 -.59342204E-01 -.59970577E+00 0.11590759E+01
 -.25507010E-14 -.55236497E+00 0.10931239E+01
 0.49235640E-01 -.49756995E+00 0.10177966E+01
 0.87188062E-01 -.43712804E+00 0.94253067E+00
 0.11307933E+00 -.37302291E+00 0.87412635E+00
 0.12655451E+00 -.30731689E+00 0.81720985E+00
 0.12768147E+00 -.24205139E+00 0.77585766E+00
 0.11692688E+00 -.17915208E+00 0.75463295E+00
 0.95111232E-01 -.12034473E+00 0.75514426E+00
 0.63347079E-01 -.67086494E-01 0.76809509E+00
 0.22965720E-01 -.20516123E-01 0.77282579E+00
 -.24561862E-01 0.18575537E-01 0.75351247E+00
 -.77704062E-01 0.49754687E-01 0.71414281E+00
 -.13494251E+00 0.72935025E-01 0.67098906E+00
 -.19483643E+00 0.88352301E-01 0.63494306E+00
 -.25607431E+00 0.96526567E-01 0.60621910E+00
 -.31751112E+00 0.98216100E-01 0.58047973E+00
 -.37819030E+00 0.94366958E-01 0.55439891E+00
 -.43735118E+00 0.86061746E-01 0.52680165E+00
 -.49442304E+00 0.74470537E-01 0.49779988E+00
 -.54900790E+00 0.60806148E-01 0.46795531E+00
 -.60085456E+00 0.46285071E-01 0.43787486E+00
 -.64982621E+00 0.32094628E-01 0.40807328E+00
 -.69586452E+00 0.19366120E-01 0.37894902E+00
 -.73895223E+00 0.91532769E-02 0.35080279E+00
 -.77907683E+00 0.24148403E-02 0.32386928E+00
 -.81619691E+00 0.49977647E-16 0.29834796E+00
 -.95533785E+00 0.29551582E+00 0.16012283E+00
 -.93395393E+00 0.35205158E+00 0.16141652E+00
 -.90383249E+00 0.40986010E+00 0.16606903E+00
 -.86474627E+00 0.46738636E+00 0.17425905E+00
 -.81671726E+00 0.52295221E+00 0.18611970E+00
 -.76005797E+00 0.57481330E+00 0.20166022E+00
 -.69540041E+00 0.62122679E+00 0.22066019E+00
 -.62370917E+00 0.66052708E+00 0.24255921E+00
 -.54627584E+00 0.69120561E+00 0.26638720E+00
 -.46469314E+00 0.71198979E+00 0.29079475E+00
 -.38080861E+00 0.72191565E+00 0.31422851E+00
 -.29665936E+00 0.72038862E+00 0.33524936E+00
 -.21439112E+00 0.70722742E+00 0.35294698E+00
 -.13616636E+00 0.68268675E+00 0.36748689E+00
 -.64067217E-01 0.64745623E+00 0.38121488E+00
 0.46429417E-15 0.60263464E+00 0.40128929E+00
 0.54392086E-01 0.54968042E+00 0.44381970E+00
 0.97801840E-01 0.49034151E+00 0.53398456E+00
 0.12931149E+00 0.42656913E+00 0.69057125E+00
 0.14842319E+00 0.36042140E+00 0.89534029E+00
 0.15506500E+00 0.29396354E+00 0.10802793E+01
 0.14957275E+00 0.22917117E+00 0.11669339E+01
 0.13265023E+00 0.16784302E+00 0.11294344E+01
 0.10531143E+00 0.11152803E+00 0.10118120E+01
 0.68810044E-01 0.61470546E-01 0.88459552E+00
 0.24561862E-01 0.18575537E-01 0.79418168E+00
 -.25934147E-01 -.16605893E-01 0.74853269E+00
 -.81170807E-01 -.43871976E-01 0.73263803E+00
 -.13969921E+00 -.63349275E-01 0.72761070E+00
 -.20018333E+00 -.75458600E-01 0.72021490E+00
 -.26144061E+00 -.80871742E-01 0.70412380E+00
 -.32246772E+00 -.80462925E-01 0.67794797E+00
 -.38245152E+00 -.75258618E-01 0.64304623E+00
 -.44076662E+00 -.66388750E-01 0.60197252E+00
 -.49696118E+00 -.55041640E-01 0.55752675E+00
 -.55073338E+00 -.42424133E-01 0.51222987E+00
 -.60190097E+00 -.29727621E-01 0.46808408E+00
 -.65036649E+00 -.18099897E-01 0.42651991E+00
 -.69608055E+00 -.86222326E-02 0.38845350E+00
 -.73900537E+00 -.22906341E-02 0.35439546E+00
 -.77908057E+00 -.47704927E-16 0.32457124E+00
 -.93572870E+00 -.35272057E+00 0.30291424E+00
 -.90900803E+00 -.41220705E+00 0.34331744E+00
 -.87305739E+00 -.47187844E+00 0.39744599E+00
 -.82781360E+00 -.53005731E+00 0.46778523E+00
 -.77350132E+00 -.58498018E+00 0.55627174E+00
 -.71066595E+00 -.63486406E+00 0.66330277E+00
 -.64019121E+00 -.67798206E+00 0.78644490E+00
 -.56329825E+00 -.71274416E+00 0.91922986E+00
 -.48152444E+00 -.73777822E+00 0.10507544E+01
 -.39668125E+00 -.75200610E+00 0.11668593E+01
 -.31079256E+00 -.75470881E+00 0.12531293E+01
 -.22601616E+00 -.74557578E+00 0.12988906E+01
 -.14455286E+00 -.72473350E+00 0.13004747E+01
 -.68549200E-01 -.69275066E+00 0.12621277E+01
 -.32547285E-14 -.65061830E+00 0.11941878E+01
 0.59342204E-01 -.59970577E+00 0.11096282E+01
 0.10804462E+00 -.54169495E+00 0.10206629E+01
 0.14505313E+00 -.47849722E+00 0.93662290E+00
 0.16972885E+00 -.41215870E+00 0.86339707E+00
 0.18186030E+00 -.34476058E+00 0.80417443E+00
 0.18165124E+00 -.27832093E+00 0.76117473E+00
 0.16968605E+00 -.21470463E+00 0.73753725E+00
 0.14687631E+00 -.15554650E+00 0.73643511E+00
 0.11439335E+00 -.10219179E+00 0.75436516E+00
 0.73592414E-01 -.55656147E-01 0.77475824E+00
 0.25934147E-01 -.16605893E-01 0.77608026E+00
 -.27091191E-01 0.14642507E-01 0.75099090E+00
 -.84032061E-01 0.38105943E-01 0.71146015E+00
 -.14353297E+00 0.54104393E-01 0.67343641E+00
 -.20437837E+00 0.63220610E-01 0.64321849E+00
 -.26552191E+00 0.66253668E-01 0.61834334E+00
 -.32610109E+00 0.64170009E-01 0.59445343E+00
 -.38543823E+00 0.58055127E-01 0.56898499E+00
 -.44302932E+00 0.49068340E-01 0.54125540E+00
 -.49852308E+00 0.38402266E-01 0.51154033E+00
 -.55169250E+00 0.27247848E-01 0.48042690E+00
 -.60240139E+00 0.16765013E-01 0.44853756E+00
 -.65056839E+00 0.80584812E-02 0.41644587E+00
 -.69613060E+00 0.21577387E-02 0.38466572E+00
 -.73900892E+00 0.45251245E-16 0.35366300E+00
 -.91073540E+00 0.41299036E+00 0.16262000E+00
 -.87805671E+00 0.47458052E+00 0.16743763E+00
 -.83576977E+00 0.53515172E+00 0.17597894E+00
 -.78401051E+00 0.59292802E+00 0.18828230E+00
 -.72323568E+00 0.64609306E+00 0.20421905E+00
 -.65424478E+00 0.69286523E+00 0.22337480E+00
 -.57818388E+00 0.73157902E+00 0.24494294E+00
 -.49652914E+00 0.76076801E+00 0.26768873E+00
 -.41104913E+00 0.77924393E+00 0.29004644E+00
 -.32374683E+00 0.78616612E+00 0.31037818E+00
 -.23678384E+00 0.78109590E+00 0.32735219E+00
 -.15239103E+00 0.76403110E+00 0.34034682E+00
 -.72771154E-01 0.73541725E+00 0.34986462E+00
 -.75011724E-14 0.69613395E+00 0.35828627E+00
 0.64067217E-01 0.64745623E+00 0.37180290E+00
 0.11787755E+00 0.59099356E+00 0.40391394E+00
 0.16024454E+00 0.52861021E+00 0.47716667E+00
 0.19039068E+00 0.46233255E+00 0.61413217E+00
 0.20796575E+00 0.39424983E+00 0.81306540E+00
 0.21304066E+00 0.32641492E+00 0.10269632E+01
 0.20607819E+00 0.26075178E+00 0.11790065E+01
 0.18788403E+00 0.19897493E+00 0.12140530E+01
 0.15954272E+00 0.14252538E+00 0.11380036E+01
 0.12234381E+00 0.92525635E-01 0.10065460E+01
 0.77704062E-01 0.49754687E-01 0.88080234E+00
 0.27091191E-01 0.14642507E-01 0.79389080E+00
 -.28046150E-01 -.12718062E-01 0.74764769E+00
 -.86338152E-01 -.32544949E-01 0.72739492E+00
 -.14654085E+00 -.45329660E-01 0.71663072E+00
 -.20756888E+00 -.51793089E-01 0.70405090E+00
 -.26851365E+00 -.52837981E-01 0.68435626E+00
 -.32864774E+00 -.49501281E-01 0.65651612E+00
 -.38741690E+00 -.42908907E-01 0.62181649E+00
 -.44442172E+00 -.34234726E-01 0.58247019E+00
 -.49939128E+00 -.24664713E-01 0.54080788E+00
 -.55215119E+00 -.15366535E-01 0.49887632E+00
 -.60258841E+00 -.74641612E-02 0.45828658E+00
 -.65061517E+00 -.20166583E-02 0.42020415E+00
 -.69613395E+00 -.42625910E-16 0.38541096E+00
 -.87972526E+00 -.47548235E+00 0.39206676E+00
 -.84055557E+00 -.53821612E+00 0.45709519E+00
 -.79154568E+00 -.59862669E+00 0.54103524E+00
 -.73306194E+00 -.65487122E+00 0.64549372E+00
 -.66581658E+00 -.70512012E+00 0.76972817E+00
 -.59087626E+00 -.74763875E+00 0.90910026E+00
 -.50965034E+00 -.78087194E+00 0.10539459E+01
 -.42385777E+00 -.80352582E+00 0.11898229E+01
 -.33547302E+00 -.81464124E+00 0.12998941E+01
 -.24665332E+00 -.81365307E+00 0.13692131E+01
 -.15965112E+00 -.80043046E+00 0.13893146E+01
 -.76717061E-01 -.77529416E+00 0.13608741E+01
 -.39812260E-14 -.73900892E+00 0.12930681E+01
 0.68549200E-01 -.69275066E+00 0.12001377E+01
 0.12726333E+00 -.63805032E+00 0.10970585E+01
 0.17482809E+00 -.57671799E+00 0.99621674E+00
 0.21033028E+00 -.51075262E+00 0.90593203E+00
 0.23328232E+00 -.44224355E+00 0.83059808E+00
 0.24362195E+00 -.37327071E+00 0.77180814E+00
 0.24168860E+00 -.30580982E+00 0.73008170E+00
 0.22817904E+00 -.24164858E+00 0.70693498E+00
 0.20408689E+00 -.18231833E+00 0.70563018E+00
 0.17063110E+00 -.12904414E+00 0.72689084E+00
 0.12917922E+00 -.82714744E-01 0.76028095E+00
 0.81170807E-01 -.43871976E-01 0.78361248E+00
 0.28046150E-01 -.12718062E-01 0.77911470E+00
 -.28815820E-01 0.10862051E-01 0.74925910E+00
 -.88147456E-01 0.27266760E-01 0.71099028E+00
 -.14882847E+00 0.37136040E-01 0.67784634E+00
 -.20990764E+00 0.41305520E-01 0.65220755E+00
 -.27061057E+00 0.40759660E-01 0.63005865E+00
 -.33033487E+00 0.36586706E-01 0.60726819E+00
 -.38863451E+00 0.29937322E-01 0.58180244E+00
 -.44519570E+00 0.21988018E-01 0.55327461E+00
 -.49980648E+00 0.13909766E-01 0.52207888E+00
 -.55232260E+00 0.68415271E-02 0.48888221E+00
 -.60263174E+00 0.18679280E-02 0.45442163E+00
 -.65061830E+00 0.39838881E-16 0.41943984E+00
 -.84215286E+00 0.53923888E+00 0.17266026E+00
 -.79607824E+00 0.60205455E+00 0.18175159E+00
 -.74010744E+00 0.66116522E+00 0.19461307E+00
 -.67486271E+00 0.71470024E+00 0.21091894E+00
 -.60132724E+00 0.76086243E+00 0.22999253E+00
 -.52083826E+00 0.79801376E+00 0.25072357E+00
 -.43505856E+00 0.82475966E+00 0.27159563E+00
 -.34592664E+00 0.84002614E+00 0.29087810E+00
 -.25558716E+00 0.84312377E+00 0.30697512E+00
 -.16630560E+00 0.83379351E+00 0.31883698E+00
 -.80371954E-01 0.81223011E+00 0.32629981E+00
 -.86947004E-14 0.77908057E+00 0.33031926E+00
 0.72771154E-01 0.73541725E+00 0.33336339E+00
 0.13616636E+00 0.68268675E+00 0.34059708E+00
 0.18874845E+00 0.62263809E+00 0.36243379E+00
 0.22947203E+00 0.55723522E+00 0.41678484E+00
 0.25771396E+00 0.48855970E+00 0.52425670E+00
 0.27327910E+00 0.41871056E+00 0.69269641E+00
 0.27638221E+00 0.34970782E+00 0.89810585E+00
 0.26760849E+00 0.28340558E+00 0.10841358E+01
 0.24785689E+00 0.22141968E+00 0.11907345E+01
 0.21827114E+00 0.16507314E+00 0.11911799E+01
 0.18016436E+00 0.11536104E+00 0.11060160E+01
 0.13494251E+00 0.72935025E-01 0.98434343E+00
 0.84032061E-01 0.38105943E-01 0.87219284E+00
 0.28815820E-01 0.10862051E-01 0.79292889E+00
 -.29419685E-01 -.91004268E-02 0.74710236E+00
 -.89523508E-01 -.22338122E-01 0.72309199E+00
 -.15050538E+00 -.29616373E-01 0.70763415E+00
 -.21154689E+00 -.31863423E-01 0.69131540E+00
 -.27199977E+00 -.30125719E-01 0.66954115E+00
 -.33137308E+00 -.25526355E-01 0.64132032E+00
 -.38931133E+00 -.19227914E-01 0.60767121E+00
 -.44556584E+00 -.12400232E-01 0.57042043E+00
 -.49996165E+00 -.61929408E-02 0.53150301E+00
 -.55236232E+00 -.17121120E-02 0.49263161E+00
 -.60263464E+00 -.36900729E-16 0.45518407E+00
 -.79759101E+00 -.60319862E+00 0.53589550E+00
 -.74434545E+00 -.66495120E+00 0.63630329E+00
 -.68134885E+00 -.72156927E+00 0.75896665E+00
 -.60949719E+00 -.77119991E+00 0.90104160E+00
 -.53005046E+00 -.81212844E+00 0.10545398E+01
 -.44460903E+00 -.84286491E+00 0.12056773E+01
 -.35506804E+00 -.86222453E+00 0.13363448E+01
 -.26355147E+00 -.86939621E+00 0.14281224E+01
 -.17232923E+00 -.86399371E+00 0.14677302E+01
 -.83721969E-01 -.84608499E+00 0.14514374E+01
 -.47110758E-14 -.81619691E+00 0.13860902E+01
 0.76717061E-01 -.77529416E+00 0.12862920E+01
 0.14455286E+00 -.72473350E+00 0.11694427E+01
 0.20195282E+00 -.66619631E+00 0.10511447E+01
 0.24774332E+00 -.60160404E+00 0.94260022E+00
 0.28116801E+00 -.53302257E+00 0.85015915E+00
 0.30189960E+00 -.46256210E+00 0.77624434E+00
 0.31002740E+00 -.39227925E+00 0.72080376E+00
 0.30602281E+00 -.32408752E+00 0.68292318E+00
 0.29068668E+00 -.25968111E+00 0.66268451E+00
 0.26508320E+00 -.20047596E+00 0.66266206E+00
 0.23046607E+00 -.14756972E+00 0.68605518E+00
 0.18820234E+00 -.10172141E+00 0.72882628E+00
 0.13969921E+00 -.63349275E-01 0.77279971E+00
 0.86338152E-01 -.32544949E-01 0.79381755E+00
 0.29419685E-01 -.91004268E-02 0.78178450E+00
 -.29878950E-01 0.74554677E-02 0.74815105E+00
 -.90532205E-01 0.17814882E-01 0.71176591E+00
 -.15168074E+00 0.22846318E-01 0.68277918E+00
 -.21263288E+00 0.23550455E-01 0.66049866E+00
 -.27285464E+00 0.21018558E-01 0.64003676E+00
 -.33195018E+00 0.16394872E-01 0.61752796E+00
 -.38963501E+00 0.10843661E-01 0.59130891E+00
 -.44570416E+00 0.55208625E-02 0.56121365E+00
 -.49999760E+00 0.15498014E-02 0.52778826E+00
 -.55236497E+00 0.33822600E-16 0.49187122E+00
 -.74575992E+00 0.66621479E+00 0.19145664E+00
 -.68525041E+00 0.72570113E+00 0.20479998E+00
 -.61535510E+00 0.77861195E+00 0.22118773E+00
 -.53725200E+00 0.82316244E+00 0.23961600E+00
 -.45247295E+00 0.85777289E+00 0.25864331E+00
 -.36286254E+00 0.88115222E+00 0.27651570E+00
 -.27051604E+00 0.89237074E+00 0.29147012E+00
 -.17769915E+00 0.89091647E+00 0.30215198E+00
 -.86754398E-01 0.87673038E+00 0.30799864E+00
 -.98157067E-14 0.85021714E+00 0.30944270E+00
 0.80371954E-01 0.81223011E+00 0.30792342E+00
 0.15239103E+00 0.76403110E+00 0.30578243E+00
 0.21439112E+00 0.70722742E+00 0.30600048E+00
 0.26507483E+00 0.64369077E+00 0.31761861E+00
 0.30355549E+00 0.57546350E+00 0.35684267E+00
 0.32937490E+00 0.50465897E+00 0.43539074E+00
 0.34249655E+00 0.43336264E+00 0.56265543E+00
 0.34327629E+00 0.36354008E+00 0.73052497E+00
 0.33241380E+00 0.29695749E+00 0.90782330E+00
 0.31088971E+00 0.23511830E+00 0.10515947E+01
 0.27989354E+00 0.17921863E+00 0.11259835E+01
 0.24074825E+00 0.13012192E+00 0.11198004E+01
 0.19483643E+00 0.88352301E-01 0.10509347E+01
 0.14353297E+00 0.54104393E-01 0.95399037E+00
 0.88147456E-01 0.27266760E-01 0.86150443E+00
 0.29878950E-01 0.74554677E-02 0.79163467E+00
 -.30215608E-01 -.59458121E-02 0.74683862E+00
 -.91239205E-01 -.13742549E-01 0.71983494E+00
 -.15245940E+00 -.16885856E-01 0.70080447E+00
 -.21330116E+00 -.16431030E-01 0.68203271E+00
 -.27332982E+00 -.13499638E-01 0.65936827E+00
 -.33222617E+00 -.92459549E-02 0.63167037E+00
 -.38975597E+00 -.48278416E-02 0.59961853E+00
 -.44573621E+00 -.13816118E-02 0.56468856E+00
 -.50000000E+00 -.30616170E-16 0.52852320E+00
 -.68655257E+00 -.72708017E+00 0.75526029E+00
 -.61887876E+00 -.78307046E+00 0.89661914E+00
 -.54241556E+00 -.83107390E+00 0.10541936E+01
 -.45862048E+00 -.86942703E+00 0.12155225E+01
 -.36928059E+00 -.89673739E+00 0.13623384E+01
 -.27645445E+00 -.91196019E+00 0.14738677E+01
 -.18239500E+00 -.91445969E+00 0.15325481E+01
 -.89457738E-01 -.90405003E+00 0.15298778E+01
 -.54241441E-14 -.88101219E+00 0.14693509E+01
 0.83721969E-01 -.84608499E+00 0.13648497E+01
 0.15965112E+00 -.80043046E+00 0.12355495E+01
 0.22601616E+00 -.74557578E+00 0.11001624E+01
 0.28140082E+00 -.68333576E+00 0.97301115E+00
 0.32479148E+00 -.61572150E+00 0.86274839E+00
 0.35560076E+00 -.54484151E+00 0.77306671E+00
 0.37366650E+00 -.47280213E+00 0.70426038E+00
 0.37922759E+00 -.40161362E+00 0.65480661E+00
 0.37287996E+00 -.33310740E+00 0.62273750E+00
 0.35551691E+00 -.26886876E+00 0.60708920E+00
 0.32825929E+00 -.21018770E+00 0.60949773E+00
 0.29238091E+00 -.15802884E+00 0.63410337E+00
 0.24923457E+00 -.11302018E+00 0.68209294E+00
 0.20018333E+00 -.75458600E-01 0.74227550E+00
 0.14654085E+00 -.45329660E-01 0.79015561E+00
 0.89523508E-01 -.22338122E-01 0.80422548E+00
 0.30215608E-01 -.59458121E-02 0.78398927E+00
 -.30451573E-01 0.45866491E-02 0.74749552E+00
 -.91707586E-01 0.10157204E-01 0.71304046E+00
 -.15293856E+00 0.11781174E-01 0.68722485E+00
 -.21367263E+00 0.10553196E-01 0.66708271E+00
 -.27355707E+00 0.76131763E-02 0.64725913E+00
 -.33232931E+00 0.41165072E-02 0.62414180E+00
 -.38978400E+00 0.12081814E-02 0.59636277E+00
 -.44573836E+00 0.27293603E-16 0.56398594E+00
 -.62005480E+00 0.78455850E+00 0.21828216E+00
 -.54552155E+00 0.83583281E+00 0.23412859E+00
 -.46302831E+00 0.87778315E+00 0.25097262E+00
 -.37429783E+00 0.90892093E+00 0.26707821E+00
 -.28134417E+00 0.92809027E+00 0.28058819E+00
 -.18639896E+00 0.93453405E+00 0.28992597E+00
 -.91821734E-01 0.92794031E+00 0.29421956E+00
 -.10837696E-13 0.90846527E+00 0.29356942E+00
 0.86754398E-01 0.87673038E+00 0.28904819E+00
 0.16630560E+00 0.83379351E+00 0.28221879E+00
 0.23678384E+00 0.78109590E+00 0.27035109E+00
 0.29665936E+00 0.72038862E+00 0.24808945E+00
 0.34479542E+00 0.65364386E+00 0.25574385E+00
 0.38047771E+00 0.58295727E+00 0.30087228E+00
 0.40341900E+00 0.51044812E+00 0.36343764E+00
 0.41374036E+00 0.43816369E+00 0.45626764E+00
 0.41193166E+00 0.36799371E+00 0.57780916E+00
 0.39879551E+00 0.30159931E+00 0.71442674E+00
 0.37537983E+00 0.24035945E+00 0.84875640E+00
 0.34290448E+00 0.18533630E+00 0.95874716E+00
 0.30268728E+00 0.13725933E+00 0.10226643E+01
 0.25607431E+00 0.96526567E-01 0.10306642E+01
 0.20437837E+00 0.63220610E-01 0.99058318E+00
 0.14882847E+00 0.37136040E-01 0.92304818E+00
 0.90532205E-01 0.17814882E-01 0.85093898E+00
 0.30451573E-01 0.45866491E-02 0.79029622E+00
 -.30607897E-01 -.33900210E-02 0.74677233E+00
 -.91995814E-01 -.70866282E-02 0.71757828E+00
 -.15320491E+00 -.75667224E-02 0.69609715E+00
 -.21385028E+00 -.59515182E-02 0.67602839E+00
 -.27364200E+00 -.33895574E-02 0.65345728E+00
 -.33235320E+00 -.10301679E-02 0.62700027E+00
 -.38978587E+00 -.23867501E-16 0.59700887E+00
 -.54655820E+00 -.83742112E+00 0.10539585E+01
 -.46567971E+00 -.88280953E+00 0.12202130E+01
 -.37789522E+00 -.91765662E+00 0.13778913E+01
 -.28516666E+00 -.94069979E+00 0.15051126E+01
 -.18969585E+00 -.95106340E+00 0.15810140E+01
 -.93837418E-01 -.94831060E+00 0.15924986E+01
 -.60997229E-14 -.93247223E+00 0.15390029E+01
 0.89457738E-01 -.90405003E+00 0.14325611E+01
 0.17232923E+00 -.86399371E+00 0.12931847E+01
 0.24665332E+00 -.81365307E+00 0.11422745E+01
 0.31079256E+00 -.75470881E+00 0.99731010E+00
 0.36349144E+00 -.68908672E+00 0.86948688E+00
 0.40391138E+00 -.61886168E+00 0.76400746E+00
 0.43164119E+00 -.54615781E+00 0.68174744E+00
 0.44668367E+00 -.47305166E+00 0.62111674E+00
 0.44942076E+00 -.40148411E+00 0.57951875E+00
 0.44056134E+00 -.33318579E+00 0.55438161E+00
 0.42107643E+00 -.26961944E+00 0.54414440E+00
 0.39212729E+00 -.21194072E+00 0.54958469E+00
 0.35499179E+00 -.16097781E+00 0.57467795E+00
 0.31099392E+00 -.11722838E+00 0.62384586E+00
 0.26144061E+00 -.80871742E-01 0.69344004E+00
 0.20756888E+00 -.51793089E-01 0.76440914E+00
 0.15050538E+00 -.29616373E-01 0.80950880E+00
 0.91239205E-01 -.13742549E-01 0.81370718E+00
 0.30607897E-01 -.33900210E-02 0.78568259E+00
 -.30704095E-01 0.23652001E-02 0.74714146E+00
 -.92156029E-01 0.45515453E-02 0.71428419E+00
 -.15333229E+00 0.42672840E-02 0.69051557E+00
 -.21391667E+00 0.26497498E-02 0.67128689E+00
 -.27366168E+00 0.84824656E-03 0.65104110E+00
 -.33235480E+00 0.20350862E-16 0.62642400E+00
 -.46656463E+00 0.88448711E+00 0.24843349E+00
 -.38005914E+00 0.92291132E+00 0.26240318E+00
 -.28790741E+00 0.94974091E+00 0.27413949E+00
 -.19227316E+00 0.96398504E+00 0.28191305E+00
 -.95497145E-01 0.96508362E+00 0.28460428E+00
 -.11734918E-13 0.95294200E+00 0.28203663E+00
 0.91821734E-01 0.92794031E+00 0.27504280E+00
 0.17769915E+00 0.89091647E+00 0.26503028E+00
 0.25558716E+00 0.84312377E+00 0.24685405E+00
 0.32374683E+00 0.78616612E+00 0.18466034E+00
 0.38080861E+00 0.72191565E+00 0.12948365E+00
 0.42581287E+00 0.65241853E+00 0.19260310E+00
 0.45822603E+00 0.57979573E+00 0.26414768E+00
 0.47793255E+00 0.50614519E+00 0.32525364E+00
 0.48520505E+00 0.43345153E+00 0.40222263E+00
 0.48065597E+00 0.36350838E+00 0.48585410E+00
 0.46517574E+00 0.29785667E+00 0.56928165E+00
 0.43986263E+00 0.23774118E+00 0.65887431E+00
 0.40594970E+00 0.18408564E+00 0.75660836E+00
 0.36473383E+00 0.13748550E+00 0.84951883E+00
 0.31751112E+00 0.98216100E-01 0.91780533E+00
 0.26552191E+00 0.66253668E-01 0.94748759E+00
 0.20990764E+00 0.41305520E-01 0.93694592E+00
 0.15168074E+00 0.22846318E-01 0.89630713E+00
 0.91707586E-01 0.10157204E-01 0.84192631E+00
 0.30704095E-01 0.23652001E-02 0.78912994E+00
 -.30757568E-01 -.15191026E-02 0.74681080E+00
 -.92232648E-01 -.25668626E-02 0.71619380E+00
 -.15337989E+00 -.18998909E-02 0.69336632E+00
 -.21393206E+00 -.66310758E-03 0.67309288E+00
 -.27366299E+00 -.16757025E-16 0.65152182E+00
 -.38078135E+00 -.92466511E+00 0.13830657E+01
 -.28955603E+00 -.95517933E+00 0.15209598E+01
 -.19412110E+00 -.97324995E+00 0.16109953E+01
 -.96794619E-01 -.97819575E+00 0.16361653E+01
 -.67169947E-14 -.96979694E+00 0.15915796E+01
 0.93837418E-01 -.94831060E+00 0.14864080E+01
 0.18239500E+00 -.91445969E+00 0.13403454E+01
 0.26355147E+00 -.86939621E+00 0.11767200E+01
 0.33547302E+00 -.81464124E+00 0.10159385E+01
 0.39668125E+00 -.75200610E+00 0.87186254E+00
 0.44609911E+00 -.68350054E+00 0.75142839E+00
 0.48307265E+00 -.61123429E+00 0.65626446E+00
 0.50736847E+00 -.53731873E+00 0.58483993E+00
 0.51914879E+00 -.46377473E+00 0.53424084E+00
 0.51892731E+00 -.39245206E+00 0.50131052E+00
 0.50751048E+00 -.32496402E+00 0.48330983E+00
 0.48592942E+00 -.26263980E+00 0.47848787E+00
 0.45536770E+00 -.20649518E+00 0.48700227E+00
 0.41709017E+00 -.15722109E+00 0.51203996E+00
 0.37237720E+00 -.11518789E+00 0.55916838E+00
 0.32246772E+00 -.80462925E-01 0.63065575E+00
 0.26851365E+00 -.52837981E-01 0.71612852E+00
 0.21154689E+00 -.31863423E-01 0.79044576E+00
 0.15245940E+00 -.16885856E-01 0.82781343E+00
 0.91995814E-01 -.70866282E-02 0.82138719E+00
 0.30757568E-01 -.15191026E-02 0.78686316E+00
 -.30783140E-01 0.85670411E-03 0.74697122E+00
 -.92261282E-01 0.11428250E-02 0.71515515E+00
 -.15339092E+00 0.47545320E-03 0.69225297E+00
 -.21393308E+00 0.13099623E-16 0.67272934E+00
 -.29010627E+00 0.95699444E+00 0.27200368E+00
 -.19523268E+00 0.97882299E+00 0.27794839E+00
 -.97724918E-01 0.98759724E+00 0.27892470E+00
 -.15117775E-14 0.98297310E+00 0.27451267E+00
 0.95497145E-01 0.96508362E+00 0.26532624E+00
 0.18639896E+00 0.93453405E+00 0.25272092E+00
 0.27051604E+00 0.89237074E+00 0.23306403E+00
 0.34592664E+00 0.84002614E+00 0.15933051E+00
 0.41104913E+00 0.77924393E+00 0.33015864E-01
 0.46469314E+00 0.71198979E+00 0.75970685E-01
 0.50608681E+00 0.64035423E+00 0.19220910E+00
 0.53487977E+00 0.56645403E+00 0.26147546E+00
 0.55112323E+00 0.49233867E+00 0.33595254E+00
 0.55523018E+00 0.41990704E+00 0.41678318E+00
 0.54792006E+00 0.35083868E+00 0.47445090E+00
 0.53015291E+00 0.28654213E+00 0.50500135E+00
 0.50305833E+00 0.22812141E+00 0.53468648E+00
 0.46786435E+00 0.17636029E+00 0.58789396E+00
 0.42583072E+00 0.13172273E+00 0.66656467E+00
 0.37819030E+00 0.94366958E-01 0.75495980E+00
 0.32610109E+00 0.64170009E-01 0.83232502E+00
 0.27061057E+00 0.40759660E-01 0.88181605E+00
 0.21263288E+00 0.23550455E-01 0.89542847E+00
 0.15293856E+00 0.11781174E-01 0.87597042E+00
 0.92156029E-01 0.45515453E-02 0.83522247E+00
 0.30783140E-01 0.85670411E-03 0.78828153E+00
 -.30792696E-01 -.38142395E-03 0.74687163E+00
 -.92267916E-01 -.28599526E-03 0.71554432E+00
 -.15339165E+00 -.93925300E-17 0.69247430E+00
 -.19560368E+00 -.98068303E+00 0.16211430E+01
 -.98284512E-01 -.99325244E+00 0.16585988E+01
 -.18332091E-13 -.99242051E+00 0.16243183E+01
 0.96794619E-01 -.97819575E+00 0.15238513E+01
 0.18969585E+00 -.95106340E+00 0.13753359E+01
 0.27645445E+00 -.91196019E+00 0.12029545E+01
 0.35506804E+00 -.86222453E+00 0.10294985E+01
 0.42385777E+00 -.80352582E+00 0.87144612E+00
 0.48152444E+00 -.73777822E+00 0.73766558E+00
 0.52718121E+00 -.66704508E+00 0.63076187E+00
 0.56036209E+00 -.59344059E+00 0.54940940E+00
 0.58100706E+00 -.51903500E+00 0.49046046E+00
 0.58942687E+00 -.44576916E+00 0.45035463E+00
 0.58625119E+00 -.37538249E+00 0.42586344E+00
 0.57236535E+00 -.30935752E+00 0.41442760E+00
 0.54884069E+00 -.24888230E+00 0.41441591E+00
 0.51686376E+00 -.19483049E+00 0.42564117E+00
 0.47766892E+00 -.14775791E+00 0.45028684E+00
 0.43247828E+00 -.10791303E+00 0.49343295E+00
 0.38245152E+00 -.75258618E-01 0.56049047E+00
 0.32864774E+00 -.49501281E-01 0.64952990E+00
 0.27199977E+00 -.30125719E-01 0.74370081E+00
 0.21330116E+00 -.16431030E-01 0.81512906E+00
 0.15320491E+00 -.75667224E-02 0.84253418E+00
 0.92232648E-01 -.25668626E-02 0.82671981E+00
 0.30792696E-01 -.38142395E-03 0.78755426E+00
 -.30794911E-01 0.95452449E-04 0.74690580E+00
 -.92268359E-01 0.56498076E-17 0.71546532E+00
 -.98471280E-01 0.99513989E+00 0.27704642E+00
 -.13059062E-13 0.99810333E+00 0.27079910E+00
 0.97724918E-01 0.98759724E+00 0.25960343E+00
 0.19227316E+00 0.96398504E+00 0.24471501E+00
 0.28134417E+00 0.92809027E+00 0.22450414E+00
 0.36286254E+00 0.88115222E+00 0.16282970E+00
 0.43505856E+00 0.82475966E+00 0.31764686E-01
 0.49652914E+00 0.76076801E+00 0.31991312E-01
 0.54627584E+00 0.69120561E+00 0.14493822E+00
 0.58371876E+00 0.61817602E+00 0.21719900E+00
 0.60868694E+00 0.54376246E+00 0.29519703E+00
 0.62138766E+00 0.46994033E+00 0.40052429E+00
 0.62235847E+00 0.39850234E+00 0.49175950E+00
 0.61240662E+00 0.33099940E+00 0.52645008E+00
 0.59254112E+00 0.26869909E+00 0.50904878E+00
 0.56390252E+00 0.21256163E+00 0.48166188E+00
 0.52769516E+00 0.16323259E+00 0.48251559E+00
 0.48512572E+00 0.12104974E+00 0.52395710E+00
 0.43735118E+00 0.86061746E-01 0.59768370E+00
 0.38543823E+00 0.58055127E-01 0.68662737E+00
 0.33033487E+00 0.36586706E-01 0.77184434E+00
 0.27285464E+00 0.21018558E-01 0.83596389E+00
 0.21367263E+00 0.10553196E-01 0.86701346E+00
 0.15333229E+00 0.42672840E-02 0.86259209E+00
 0.92261282E-01 0.11428250E-02 0.83114157E+00
 0.30794911E-01 0.95452449E-04 0.78783754E+00
 -.30795059E-01 -.18856535E-17 0.74689854E+00
 -.76956551E-14 -.10000000E+01 0.16354365E+01
 0.98284512E-01 -.99325244E+00 0.15430549E+01
 0.19412110E+00 -.97324995E+00 0.13968680E+01
 0.28516666E+00 -.94069979E+00 0.12206183E+01
 0.36928059E+00 -.89673739E+00 0.10386216E+01
 0.44460903E+00 -.84286491E+00 0.86969728E+00
 0.50965034E+00 -.78087194E+00 0.72477368E+00
 0.56329825E+00 -.71274416E+00 0.60770188E+00
 0.60486119E+00 -.64056649E+00 0.51759697E+00
 0.63405786E+00 -.56642723E+00 0.45121837E+00
 0.65099132E+00 -.49232885E+00 0.40467059E+00
 0.65610493E+00 -.42011053E+00 0.37434114E+00
 0.65012481E+00 -.35138570E+00 0.35728928E+00
 0.63399383E+00 -.28749661E+00 0.35135982E+00
 0.60880222E+00 -.22948646E+00 0.35524627E+00
 0.57571968E+00 -.17808807E+00 0.36865855E+00
 0.53593291E+00 -.13372727E+00 0.39282294E+00
 0.49059182E+00 -.96538412E-01 0.43138071E+00
 0.44076662E+00 -.66388750E-01 0.49019093E+00
 0.38741690E+00 -.42908907E-01 0.57297280E+00
 0.33137308E+00 -.25526355E-01 0.67306293E+00
 0.27332982E+00 -.13499638E-01 0.76918214E+00
 0.21385028E+00 -.59515182E-02 0.83402808E+00
 0.15337989E+00 -.18998909E-02 0.85196610E+00
 0.92267916E-01 -.28599526E-03 0.82943506E+00
 0.30795059E-01 -.18856535E-17 0.78778115E+00
 0.98471280E-01 0.99513989E+00 0.25771333E+00
 0.19523268E+00 0.97882299E+00 0.24076511E+00
 0.28790741E+00 0.94974091E+00 0.21938687E+00
 0.37429783E+00 0.90892093E+00 0.16958517E+00
 0.45247295E+00 0.85777289E+00 0.67307305E-01
 0.52083826E+00 0.79801376E+00 0.52218076E-01
 0.57818388E+00 0.73157902E+00 0.12994893E+00
 0.62370917E+00 0.66052708E+00 0.18449339E+00
 0.65702358E+00 0.58694335E+00 0.25289001E+00
 0.67812554E+00 0.51284981E+00 0.36768442E+00
 0.68736256E+00 0.44012511E+00 0.49910780E+00
 0.68537686E+00 0.37043906E+00 0.58566346E+00
 0.67304158E+00 0.30520356E+00 0.59127633E+00
 0.65139251E+00 0.24554077E+00 0.53542810E+00
 0.62156029E+00 0.19226800E+00 0.46803800E+00
 0.58470712E+00 0.14589753E+00 0.42929208E+00
 0.54197148E+00 0.10664887E+00 0.43408069E+00
 0.49442304E+00 0.74470537E-01 0.47900447E+00
 0.44302932E+00 0.49068340E-01 0.55317354E+00
 0.38863451E+00 0.29937322E-01 0.64323187E+00
 0.33195018E+00 0.16394872E-01 0.73378310E+00
 0.27355707E+00 0.76131763E-02 0.80788077E+00
 0.21391667E+00 0.26497498E-02 0.85075121E+00
 0.15339092E+00 0.47545320E-03 0.85601685E+00
 0.92268359E-01 0.56498076E-17 0.82977634E+00
 0.19560368E+00 -.98068303E+00 0.14041367E+01
 0.28955603E+00 -.95517933E+00 0.12294987E+01
 0.37789522E+00 -.91765662E+00 0.10438512E+01
 0.45862048E+00 -.86942703E+00 0.86781940E+00
 0.53005046E+00 -.81212844E+00 0.71439419E+00
 0.59087626E+00 -.74763875E+00 0.58895054E+00
 0.64019121E+00 -.67798206E+00 0.49136052E+00
 0.67749698E+00 -.60523300E+00 0.41852627E+00
 0.70268741E+00 -.53142534E+00 0.36634918E+00
 0.71601279E+00 -.45847013E+00 0.33089023E+00
 0.71802904E+00 -.38808723E+00 0.30888370E+00
 0.70953626E+00 -.32175277E+00 0.29787829E+00
 0.69151185E+00 -.26066365E+00 0.29623981E+00
 0.66504311E+00 -.20571859E+00 0.30310965E+00
 0.63126334E+00 -.15751435E+00 0.31827074E+00
 0.59129525E+00 -.11635478E+00 0.34214169E+00
 0.54620393E+00 -.82269833E-01 0.37657392E+00
 0.49696118E+00 -.55041640E-01 0.42605035E+00
 0.44442172E+00 -.34234726E-01 0.49646425E+00
 0.38931133E+00 -.19227914E-01 0.58918696E+00
 0.33222617E+00 -.92459549E-02 0.69366529E+00
 0.27364200E+00 -.33895574E-02 0.78684407E+00
 0.21393206E+00 -.66310758E-03 0.84418570E+00
 0.15339165E+00 -.93925300E-17 0.85520169E+00
 0.29010627E+00 0.95699444E+00 0.21765064E+00
 0.38005914E+00 0.92291132E+00 0.17255780E+00
 0.46302831E+00 0.87778315E+00 0.92297091E-01
 0.53725200E+00 0.82316244E+00 0.78488745E-01
 0.60132724E+00 0.76086243E+00 0.12792805E+00
 0.65424478E+00 0.69286523E+00 0.16195550E+00
 0.69540041E+00 0.62122679E+00 0.21389329E+00
 0.72458373E+00 0.54798500E+00 0.31688643E+00
 0.74194694E+00 0.47507603E+00 0.45809234E+00
 0.74795749E+00 0.40426324E+00 0.58418371E+00
 0.74333942E+00 0.33708146E+00 0.64022271E+00
 0.72900805E+00 0.27479775E+00 0.61347025E+00
 0.70600319E+00 0.21838882E+00 0.53617863E+00
 0.67542496E+00 0.16853367E+00 0.45410529E+00
 0.63837603E+00 0.12561931E+00 0.39889974E+00
 0.59591289E+00 0.89757050E-01 0.38201469E+00
 0.54900790E+00 0.60806148E-01 0.40204050E+00
 0.49852308E+00 0.38402266E-01 0.45299514E+00
 0.44519570E+00 0.21988018E-01 0.52805296E+00
 0.38963501E+00 0.10843661E-01 0.61891743E+00
 0.33232931E+00 0.41165072E-02 0.71340522E+00
 0.27366168E+00 0.84824656E-03 0.79472563E+00
 0.21393308E+00 0.13099623E-16 0.84548759E+00
 0.38078135E+00 -.92466511E+00 0.10455518E+01
 0.46567971E+00 -.88280953E+00 0.86666171E+00
 0.54241556E+00 -.83107390E+00 0.70770125E+00
 0.60949719E+00 -.77119991E+00 0.57579838E+00
 0.66581658E+00 -.70512012E+00 0.47194670E+00
 0.71066595E+00 -.63486406E+00 0.39351124E+00
 0.74373147E+00 -.56246597E+00 0.33640258E+00
 0.76506662E+00 -.48987979E+00 0.29646607E+00
 0.77504868E+00 -.41890575E+00 0.27015469E+00
 0.77432284E+00 -.35113148E+00 0.25474406E+00
 0.76373887E+00 -.28788944E+00 0.24834863E+00
 0.74428516E+00 -.23023063E+00 0.24990389E+00
 0.71702446E+00 -.17891368E+00 0.25906028E+00
 0.68303524E+00 -.13440733E+00 0.27576284E+00
 0.64336135E+00 -.96903789E-01 0.29976565E+00
 0.59897204E+00 -.66339997E-01 0.33116898E+00
 0.55073338E+00 -.42424133E-01 0.37228312E+00
 0.49939128E+00 -.24664713E-01 0.42854581E+00
 0.44556584E+00 -.12400232E-01 0.50549853E+00
 0.38975597E+00 -.48278416E-02 0.60212449E+00
 0.33235320E+00 -.10301679E-02 0.70550008E+00
 0.27366299E+00 -.16757025E-16 0.79312570E+00
 0.46656463E+00 0.88448711E+00 0.10008947E+00
 0.54552155E+00 0.83583281E+00 0.91332136E-01
 0.61535510E+00 0.77861195E+00 0.12732057E+00
 0.67486271E+00 0.71470024E+00 0.14780729E+00
 0.72323568E+00 0.64609306E+00 0.18501808E+00
 0.76005797E+00 0.57481330E+00 0.26808309E+00
 0.78528415E+00 0.50282528E+00 0.39374293E+00
 0.79919985E+00 0.43195920E+00 0.52409003E+00
 0.80236899E+00 0.36384954E+00 0.60836287E+00
 0.79557257E+00 0.29988908E+00 0.61964860E+00
 0.77974380E+00 0.24119910E+00 0.56947151E+00
 0.75590404E+00 0.18861500E+00 0.49160372E+00
 0.72510346E+00 0.14268549E+00 0.41823101E+00
 0.68836932E+00 0.10368294E+00 0.36799517E+00
 0.64666408E+00 0.71622196E-01 0.34679054E+00
 0.60085456E+00 0.46285071E-01 0.35359036E+00
 0.55169250E+00 0.27247848E-01 0.38552275E+00
 0.49980648E+00 0.13909766E-01 0.44030144E+00
 0.44570416E+00 0.55208625E-02 0.51595679E+00
 0.38978400E+00 0.12081814E-02 0.60825551E+00
 0.33235480E+00 0.20350862E-16 0.70705213E+00
 0.54655820E+00 -.83742112E+00 0.70539324E+00
 0.61887876E+00 -.78307046E+00 0.56903659E+00
 0.68134885E+00 -.72156927E+00 0.46006833E+00
 0.73306194E+00 -.65487122E+00 0.37669633E+00
 0.77350132E+00 -.58498018E+00 0.31512529E+00
 0.80252283E+00 -.51386337E+00 0.27115657E+00
 0.82031938E+00 -.44337409E+00 0.24104550E+00
 0.82737148E+00 -.37518740E+00 0.22182591E+00
 0.82438839E+00 -.31075113E+00 0.21136224E+00
 0.81224461E+00 -.25125261E+00 0.20834054E+00
 0.79191622E+00 -.19760085E+00 0.21227166E+00
 0.76442112E+00 -.15042240E+00 0.22330392E+00
 0.73076607E+00 -.11006878E+00 0.24152958E+00
 0.69190310E+00 -.76632708E-01 0.26614240E+00
 0.64869648E+00 -.49970434E-01 0.29575946E+00
 0.60190097E+00 -.29727621E-01 0.33051453E+00
 0.55215119E+00 -.15366535E-01 0.37410395E+00
 0.49996165E+00 -.61929408E-02 0.43293621E+00
 0.44573621E+00 -.13816118E-02 0.51159769E+00
 0.38978587E+00 -.23867501E-16 0.60699461E+00
 0.62005480E+00 0.78455850E+00 0.12696677E+00
 0.68525041E+00 0.72570113E+00 0.14099269E+00
 0.74010744E+00 0.66116522E+00 0.16811700E+00
 0.78401051E+00 0.59292802E+00 0.23355380E+00
 0.81671726E+00 0.52295221E+00 0.33634850E+00
 0.83832715E+00 0.45310710E+00 0.44901739E+00
 0.84923547E+00 0.38510204E+00 0.53169049E+00
 0.85007703E+00 0.32043439E+00 0.55891459E+00
 0.84166429E+00 0.26035304E+00 0.53329650E+00
 0.82492439E+00 0.20583713E+00 0.47688769E+00
 0.80083906E+00 0.15758871E+00 0.41435854E+00
 0.77039077E+00 0.11603710E+00 0.36253961E+00
 0.73451749E+00 0.81352525E-01 0.32895100E+00
 0.69407768E+00 0.53466242E-01 0.31492006E+00
 0.64982621E+00 0.32094628E-01 0.31919491E+00
 0.60240139E+00 0.16765013E-01 0.34046665E+00
 0.55232260E+00 0.68415271E-02 0.37871433E+00
 0.49999760E+00 0.15498014E-02 0.43544958E+00
 0.44573836E+00 0.27293603E-16 0.51243683E+00
 0.68655257E+00 -.72708017E+00 0.45607464E+00
 0.74434545E+00 -.66495120E+00 0.36826739E+00
 0.79154568E+00 -.59862669E+00 0.30245748E+00
 0.82781360E+00 -.53005731E+00 0.25463222E+00
 0.85315486E+00 -.46112133E+00 0.22097668E+00
 0.86787801E+00 -.39355586E+00 0.19834256E+00
 0.87254103E+00 -.32890214E+00 0.18437030E+00
 0.86789126E+00 -.26846586E+00 0.17748609E+00
 0.85480334E+00 -.21329260E+00 0.17691973E+00
 0.83421915E+00 -.16415722E+00 0.18270864E+00
 0.80709311E+00 -.12156525E+00 0.19538383E+00
 0.77434561E+00 -.85763744E-01 0.21506962E+00
 0.73682601E+00 -.56759234E-01 0.24049595E+00
 0.69528645E+00 -.34339889E-01 0.26922576E+00
 0.65036649E+00 -.18099897E-01 0.29970335E+00
 0.60258841E+00 -.74641612E-02 0.33368031E+00
 0.55236232E+00 -.17121120E-02 0.37659655E+00
 0.50000000E+00 -.30616170E-16 0.43491424E+00
 0.74575992E+00 0.66621479E+00 0.16263213E+00
 0.79607824E+00 0.60205455E+00 0.21638949E+00
 0.83576977E+00 0.53515172E+00 0.30001745E+00
 0.86474627E+00 0.46738636E+00 0.39050421E+00
 0.88322840E+00 0.40051679E+00 0.45669108E+00
 0.89169518E+00 0.33612225E+00 0.47958478E+00
 0.89082601E+00 0.27556029E+00 0.46159315E+00
 0.88143973E+00 0.21993897E+00 0.41937560E+00
 0.86443475E+00 0.17010304E+00 0.37130904E+00
 0.84073388E+00 0.12663225E+00 0.32994676E+00
 0.81123637E+00 0.89849633E-01 0.30099287E+00
 0.77677930E+00 0.59836919E-01 0.28549531E+00
 0.73810922E+00 0.36454886E-01 0.28234907E+00
 0.69586452E+00 0.19366120E-01 0.29004125E+00
 0.65056839E+00 0.80584812E-02 0.30770949E+00
 0.60263174E+00 0.18679280E-02 0.33587237E+00
 0.55236497E+00 0.33822600E-16 0.37698588E+00
 0.79759101E+00 -.60319862E+00 0.29825654E+00
 0.84055557E+00 -.53821612E+00 0.24649483E+00
 0.87305739E+00 -.47187844E+00 0.20927164E+00
 0.89522840E+00 -.40595842E+00 0.18334714E+00
 0.90746682E+00 -.34206733E+00 0.16618307E+00
 0.91038156E+00 -.28160943E+00 0.15597608E+00
 0.90473252E+00 -.22575104E+00 0.15166109E+00
 0.89137126E+00 -.17540359E+00 0.15294842E+00
 0.87118545E+00 -.13121890E+00 0.16026512E+00
 0.84504983E+00 -.93594690E-01 0.17429975E+00
 0.81378600E+00 -.62687622E-01 0.19504327E+00
 0.77813209E+00 -.38431598E-01 0.22089632E+00
 0.73872289E+00 -.20558882E-01 0.24890399E+00
 0.69608055E+00 -.86222326E-02 0.27655583E+00
 0.65061517E+00 -.20166583E-02 0.30408564E+00
 0.60263464E+00 -.36900729E-16 0.33539169E+00
 0.84215286E+00 0.53923888E+00 0.28787503E+00
 0.87805671E+00 0.47458052E+00 0.36019219E+00
 0.90383249E+00 0.40986010E+00 0.40741963E+00
 0.91979614E+00 0.34671484E+00 0.41690380E+00
 0.92648372E+00 0.28659033E+00 0.39416957E+00
 0.92459334E+00 0.23070677E+00 0.35473756E+00
 0.91492650E+00 0.18003878E+00 0.31358013E+00
 0.89833232E+00 0.13530779E+00 0.27992341E+00
 0.87565773E+00 0.96984711E-01 0.25733302E+00
 0.84770574E+00 0.65300530E-01 0.24587852E+00
 0.81520324E+00 0.40262526E-01 0.24412335E+00
 0.77877904E+00 0.21673657E-01 0.25030718E+00
 0.73895223E+00 0.91532769E-02 0.26291880E+00
 0.69613060E+00 0.21577387E-02 0.28103704E+00
 0.65061830E+00 0.39838881E-16 0.30475585E+00
 0.87972526E+00 -.47548235E+00 0.20543031E+00
 0.90900803E+00 -.41220705E+00 0.17606247E+00
 0.92863635E+00 -.35004713E+00 0.15574053E+00
 0.93907141E+00 -.29048410E+00 0.14247406E+00
 0.94094687E+00 -.23478734E+00 0.13494568E+00
 0.93501110E+00 -.18399101E+00 0.13252758E+00
 0.92207150E+00 -.13888342E+00 0.13528419E+00
 0.90294395E+00 -.10000684E+00 0.14380081E+00
 0.87840983E+00 -.67665730E-01 0.15865005E+00
 0.84918205E+00 -.41940724E-01 0.17955953E+00
 0.81588101E+00 -.22706216E-01 0.20478566E+00
 0.77902081E+00 -.96495997E-02 0.23139379E+00
 0.73900537E+00 -.22906341E-02 0.25668494E+00
 0.69613395E+00 -.42625910E-16 0.28007013E+00
 0.91073540E+00 0.41299036E+00 0.39071021E+00
 0.93395393E+00 0.35205158E+00 0.38425043E+00
 0.94809687E+00 0.29327596E+00 0.35058502E+00
 0.95373106E+00 0.23797728E+00 0.30626603E+00
 0.95154889E+00 0.18724531E+00 0.26476209E+00
 0.94231296E+00 0.14193221E+00 0.23303219E+00
 0.92680501E+00 0.10264960E+00 0.21284141E+00
 0.90578182E+00 0.69774250E-01 0.20327551E+00
 0.87993962E+00 0.43459827E-01 0.20257129E+00
 0.84988807E+00 0.23652643E-01 0.20899334E+00
 0.81613430E+00 0.10109318E-01 0.22109084E+00
 0.77907683E+00 0.24148403E-02 0.23768661E+00
 0.73900892E+00 0.45251245E-16 0.25784623E+00
 0.93572870E+00 -.35272057E+00 0.15234071E+00
 0.95352589E+00 -.29495532E+00 0.13598334E+00
 0.96289742E+00 -.24026449E+00 0.12546955E+00
 0.96447713E+00 -.18978932E+00 0.11989075E+00
 0.95897989E+00 -.14444260E+00 0.11894320E+00
 0.94715037E+00 -.10490298E+00 0.12284541E+00
 0.92971786E+00 -.71618094E-01 0.13207393E+00
 0.90735927E+00 -.44814071E-01 0.14687407E+00
 0.88067121E+00 -.24509347E-01 0.16668673E+00
 0.85015192E+00 -.10530689E-01 0.18983005E+00
 0.81619299E+00 -.25298862E-02 0.21380583E+00
 0.77908057E+00 -.47704927E-16 0.23633093E+00
 0.95533785E+00 0.29551582E+00 0.33589969E+00
 0.96841118E+00 0.24164030E+00 0.28157858E+00
 0.97374677E+00 0.19161340E+00 0.23459692E+00
 0.97200909E+00 0.14640507E+00 0.20033812E+00
 0.96390287E+00 0.10675843E+00 0.17892646E+00
 0.95012717E+00 0.73190265E-01 0.16834423E+00
 0.93133700E+00 0.45998321E-01 0.16631160E+00
 0.90811366E+00 0.25273079E-01 0.17101712E+00
 0.88094461E+00 0.10912113E-01 0.18122496E+00
 0.85021305E+00 0.26353354E-02 0.19613447E+00
 0.81619691E+00 0.49977647E-16 0.21515889E+00
 0.97025143E+00 -.24209948E+00 0.12240435E+00
 0.97932266E+00 -.19271062E+00 0.11387275E+00
 0.98135112E+00 -.14781218E+00 0.10978284E+00
 0.97699895E+00 -.10820890E+00 0.10998356E+00
 0.96693232E+00 -.74484800E-01 0.11461844E+00
 0.95178185E+00 -.47008083E-01 0.12385667E+00
 0.93211133E+00 -.25940941E-01 0.13755480E+00
 0.90839559E+00 -.11252143E-01 0.15496300E+00
 0.88100796E+00 -.27307878E-02 0.17464482E+00
 0.85021714E+00 -.52060785E-16 0.19476932E+00
 0.98118364E+00 0.19307682E+00 0.22461482E+00
 0.98697056E+00 0.14865858E+00 0.18420955E+00
 0.98638894E+00 0.10924890E+00 0.15891613E+00
 0.98006956E+00 0.75496789E-01 0.14539155E+00
 0.96861627E+00 0.47839527E-01 0.14053075E+00
 0.95257318E+00 0.26510400E-01 0.14212890E+00
 0.93240070E+00 0.11549491E-01 0.14887451E+00
 0.90846091E+00 0.28158815E-02 0.16015665E+00
 0.88101219E+00 0.53946438E-16 0.17585849E+00
 0.98884607E+00 -.14894107E+00 0.10683880E+00
 0.99203722E+00 -.10987449E+00 0.10390859E+00
 0.98948907E+00 -.76222393E-01 0.10488535E+00
 0.98177639E+00 -.48489500E-01 0.10966839E+00
 0.96942159E+00 -.26979297E-01 0.11807059E+00
 0.95286890E+00 -.11803027E-01 0.12965793E+00
 0.93246775E+00 -.28902935E-02 0.14366099E+00
 0.90846527E+00 -.55627454E-16 0.15902286E+00
 0.99392237E+00 0.11008328E+00 0.15241329E+00
 0.99515510E+00 0.76658859E-01 0.13435211E+00
 0.99121230E+00 0.48955535E-01 0.12577640E+00
 0.98259265E+00 0.27345851E-01 0.12377312E+00
 0.96972254E+00 0.12011790E-01 0.12664391E+00
 0.95293742E+00 0.29537417E-02 0.13361402E+00
 0.93247223E+00 0.57097457E-16 0.14461400E+00
 0.99704617E+00 -.76804532E-01 0.10177261E+00
 0.99688820E+00 -.49235865E-01 0.10298638E+00
 0.99203641E+00 -.27608674E-01 0.10717161E+00
 0.98289770E+00 -.12174988E-01 0.11389184E+00
 0.96979228E+00 -.30059853E-02 0.12261812E+00
 0.95294200E+00 -.58350869E-16 0.13274190E+00
 0.99878256E+00 0.49329427E-01 0.12103431E+00
 0.99771702E+00 0.27766767E-01 0.11505872E+00
 0.99234438E+00 0.12292003E-01 0.11409453E+00
 0.98296838E+00 0.30468261E-02 0.11696737E+00
 0.96979694E+00 0.59382936E-16 0.12334692E+00
 0.99961296E+00 -.27819532E-01 0.10368983E+00
 0.99802677E+00 -.12362390E-01 0.10645305E+00
 0.99241574E+00 -.30761094E-02 0.11078977E+00
 0.98297310E+00 -.60189743E-16 0.11628278E+00
 0.99992329E+00 0.12385882E-01 0.11007807E+00
 0.99809853E+00 0.30937238E-02 0.10909855E+00
 0.99242051E+00 0.60768230E-16 0.11138321E+00
 0.99999520E+00 -.30996028E-02 0.10700806E+00
 0.99810333E+00 -.61116202E-16 0.10850590E+00
 0.10000000E+01 0.61232340E-16 0.10755755E+00
 # End
