       lam     scalar_err   vector_err 
         1      5.55e-17     5.55e-17 
         2      1.94e-16     1.94e-16 
         4       1.7e-16      1.7e-16 
         8      3.37e-16     3.37e-16 
        16      9.51e-16     9.51e-16 
        32      1.82e-15     1.82e-15 
        64       3.4e-15      3.4e-15 
       128      7.04e-15     7.04e-15 
       256      1.37e-14     1.37e-14 
       512       2.8e-14      2.8e-14 
      1024      5.04e-14     5.04e-14 
      2048       1.1e-13      1.1e-13 
      4096      2.26e-13     2.26e-13 
      8192      4.29e-13     4.29e-13 
 1.638e+04      8.68e-13     8.68e-13 
 3.277e+04      1.69e-12     1.69e-12 
 6.554e+04      3.44e-12     3.44e-12 
 1.311e+05      6.94e-12     6.94e-12 
 2.621e+05      1.36e-11     1.36e-11 
 5.243e+05      2.78e-11     2.78e-11 

       lam     complement_err 
         1      2.02e-16 
         2      3.06e-16 
         4      3.13e-16 
         8      4.56e-16 
        16      7.45e-16 
        32      1.87e-15 
        64      3.14e-15 
       128       6.9e-15 
       256      1.36e-14 
       512      2.76e-14 
      1024       5.2e-14 
      2048      1.11e-13 
      4096      2.25e-13 
      8192       4.3e-13 
 1.638e+04      8.68e-13 
 3.277e+04      1.69e-12 
 6.554e+04      3.44e-12 
 1.311e+05      6.94e-12 
 2.621e+05      1.36e-11 
 5.243e+05      2.78e-11 
