    1    4         0.1402648538E-01
    2    6         0.7367925253E-02
    3    7         0.4316357430E-02
    4    8         0.2935114317E-02
    5    9         0.8512675762E-02
    6   13         0.3481856547E-02
    7   15         0.7224083878E-02
    8   16         0.2424412034E-01
    9   17         0.2334346436E-01
   10   18         0.1029809564E-01
   11   19         0.1170888357E-01
   12   20         0.1411914080E-01
   13   21         0.1937728934E-01
   14   22         0.3765571397E-02
   15   26        -0.8330029435E-02
   16   28        -0.1485621557E-01
   17   29        -0.1140951831E-01
   18   30        -0.6887911353E-02
   19   31        -0.9077334777E-02
   20   33        -0.1549935667E-02
   21   36        -0.1012283377E-01
   22   37        -0.7745422889E-02
   23   38        -0.7822404616E-02
   24   39        -0.6965746172E-02
   25   41        -0.7913891459E-03
   26   43        -0.5268705543E-02
   27   44        -0.1021139324E-01
   28   45        -0.1536447462E-01
   29   46        -0.1600529812E-01
   30   47        -0.1149435178E-02
   31   49        -0.2160821576E-02
   32   51        -0.3891536966E-02
   33   53        -0.8583459072E-02
   34   54        -0.9653982706E-02
   35   56        -0.1022935286E-01
   36   57        -0.1464239508E-01
   37   58        -0.1924572699E-01
   38   59        -0.6767906249E-02
   39   60        -0.5096590146E-02
   40   61        -0.1831150497E-02
   41   62        -0.1767572202E-01
   42   63        -0.7799233776E-02
   43   64        -0.7039312273E-02
   44   65        -0.5011818372E-02
   45   67        -0.2804771299E-02
   46   73         0.3781468142E-02
   47   74         0.1276366226E-01
   48   75         0.3849460045E-02
   49   76         0.2284030197E-02
   50   78         0.1010811329E-01
   51   79         0.2014023950E-02
   52   80         0.1053527556E-01
   53   81         0.1470351685E-01
   54   84         0.1456290297E-01
   55   85         0.5095332395E-02
   56   86         0.4248830490E-02
   57   87         0.3943694755E-02
   58   90         0.1380300149E-01
   59   91         0.2210620791E-01
   60   92         0.2599366754E-01
   61   93         0.2611017786E-01
   62   94         0.1647977741E-02
   63   95         0.8023630828E-02
   64   96         0.2567078336E-03
   65   98         0.1375162974E-02
   66   99         0.3708715085E-02
   67  100         0.7097388152E-03
