    1  100
    1    0.4196166992E-03   -0.4986664653E+00    0.7953755558E-02   -0.4986664653E+00
    2    0.1632712781E-01    0.1467082202E+00    0.2607386559E-01    0.1467082202E+00    0.0000000000E+00
    3    0.5256734788E-01    0.5965234637E+00    0.2027545124E-01    0.2506252229E+00    0.0000000000E+00
    4    0.5687803030E-01   -0.1409056783E-01    0.2649348229E-01    0.2506252229E+00    0.1402648538E-01
    5    0.1055543125E+00    0.5122967958E+00    0.2443350852E-01    0.3615217805E+00    0.0000000000E+00
    6    0.1057450473E+00   -0.1146335304E+00    0.3204382956E-02    0.3615217805E+00    0.7367925253E-02
    7    0.1119630784E+00    0.1689255834E+00    0.3585852683E-02    0.3615217805E+00    0.4316357430E-02
    8    0.1129167527E+00    0.8424775004E+00    0.5798414350E-02    0.3615217805E+00    0.2935114317E-02
    9    0.1235599071E+00    0.1747841835E+00    0.2279315144E-01    0.3615217805E+00    0.8512675762E-02
   10    0.1585030556E+00    0.4430579543E+00    0.5928132683E-01    0.4430579543E+00    0.0000000000E+00
   11    0.2421225607E+00    0.5085961819E+00    0.6042572856E-01    0.5085961819E+00    0.0000000000E+00
   12    0.2793545127E+00    0.6671133637E+00    0.1909285784E-01    0.5759311914E+00    0.0000000000E+00
   13    0.2803082764E+00    0.5216986537E+00    0.3210116923E-01    0.5759311914E+00    0.3481856547E-02
   14    0.3435568511E+00    0.1055015683E+01    0.3343631327E-01    0.9469881654E+00    0.0000000000E+00
   15    0.3471809030E+00    0.1350390315E+01    0.2109561861E-01    0.9469881654E+00    0.7224083878E-02
   16    0.3857480884E+00    0.9371343255E+00    0.4570077360E-01    0.9469881654E+00    0.2424412034E-01
   17    0.4385824502E+00    0.7028972507E+00    0.2672235668E-01    0.9469881654E+00    0.2334346436E-01
   18    0.4391928017E+00    0.1274271011E+01    0.2155303955E-02    0.9469881654E+00    0.1029809564E-01
   19    0.4428930581E+00    0.1037898064E+01    0.1325629652E-01    0.9469881654E+00    0.1170888357E-01
   20    0.4657053947E+00    0.1032601118E+01    0.3070883453E-01    0.9469881654E+00    0.1411914080E-01
   21    0.5043107271E+00    0.6307239532E+00    0.2468144894E-01    0.9469881654E+00    0.1937728934E-01
   22    0.5150682926E+00    0.6809198856E+00    0.7076323032E-02    0.9469881654E+00    0.3765571397E-02
   23    0.5184633732E+00    0.1135946989E+01    0.1964569092E-02    0.1135946989E+01    0.0000000000E+00
   24    0.5189974308E+00    0.1293107748E+01    0.6668192148E-01    0.1293107748E+01    0.0000000000E+00
   25    0.6518272161E+00    0.5389159918E+00    0.1213473976E+00    0.5732390285E+00    0.0000000000E+00
   26    0.7616922259E+00    0.6321765184E+00    0.7066833973E-01    0.5732390285E+00   -0.8330029435E-02
   27    0.7931638956E+00    0.1163604259E+00    0.1691845059E-01    0.5554141998E+00    0.0000000000E+00
   28    0.7955291271E+00    0.7037745714E+00    0.1161596179E-01    0.5554141998E+00   -0.1485621557E-01
   29    0.8163958192E+00    0.7478320599E+00    0.1174944639E-01    0.5554141998E+00   -0.1140951831E-01
   30    0.8190280199E+00    0.4986451268E+00    0.1928359270E-01    0.5554141998E+00   -0.6887911353E-02
   31    0.8549630046E+00    0.6620241404E+00    0.4257264733E-01    0.5554141998E+00   -0.9077334777E-02
   32    0.9041733146E+00    0.1486998498E+00    0.3002211452E-01    0.1745130867E+00    0.0000000000E+00
   33    0.9150072336E+00    0.2223693430E+00    0.1619365811E-01    0.1745130867E+00   -0.1549935667E-02
   34    0.9365606308E+00    0.1558519900E-01    0.2895399928E-01    0.1558519900E-01    0.0000000000E+00
   35    0.9729152322E+00   -0.3486215174E+00    0.2189669013E-01   -0.1174716651E+00    0.0000000000E+00
   36    0.9803540111E+00    0.3342832625E-01    0.7877439260E-02   -0.1174716651E+00   -0.1012283377E-01
   37    0.9886701107E+00   -0.1238780320E+00    0.6008237600E-02   -0.1174716651E+00   -0.7745422889E-02
   38    0.9923704863E+00   -0.9306252003E-01    0.1754790545E-01   -0.1174716651E+00   -0.7822404616E-02
   39    0.1023765922E+01    0.1689177752E-01    0.2592128515E-01   -0.1174716651E+00   -0.6965746172E-02
   40    0.1044213057E+01   -0.1906924844E+00    0.1319903135E-01   -0.1607134342E+00    0.0000000000E+00
   41    0.1050163984E+01   -0.1365345418E+00    0.1636528969E-01   -0.1607134342E+00   -0.7913891459E-03
   42    0.1076943636E+01   -0.4736579657E+00    0.1964598894E-01   -0.3395669162E+00    0.0000000000E+00
   43    0.1089455962E+01   -0.6832471490E+00    0.7190823555E-02   -0.3395669162E+00   -0.5268705543E-02
   44    0.1091325283E+01   -0.7683994770E+00    0.6008267403E-02   -0.3395669162E+00   -0.1021139324E-01
   45    0.1101472497E+01   -0.3934086859E+00    0.5950987339E-02   -0.3395669162E+00   -0.1536447462E-01
   46    0.1103227258E+01    0.6594955921E-02    0.2145797014E-01   -0.3395669162E+00   -0.1600529812E-01
   47    0.1144388437E+01   -0.3170641065E+00    0.2553981543E-01   -0.3395669162E+00   -0.1149435178E-02
   48    0.1154306889E+01   -0.8093857765E+00    0.6790280342E-02   -0.6502743959E+00    0.0000000000E+00
   49    0.1157968998E+01   -0.2649448812E+00    0.2803862095E-02   -0.6502743959E+00   -0.2160821576E-02
   50    0.1159914613E+01   -0.8106480837E+00    0.1230257750E-01   -0.6524886489E+00    0.0000000000E+00
   51    0.1182574153E+01   -0.5731629729E+00    0.2452886105E-01   -0.6524886489E+00   -0.3891536966E-02
   52    0.1208972335E+01   -0.1002135992E+01    0.1697570086E-01   -0.7493199706E+00    0.0000000000E+00
   53    0.1216525555E+01   -0.8130989075E+00    0.8392453194E-02   -0.7493199706E+00   -0.8583459072E-02
   54    0.1225757241E+01   -0.4892273545E+00    0.1855874062E-01   -0.7493199706E+00   -0.9653982706E-02
   55    0.1253643036E+01   -0.1029191375E+01    0.2988862991E-01   -0.8580672145E+00    0.0000000000E+00
   56    0.1285534501E+01   -0.9277139902E+00    0.3168159723E-01   -0.8580672145E+00   -0.1022935286E-01
   57    0.1317006230E+01   -0.9333460331E+00    0.3057521582E-01   -0.8580672145E+00   -0.1464239508E-01
   58    0.1346684933E+01   -0.4781659245E+00    0.1642245054E-01   -0.8580672145E+00   -0.1924572699E-01
   59    0.1349851131E+01   -0.8232959509E+00    0.2403301001E-01   -0.8580672145E+00   -0.6767906249E-02
   60    0.1394750953E+01   -0.8181976080E+00    0.4095149040E-01   -0.8580672145E+00   -0.5096590146E-02
   61    0.1431754112E+01   -0.1073945522E+01    0.3669792414E-01   -0.8580672145E+00   -0.1831150497E-02
   62    0.1468146801E+01   -0.7266443968E+00    0.3757524490E-01   -0.8580672145E+00   -0.1767572202E-01
   63    0.1506904602E+01   -0.8388202190E+00    0.1974129677E-01   -0.8580672145E+00   -0.7799233776E-02
   64    0.1507629395E+01   -0.5855142474E+00    0.3719449043E-02   -0.8580672145E+00   -0.7039312273E-02
   65    0.1514343500E+01   -0.5194624662E+00    0.7400691509E-02   -0.8580672145E+00   -0.5011818372E-02
   66    0.1522430778E+01   -0.1145248413E+01    0.5569517612E-02   -0.8934518695E+00    0.0000000000E+00
   67    0.1525482535E+01   -0.7336173058E+00    0.8773982525E-02   -0.8934518695E+00   -0.2804771299E-02
   68    0.1539978743E+01   -0.1044301271E+01    0.1731902361E-01   -0.1044301271E+01    0.0000000000E+00
   69    0.1560120583E+01   -0.1225376248E+01    0.1199734211E-01   -0.1225376248E+01    0.0000000000E+00
   70    0.1563973427E+01   -0.1260675669E+01    0.1649880409E-01   -0.1260675669E+01    0.0000000000E+00
   71    0.1593118191E+01   -0.1036441803E+01    0.2239263058E-01   -0.1036441803E+01    0.0000000000E+00
   72    0.1608758688E+01   -0.7292929888E+00    0.1333260536E-01   -0.8711057901E+00    0.0000000000E+00
   73    0.1619783401E+01   -0.6229922771E+00    0.1810097694E-01   -0.8711057901E+00    0.3781468142E-02
   74    0.1644960642E+01   -0.1019566536E+01    0.3002208471E-01   -0.8711057901E+00    0.1276366226E-01
   75    0.1679827571E+01   -0.9131079912E+00    0.1863509417E-01   -0.8711057901E+00    0.3849460045E-02
   76    0.1682230830E+01   -0.8967585564E+00    0.4451817274E-01   -0.8711057901E+00    0.2284030197E-02
   77    0.1768863916E+01   -0.5120428801E+00    0.5458915234E-01   -0.6046264172E+00    0.0000000000E+00
   78    0.1791409135E+01   -0.8198174238E+00    0.1880675554E-01   -0.6046264172E+00    0.1010811329E-01
   79    0.1806477427E+01   -0.2298344970E+00    0.1136797667E-01   -0.6046264172E+00    0.2014023950E-02
   80    0.1814145088E+01   -0.4263780117E+00    0.1169222593E-01   -0.6046264172E+00    0.1053527556E-01
   81    0.1829861879E+01   -0.7459678650E+00    0.5201417208E-01   -0.6046264172E+00    0.1470351685E-01
   82    0.1918173432E+01    0.1075553894E+00    0.1048486233E+00    0.1075553894E+00    0.0000000000E+00
   83    0.2039559126E+01    0.5714680552E+00    0.1098077893E+00    0.5051571727E+00    0.0000000000E+00
   84    0.2137789011E+01    0.4100314081E+00    0.4976344109E-01    0.5051571727E+00    0.1456290297E-01
   85    0.2139086008E+01    0.4866189957E+00    0.2283132076E-01    0.5051571727E+00    0.5095332395E-02
   86    0.2183451653E+01    0.4994559586E+00    0.2676057816E-01    0.5051571727E+00    0.4248830490E-02
   87    0.2192607164E+01    0.3656423688E+00    0.1413357258E-01    0.5051571727E+00    0.3943694755E-02
   88    0.2211718798E+01    0.6423195004E+00    0.3458070755E-01    0.6423195004E+00    0.0000000000E+00
   89    0.2261768579E+01    0.9565419555E+00    0.4238200188E-01    0.7937015891E+00    0.0000000000E+00
   90    0.2296482801E+01    0.9795770049E+00    0.2233541012E-01    0.7937015891E+00    0.1380300149E-01
   91    0.2306439400E+01    0.1006894231E+01    0.9117245674E-02    0.7937015891E+00    0.2210620791E-01
   92    0.2314717293E+01    0.7984004021E+00    0.1239788532E-01    0.7937015891E+00    0.2599366754E-01
   93    0.2331235170E+01    0.5290495157E+00    0.4621577263E-01    0.7937015891E+00    0.2611017786E-01
   94    0.2407148838E+01    0.8467086554E+00    0.6013965607E-01    0.7937015891E+00    0.1647977741E-02
   95    0.2451514482E+01    0.6508232355E+00    0.2718019485E-01    0.7937015891E+00    0.8023630828E-02
   96    0.2461509228E+01    0.7813985348E+00    0.1043331623E-01    0.7937015891E+00    0.2567078336E-03
   97    0.2472381115E+01    0.1059250236E+01    0.9079098701E-02    0.9835178852E+00    0.0000000000E+00
   98    0.2479667425E+01    0.1197403669E+01    0.5455136299E-02    0.9835178852E+00    0.1375162974E-02
   99    0.2483291388E+01    0.5210686922E+00    0.3242492676E-02    0.9835178852E+00    0.3708715085E-02
  100    0.2486152411E+01    0.7354466915E+00    0.1430511475E-02    0.9835178852E+00    0.7097388152E-03
