    1  100
    0.4196166992E-03   -0.4986664653E+00    0.1000000000E+01
    0.1632712781E-01    0.1467082202E+00    0.1000000000E+01
    0.5256734788E-01    0.5965234637E+00    0.1000000000E+01
    0.5687803030E-01   -0.1409056783E-01    0.1000000000E+01
    0.1055543125E+00    0.5122967958E+00    0.1000000000E+01
    0.1057450473E+00   -0.1146335304E+00    0.1000000000E+01
    0.1119630784E+00    0.1689255834E+00    0.1000000000E+01
    0.1129167527E+00    0.8424775004E+00    0.1000000000E+01
    0.1235599071E+00    0.1747841835E+00    0.1000000000E+01
    0.1585030556E+00    0.4430579543E+00    0.1000000000E+01
    0.2421225607E+00    0.5085961819E+00    0.1000000000E+01
    0.2793545127E+00    0.6671133637E+00    0.1000000000E+01
    0.2803082764E+00    0.5216986537E+00    0.1000000000E+01
    0.3435568511E+00    0.1055015683E+01    0.1000000000E+01
    0.3471809030E+00    0.1350390315E+01    0.1000000000E+01
    0.3857480884E+00    0.9371343255E+00    0.1000000000E+01
    0.4385824502E+00    0.7028972507E+00    0.1000000000E+01
    0.4391928017E+00    0.1274271011E+01    0.1000000000E+01
    0.4428930581E+00    0.1037898064E+01    0.1000000000E+01
    0.4657053947E+00    0.1032601118E+01    0.1000000000E+01
    0.5043107271E+00    0.6307239532E+00    0.1000000000E+01
    0.5150682926E+00    0.6809198856E+00    0.1000000000E+01
    0.5184633732E+00    0.1135946989E+01    0.1000000000E+01
    0.5189974308E+00    0.1293107796E+01    0.1000000000E+01
    0.6518272161E+00    0.5389159918E+00    0.1000000000E+01
    0.7616922259E+00    0.6321765184E+00    0.1000000000E+01
    0.7931638956E+00    0.1163604259E+00    0.1000000000E+01
    0.7955291271E+00    0.7037745714E+00    0.1000000000E+01
    0.8163958192E+00    0.7478320599E+00    0.1000000000E+01
    0.8190280199E+00    0.4986451268E+00    0.1000000000E+01
    0.8549630046E+00    0.6620241404E+00    0.1000000000E+01
    0.9041733146E+00    0.1486998498E+00    0.1000000000E+01
    0.9150072336E+00    0.2223693430E+00    0.1000000000E+01
    0.9365606308E+00    0.1558519900E-01    0.1000000000E+01
    0.9729152322E+00   -0.3486215174E+00    0.1000000000E+01
    0.9803540111E+00    0.3342832625E-01    0.1000000000E+01
    0.9886701107E+00   -0.1238780320E+00    0.1000000000E+01
    0.9923704863E+00   -0.9306252003E-01    0.1000000000E+01
    0.1023765922E+01    0.1689177752E-01    0.1000000000E+01
    0.1044213057E+01   -0.1906924844E+00    0.1000000000E+01
    0.1050163984E+01   -0.1365345418E+00    0.1000000000E+01
    0.1076943636E+01   -0.4736579657E+00    0.1000000000E+01
    0.1089455962E+01   -0.6832471490E+00    0.1000000000E+01
    0.1091325283E+01   -0.7683994770E+00    0.1000000000E+01
    0.1101472497E+01   -0.3934086859E+00    0.1000000000E+01
    0.1103227258E+01    0.6594955921E-02    0.1000000000E+01
    0.1144388437E+01   -0.3170641065E+00    0.1000000000E+01
    0.1154306889E+01   -0.8093857765E+00    0.1000000000E+01
    0.1157968998E+01   -0.2649448812E+00    0.1000000000E+01
    0.1159914613E+01   -0.8106480837E+00    0.1000000000E+01
    0.1182574153E+01   -0.5731629729E+00    0.1000000000E+01
    0.1208972335E+01   -0.1002135992E+01    0.1000000000E+01
    0.1216525555E+01   -0.8130989075E+00    0.1000000000E+01
    0.1225757241E+01   -0.4892273545E+00    0.1000000000E+01
    0.1253643036E+01   -0.1029191375E+01    0.1000000000E+01
    0.1285534501E+01   -0.9277139902E+00    0.1000000000E+01
    0.1317006230E+01   -0.9333460331E+00    0.1000000000E+01
    0.1346684933E+01   -0.4781659245E+00    0.1000000000E+01
    0.1349851131E+01   -0.8232959509E+00    0.1000000000E+01
    0.1394750953E+01   -0.8181976080E+00    0.1000000000E+01
    0.1431754112E+01   -0.1073945522E+01    0.1000000000E+01
    0.1468146801E+01   -0.7266443968E+00    0.1000000000E+01
    0.1506904602E+01   -0.8388202190E+00    0.1000000000E+01
    0.1507629395E+01   -0.5855142474E+00    0.1000000000E+01
    0.1514343500E+01   -0.5194624662E+00    0.1000000000E+01
    0.1522430778E+01   -0.1145248413E+01    0.1000000000E+01
    0.1525482535E+01   -0.7336173058E+00    0.1000000000E+01
    0.1539978743E+01   -0.1044301271E+01    0.1000000000E+01
    0.1560120583E+01   -0.1225376296E+01    0.1000000000E+01
    0.1563973427E+01   -0.1260675716E+01    0.1000000000E+01
    0.1593118191E+01   -0.1036441803E+01    0.1000000000E+01
    0.1608758688E+01   -0.7292929888E+00    0.1000000000E+01
    0.1619783401E+01   -0.6229922771E+00    0.1000000000E+01
    0.1644960642E+01   -0.1019566536E+01    0.1000000000E+01
    0.1679827571E+01   -0.9131079912E+00    0.1000000000E+01
    0.1682230830E+01   -0.8967585564E+00    0.1000000000E+01
    0.1768863916E+01   -0.5120428801E+00    0.1000000000E+01
    0.1791409135E+01   -0.8198174238E+00    0.1000000000E+01
    0.1806477427E+01   -0.2298344970E+00    0.1000000000E+01
    0.1814145088E+01   -0.4263780117E+00    0.1000000000E+01
    0.1829861879E+01   -0.7459678650E+00    0.1000000000E+01
    0.1918173432E+01    0.1075553894E+00    0.1000000000E+01
    0.2039559126E+01    0.5714680552E+00    0.1000000000E+01
    0.2137789011E+01    0.4100314081E+00    0.1000000000E+01
    0.2139086008E+01    0.4866189957E+00    0.1000000000E+01
    0.2183451653E+01    0.4994559586E+00    0.1000000000E+01
    0.2192607164E+01    0.3656423688E+00    0.1000000000E+01
    0.2211718798E+01    0.6423195004E+00    0.1000000000E+01
    0.2261768579E+01    0.9565419555E+00    0.1000000000E+01
    0.2296482801E+01    0.9795770049E+00    0.1000000000E+01
    0.2306439400E+01    0.1006894231E+01    0.1000000000E+01
    0.2314717293E+01    0.7984004021E+00    0.1000000000E+01
    0.2331235170E+01    0.5290495157E+00    0.1000000000E+01
    0.2407148838E+01    0.8467086554E+00    0.1000000000E+01
    0.2451514482E+01    0.6508232355E+00    0.1000000000E+01
    0.2461509228E+01    0.7813985348E+00    0.1000000000E+01
    0.2472381115E+01    0.1059250236E+01    0.1000000000E+01
    0.2479667425E+01    0.1197403669E+01    0.1000000000E+01
    0.2483291388E+01    0.5210686922E+00    0.1000000000E+01
    0.2486152411E+01    0.7354466915E+00    0.1000000000E+01
