  241
 0.000000000000000D+00
-0.110456043980527D-03
 0.276429000000000D-03
 0.363011354142413D+00
 0.437498000000000D+00
 0.518102479325958D+00
 0.605697628640129D+00
 0.701177440451447D+00
 0.805646612391611D+00
 0.920375547242582D+00
 0.104678744744440D+01
 0.118639510983502D+01
 0.134048964157918D+01
 0.150945886869131D+01
 0.169183000000000D+01
 0.188336774314587D+01
 0.208575933679729D+01
 0.230112181660128D+01
 0.253222892630577D+01
 0.278290973888038D+01
 0.305873896016464D+01
 0.336825631653346D+01
 0.372521790596214D+01
 0.415302698141877D+01
 0.469428000000000D+01
 0.543523158752537D+01
 0.631042810949362D+01
 0.715382535897424D+01
 0.781406264920606D+01
 0.825648368619995D+01
 0.853386330051491D+01
 0.871473773833650D+01
 0.884865256117302D+01
 0.895909440718620D+01
 0.905389273902603D+01
 0.913674633064196D+01
 0.921021630217112D+01
 0.927576926606744D+01
 0.933458241574492D+01
 0.938809031816165D+01
 0.943740000000000D+01
 0.948283287041297D+01
 0.952447762277589D+01
 0.956271647539924D+01
 0.959798896991196D+01
 0.963065119367581D+01
 0.966096619593540D+01
 0.968913614425881D+01
 0.971532808070444D+01
 0.973968638275592D+01
 0.976233774649545D+01
 0.978339356316406D+01
 0.980295168866307D+01
 0.982109810738432D+01
 0.983790859566534D+01
 0.985345050110046D+01
 0.986778479090370D+01
 0.988096836874172D+01
 0.989305627932493D+01
 0.990410322165222D+01
 0.991416414577728D+01
 0.992329418528849D+01
 0.993154828494784D+01
 0.993898076220026D+01
 0.994564492769958D+01
 0.995159281849540D+01
 0.995687505132051D+01
 0.996154077806361D+01
 0.996563771703293D+01
 0.996921223520413D+01
 0.997230946227994D+01
 0.997497342346796D+01
 0.997724718282284D+01
 0.997917299240644D+01
 0.998079244453171D+01
 0.998214662527743D+01
 0.998327626758764D+01
 0.998422190184311D+01
 0.998502400100724D+01
 0.998572311649474D+01
 0.998636000000000D+01
 0.998697621434307D+01
 0.998757205500572D+01
 0.998814818589818D+01
 0.998870519065663D+01
 0.998924358372308D+01
 0.998976382069310D+01
 0.999026630783865D+01
 0.999075141075329D+01
 0.999121946209821D+01
 0.999167076845120D+01
 0.999210561627993D+01
 0.999252427707670D+01
 0.999292701170386D+01
 0.999331407400975D+01
 0.999368571378268D+01
 0.999404217911610D+01
 0.999438371826058D+01
 0.999471058103977D+01
 0.999502301990475D+01
 0.999532129069788D+01
 0.999560565319102D+01
 0.999587637145626D+01
 0.999613371411871D+01
 0.999637795453268D+01
 0.999660937091357D+01
 0.999682824645004D+01
 0.999703486941265D+01
 0.999722953326933D+01
 0.999741253681153D+01
 0.999758418429083D+01
 0.999774478556201D+01
 0.999789465622631D+01
 0.999803411776673D+01
 0.999816349766694D+01
 0.999828312950496D+01
 0.999839335301334D+01
 0.999849451409863D+01
 0.999858696481370D+01
 0.999867106327821D+01
 0.999874717354363D+01
 0.999881566540090D+01
 0.999887691412996D+01
 0.999893130019199D+01
 0.999897920886602D+01
 0.999902102983328D+01
 0.999905715671291D+01
 0.999908798655398D+01
 0.999911391928945D+01
 0.999913535715793D+01
 0.999915270409993D+01
 0.999916636513545D+01
 0.999917674572995D+01
 0.999918425115589D+01
 0.999918928585729D+01
 0.999919225282401D+01
 0.999919355298313D+01
 0.999919358461382D+01
 0.999919274279199D+01
 0.999919141887050D+01
 0.999919000000000D+01
 0.999918883273269D+01
 0.999918794353248D+01
 0.999918732449705D+01
 0.999918696822138D+01
 0.999918686776997D+01
 0.999918701665022D+01
 0.999918740878706D+01
 0.999918803849859D+01
 0.999918890047285D+01
 0.999918998974565D+01
 0.999919130167930D+01
 0.999919283194240D+01
 0.999919457649050D+01
 0.999919653154761D+01
 0.999919869358862D+01
 0.999920105932244D+01
 0.999920362567598D+01
 0.999920638977885D+01
 0.999920934894872D+01
 0.999921250067741D+01
 0.999921584261756D+01
 0.999921937256998D+01
 0.999922308847150D+01
 0.999922698838346D+01
 0.999923107048063D+01
 0.999923533304072D+01
 0.999923977443435D+01
 0.999924439311544D+01
 0.999924918761202D+01
 0.999925415651760D+01
 0.999925929848274D+01
 0.999926461220712D+01
 0.999927009643195D+01
 0.999927574993270D+01
 0.999928157151223D+01
 0.999928755999414D+01
 0.999929371421651D+01
 0.999930003302588D+01
 0.999930651527156D+01
 0.999931315980016D+01
 0.999931996545041D+01
 0.999932693104830D+01
 0.999933405540231D+01
 0.999934133729903D+01
 0.999934877549895D+01
 0.999935636873246D+01
 0.999936411569613D+01
 0.999937201504912D+01
 0.999938006540989D+01
 0.999938826535304D+01
 0.999939661340644D+01
 0.999940510804842D+01
 0.999941374770533D+01
 0.999942253074916D+01
 0.999943145549536D+01
 0.999944052020094D+01
 0.999944972306262D+01
 0.999945906221528D+01
 0.999946853573048D+01
 0.999947814161530D+01
 0.999948787781113D+01
 0.999949774219288D+01
 0.999950773256818D+01
 0.999951784667679D+01
 0.999952808219023D+01
 0.999953843671150D+01
 0.999954890777499D+01
 0.999955949284652D+01
 0.999957018932357D+01
 0.999958099453564D+01
 0.999959190574473D+01
 0.999960292014605D+01
 0.999961403486871D+01
 0.999962524697675D+01
 0.999963655347013D+01
 0.999964795128598D+01
 0.999965943729982D+01
 0.999967100832714D+01
 0.999968266112484D+01
 0.999969439239299D+01
 0.999970619877655D+01
 0.999971807686731D+01
 0.999973002320588D+01
 0.999974203428379D+01
 0.999975410654567D+01
 0.999976623639155D+01
 0.999977842017920D+01
 0.999979065422661D+01
 0.999980293481448D+01
 0.999981525818884D+01
 0.999982762056367D+01
 0.999984001812370D+01
 0.999985244702706D+01
 0.999986490340821D+01
 0.999987738338075D+01
 0.999988988304035D+01
 0.999990239846766D+01
 0.999991492573133D+01
 0.999992746089093D+01
 0.999994000000000D+01
-0.220912087961053D-02
 0.276429000000000D-02
 0.363121810186393D+01
 0.437221571000000D+01
 0.155091125183546D+01
 0.168199628640129D+01
 0.183074961125489D+01
 0.199948983751482D+01
 0.219198106791135D+01
 0.241140835052790D+01
 0.266019562592441D+01
 0.293702194134781D+01
 0.323063758856291D+01
 0.351340358420817D+01
 0.373908874454554D+01
 0.393929336797291D+01
 0.417754073455410D+01
 0.446469589508483D+01
 0.481787922279103D+01
 0.526510033858870D+01
 0.585346577653076D+01
 0.666478945797500D+01
 0.784770664885313D+01
 0.969062094037855D+01
 0.128220460610660D+02
 0.161614810949362D+02
 0.171859377144887D+02
 0.150363453971244D+02
 0.110265832722571D+02
 0.719800651308848D+01
 0.458254052136553D+01
 0.314789260658104D+01
 0.244356668849692D+01
 0.205240177853009D+01
 0.177651923455763D+01
 0.156323563145097D+01
 0.139022935425485D+01
 0.124366113573801D+01
 0.112321052094202D+01
 0.102817584255076D+01
 0.947425522513221D+00
 0.870776227758920D+00
 0.798836049862750D+00
 0.735113471360709D+00
 0.679347182765628D+00
 0.629772260234382D+00
 0.584849505830078D+00
 0.543618847690368D+00
 0.505502384971042D+00
 0.470096657910091D+00
 0.437071804081413D+00
 0.406139421676226D+00
 0.377045442202579D+00
 0.349569070022664D+00
 0.323523937161383D+00
 0.298761952383675D+00
 0.275178676412668D+00
 0.252714884212235D+00
 0.231348529105020D+00
 0.211078664523523D+00
 0.191909636362695D+00
 0.173841391705576D+00
 0.156865769117633D+00
 0.140966427517437D+00
 0.126120562951417D+00
 0.112301236209333D+00
 0.994795956820660D-01
 0.876266571241935D-01
 0.767145714052475D-01
 0.667174524700798D-01
 0.576118826382910D-01
 0.493772054289821D-01
 0.419956893847662D-01
 0.354526170887048D-01
 0.297363287099017D-01
 0.248382305592720D-01
 0.207527656568196D-01
 0.174773341960410D-01
 0.150121465162911D-01
 0.133599899275794D-01
 0.125309784833583D-01
 0.121205500571619D-01
 0.117197155510418D-01
 0.113313565091744D-01
 0.109539782490486D-01
 0.105863003646967D-01
 0.102272411556292D-01
 0.987590060185894D-02
 0.953154259565991D-02
 0.919357697906520D-02
 0.886154181717558D-02
 0.853508625509036D-02
 0.821395423933780D-02
 0.789796933041487D-02
 0.758702078821116D-02
 0.728105106350796D-02
 0.698004477893477D-02
 0.668401923670459D-02
 0.639301644175916D-02
 0.610709658117159D-02
 0.582633286271061D-02
 0.555080758374515D-02
 0.528060927686980D-02
 0.501583076417234D-02
 0.475656794863610D-02
 0.450291917363899D-02
 0.425498499078358D-02
 0.401286819288416D-02
 0.377667398879566D-02
 0.354651021497787D-02
 0.332248750476438D-02
 0.310471935488721D-02
 0.289332204724602D-02
 0.268841440629330D-02
 0.249011738221228D-02
 0.229855346391972D-02
 0.211384593674424D-02
 0.193611800368032D-02
 0.176549179579766D-02
 0.160208729925060D-02
 0.144602122691850D-02
 0.129740586334748D-02
 0.115634791084673D-02
 0.102294736052500D-02
 0.897296412958326D-03
 0.779478468899697D-03
 0.669567206994515D-03
 0.567625765448554D-03
 0.473706039496591D-03
 0.387848104796973D-03
 0.310079775243111D-03
 0.240416300165691D-03
 0.178860204371745D-03
 0.125401273454173D-03
 0.800166811387726D-04
 0.426712584022937D-04
 0.133178981798210D-04
-0.810191142619487D-05
-0.216574332512209D-04
-0.274279198997363D-04
-0.258613781056738D-04
-0.205646752426958D-04
-0.150823563771496D-04
-0.975311092332731D-05
-0.456727084596764D-05
 0.484288378288511D-06
 0.541017094235485D-05
 0.102184836592301D-04
 0.149168579177683D-04
 0.195124706436900D-04
 0.240120644434683D-04
 0.284219675172892D-04
 0.327481120443451D-04
 0.369960521062751D-04
 0.411709812020433D-04
 0.452777482706779D-04
 0.493208735719008D-04
 0.533045640693786D-04
 0.572327274461770D-04
 0.611089855873104D-04
 0.649366883820335D-04
 0.687189257142506D-04
 0.724585394351607D-04
 0.761581348029949D-04
 0.798200912122127D-04
 0.834465725851885D-04
 0.870395372665200D-04
 0.906007471890291D-04
 0.941317766667282D-04
 0.976340216674032D-04
 0.101108707220021D-03
 0.104556895124119D-03
 0.107979492049992D-03
 0.111377255826994D-03
 0.114750802833186D-03
 0.118100614407979D-03
 0.121427042838462D-03
 0.124730317452304D-03
 0.128010550497493D-03
 0.131267742720098D-03
 0.134501788515706D-03
 0.137712481453889D-03
 0.140899518932258D-03
 0.144062507292375D-03
 0.147200966438277D-03
 0.150314334330659D-03
 0.153401971818568D-03
 0.156463166600673D-03
 0.159497137524056D-03
 0.162503039202733D-03
 0.165479965499316D-03
 0.168426953717216D-03
 0.171342988970480D-03
 0.174227007416761D-03
 0.177077900289646D-03
 0.179894517824408D-03
 0.182675672562027D-03
 0.185420143363757D-03
 0.188126678661860D-03
 0.190794000207717D-03
 0.193420806464673D-03
 0.196005775787711D-03
 0.198547570473551D-03
 0.201044839105435D-03
 0.203496220496646D-03
 0.205900347154397D-03
 0.208255847624628D-03
 0.210561350151295D-03
 0.212815485767237D-03
 0.215016891189634D-03
 0.217164211662180D-03
 0.219256104116994D-03
 0.221291239803634D-03
 0.223268307024682D-03
 0.225186014191081D-03
 0.227043092255741D-03
 0.228838296845169D-03
 0.230570411599018D-03
 0.232238250248429D-03
 0.233840658552253D-03
 0.235376517032648D-03
 0.236844743142228D-03
 0.238244293306877D-03
 0.239574164861978D-03
 0.240833397970874D-03
 0.242021077614396D-03
 0.243136335296157D-03
 0.244178350605750D-03
 0.245146352781944D-03
 0.246039622258110D-03
 0.246857491923436D-03
 0.247599348615068D-03
 0.248264633881945D-03
 0.248852845103897D-03
 0.249363536841685D-03
 0.249796321387663D-03
 0.250150869192112D-03
 0.250426909804702D-03
 0.250624232620567D-03
 0.250742686702665D-03
 0.250782181474563D-03
 0.000000000000000D+00
 0.198936435184421D+00
 0.144939216039373D+03
-0.115299311713930D+03
 0.244713338734834D+01
 0.279626799528521D+01
 0.315386499885872D+01
 0.359574405153817D+01
 0.410390516432320D+01
 0.467318614033894D+01
 0.527830487552143D+01
 0.579474774141468D+01
 0.594987814718921D+01
 0.536076167862118D+01
 0.366664473487344D+01
 0.434154020222142D+01
 0.518835446102628D+01
 0.629785196020300D+01
 0.782948114804487D+01
 0.100593634838619D+02
 0.134752540338203D+02
 0.189776932239496D+02
 0.283389944111752D+02
 0.453775772498419D+02
 0.798794275776576D+02
 0.536979737771499D+02
-0.127197089950531D+02
-0.732639836995162D+02
-0.871265012951756D+02
-0.660165690715701D+02
-0.386020705973479D+02
-0.187838459940316D+02
-0.938919072933331D+01
-0.625740566933999D+01
-0.477789608955845D+01
-0.375344803470767D+01
-0.316680305313710D+01
-0.269592568753652D+01
-0.212209890430302D+01
-0.167928823134744D+01
-0.155072457015422D+01
-0.151524722001781D+01
-0.136235989582900D+01
-0.118654324425265D+01
-0.104410829955057D+01
-0.938888601699261D+00
-0.858021574472900D+00
-0.791204751115515D+00
-0.733453757657543D+00
-0.682775324780493D+00
-0.638218828366632D+00
-0.599076467840831D+00
-0.564682711105036D+00
-0.534372176091580D+00
-0.507433138359659D+00
-0.483046252748664D+00
-0.460284786091591D+00
-0.438266901925743D+00
-0.416387302362864D+00
-0.394407280897013D+00
-0.372353845536111D+00
-0.350375940748648D+00
-0.328648962769051D+00
-0.307324701238798D+00
-0.286509881401997D+00
-0.266263188281357D+00
-0.246602432809340D+00
-0.227515109505561D+00
-0.208968319252278D+00
-0.190916438154431D+00
-0.173306355117120D+00
-0.156080733255237D+00
-0.139179908513398D+00
-0.122542983329055D+00
-0.106108551823070D+00
-0.898153742021179D-01
-0.736032218959792D-01
-0.574140365351639D-01
-0.411934706548322D-01
-0.248927928936382D-01
-0.826766487520558D-02
-0.814947217264716D-02
-0.788390807215933D-02
-0.765045360253680D-02
-0.744467680249272D-02
-0.726243857158693D-02
-0.709992979111007D-02
-0.695369235970133D-02
-0.682062788825988D-02
-0.669799677552874D-02
-0.658340970005611D-02
-0.647481278335249D-02
-0.637046784675022D-02
-0.626892851016691D-02
-0.616901317798124D-02
-0.606977581014689D-02
-0.597047557278074D-02
-0.587054611642657D-02
-0.576956568139053D-02
-0.566722874211223D-02
-0.556331999632675D-02
-0.545769116229167D-02
-0.535024111272264D-02
-0.524089939517580D-02
-0.512961322627348D-02
-0.501633777361121D-02
-0.490102954060489D-02
-0.478364237537221D-02
-0.466412578816744D-02
-0.454242516454428D-02
-0.441848324399530D-02
-0.429224275109163D-02
-0.416364955455606D-02
-0.403265608355241D-02
-0.389922487968874D-02
-0.376333185201361D-02
-0.362496923500544D-02
-0.348414808755137D-02
-0.334090022775513D-02
-0.319527963412725D-02
-0.304736325915655D-02
-0.289725128368445D-02
-0.274506681634534D-02
-0.259095519652419D-02
-0.243508270614257D-02
-0.227763505620260D-02
-0.211881542000469D-02
-0.195884224183374D-02
-0.179794679624479D-02
-0.163637059173993D-02
-0.147436259041456D-02
-0.131217641268222D-02
-0.115006741907564D-02
-0.988289817627219D-03
-0.827093874988804D-03
-0.666723034470351D-03
-0.507411374428557D-03
-0.349381009812077D-03
-0.192839863188965D-03
-0.379796027516477D-04
 0.100641274514146D-03
 0.111226840004974D-03
 0.108065914616873D-03
 0.105103903536019D-03
 0.102329699558368D-03
 0.997326694118783D-04
 0.973026331507754D-04
 0.950298755242329D-04
 0.929050948172971D-04
 0.909194142195702D-04
 0.890643377715605D-04
 0.873317851812771D-04
 0.857139959009601D-04
 0.842036065762386D-04
 0.827935572544902D-04
 0.814771254908919D-04
 0.802478865580269D-04
 0.790997333410814D-04
 0.780268017308572D-04
 0.770235239144767D-04
 0.760845878744476D-04
 0.752049054142390D-04
 0.743796434221622D-04
 0.736041712912083D-04
 0.728740850775011D-04
 0.721851698415321D-04
 0.715334174117288D-04
 0.709149794886343D-04
 0.703261996193305D-04
 0.697636004076685D-04
 0.692238216970509D-04
 0.687036944668762D-04
 0.682001825680345D-04
 0.677103685120528D-04
 0.672315117355993D-04
 0.667609512561285D-04
 0.662961859632105D-04
 0.658347985904584D-04
 0.653745232170877D-04
 0.649131656871304D-04
 0.644486661371957D-04
 0.639790513901062D-04
 0.635024477446677D-04
 0.630170866600110D-04
 0.625212791760532D-04
 0.620134365192371D-04
 0.614920629971038D-04
 0.609557282871265D-04
 0.604031086481882D-04
 0.598329584988733D-04
 0.592440933644411D-04
 0.586354353515617D-04
 0.580059747790074D-04
 0.573547630722260D-04
 0.566809518431910D-04
 0.559837495472948D-04
 0.552624399574597D-04
 0.545163921117364D-04
 0.537450198123679D-04
 0.529478420219220D-04
 0.521244082563044D-04
 0.512743646652325D-04
 0.503974227683557D-04
 0.494933225070326D-04
 0.485619331414000D-04
 0.476031331686499D-04
 0.466168856405602D-04
 0.456032154261265D-04
 0.445622092115627D-04
 0.434940076843304D-04
 0.423988112174811D-04
 0.412768869750835D-04
 0.401285404905138D-04
 0.389541483514222D-04
 0.377541383045354D-04
 0.365289842818583D-04
 0.352791992952461D-04
 0.340053908587379D-04
 0.327081551176889D-04
 0.313881770352964D-04
 0.300461621804970D-04
 0.286828822027019D-04
 0.272991243832621D-04
 0.258957378207469D-04
 0.244735865351231D-04
 0.230335992057462D-04
 0.215767080646856D-04
 0.201039043190576D-04
 0.186161827286924D-04
 0.171145963179242D-04
 0.156001902951175D-04
 0.140740773701964D-04
 0.125373333048628D-04
 0.109911155732334D-04
 0.943655393825793D-05
 0.787482790087779D-05
 0.630708427706850D-05
 0.473454022653641D-05
 0.315837240805195D-05
 0.157979087589410D-05
 0.000000000000000D+00
