1
20
 1 0.5 0.333333333333333 0.25 0.2 0.166666666666667 0.142857142857143 0.125 0.111111111111111 0.1 0.0909090909090909 0.0833333333333333 0.0769230769230769 0.0714285714285714 0.0666666666666667 0.0625 0.0588235294117647 0.0555555555555556 0.0526315789473684 0.05
 0.5 0.333333333333333 0.25 0.2 0.166666666666667 0.142857142857143 0.125 0.111111111111111 0.1 0.0909090909090909 0.0833333333333333 0.0769230769230769 0.0714285714285714 0.0666666666666667 0.0625 0.0588235294117647 0.0555555555555556 0.0526315789473684 0.05 0.0476190476190476
 0.333333333333333 0.25 0.2 0.166666666666667 0.142857142857143 0.125 0.111111111111111 0.1 0.0909090909090909 0.0833333333333333 0.0769230769230769 0.0714285714285714 0.0666666666666667 0.0625 0.0588235294117647 0.0555555555555556 0.0526315789473684 0.05 0.0476190476190476 0.0454545454545455
 0.25 0.2 0.166666666666667 0.142857142857143 0.125 0.111111111111111 0.1 0.0909090909090909 0.0833333333333333 0.0769230769230769 0.0714285714285714 0.0666666666666667 0.0625 0.0588235294117647 0.0555555555555556 0.0526315789473684 0.05 0.0476190476190476 0.0454545454545455 0.0434782608695652
 0.2 0.166666666666667 0.142857142857143 0.125 0.111111111111111 0.1 0.0909090909090909 0.0833333333333333 0.0769230769230769 0.0714285714285714 0.0666666666666667 0.0625 0.0588235294117647 0.0555555555555556 0.0526315789473684 0.05 0.0476190476190476 0.0454545454545455 0.0434782608695652 0.0416666666666667
 0.166666666666667 0.142857142857143 0.125 0.111111111111111 0.1 0.0909090909090909 0.0833333333333333 0.0769230769230769 0.0714285714285714 0.0666666666666667 0.0625 0.0588235294117647 0.0555555555555556 0.0526315789473684 0.05 0.0476190476190476 0.0454545454545455 0.0434782608695652 0.0416666666666667 0.04
 0.142857142857143 0.125 0.111111111111111 0.1 0.0909090909090909 0.0833333333333333 0.0769230769230769 0.0714285714285714 0.0666666666666667 0.0625 0.0588235294117647 0.0555555555555556 0.0526315789473684 0.05 0.0476190476190476 0.0454545454545455 0.0434782608695652 0.0416666666666667 0.04 0.0384615384615385
 0.125 0.111111111111111 0.1 0.0909090909090909 0.0833333333333333 0.0769230769230769 0.0714285714285714 0.0666666666666667 0.0625 0.0588235294117647 0.0555555555555556 0.0526315789473684 0.05 0.0476190476190476 0.0454545454545455 0.0434782608695652 0.0416666666666667 0.04 0.0384615384615385 0.037037037037037
 0.111111111111111 0.1 0.0909090909090909 0.0833333333333333 0.0769230769230769 0.0714285714285714 0.0666666666666667 0.0625 0.0588235294117647 0.0555555555555556 0.0526315789473684 0.05 0.0476190476190476 0.0454545454545455 0.0434782608695652 0.0416666666666667 0.04 0.0384615384615385 0.037037037037037 0.0357142857142857
 0.1 0.0909090909090909 0.0833333333333333 0.0769230769230769 0.0714285714285714 0.0666666666666667 0.0625 0.0588235294117647 0.0555555555555556 0.0526315789473684 0.05 0.0476190476190476 0.0454545454545455 0.0434782608695652 0.0416666666666667 0.04 0.0384615384615385 0.037037037037037 0.0357142857142857 0.0344827586206897
 0.0909090909090909 0.0833333333333333 0.0769230769230769 0.0714285714285714 0.0666666666666667 0.0625 0.0588235294117647 0.0555555555555556 0.0526315789473684 0.05 0.0476190476190476 0.0454545454545455 0.0434782608695652 0.0416666666666667 0.04 0.0384615384615385 0.037037037037037 0.0357142857142857 0.0344827586206897 0.0333333333333333
 0.0833333333333333 0.0769230769230769 0.0714285714285714 0.0666666666666667 0.0625 0.0588235294117647 0.0555555555555556 0.0526315789473684 0.05 0.0476190476190476 0.0454545454545455 0.0434782608695652 0.0416666666666667 0.04 0.0384615384615385 0.037037037037037 0.0357142857142857 0.0344827586206897 0.0333333333333333 0.032258064516129
 0.0769230769230769 0.0714285714285714 0.0666666666666667 0.0625 0.0588235294117647 0.0555555555555556 0.0526315789473684 0.05 0.0476190476190476 0.0454545454545455 0.0434782608695652 0.0416666666666667 0.04 0.0384615384615385 0.037037037037037 0.0357142857142857 0.0344827586206897 0.0333333333333333 0.032258064516129 0.03125
 0.0714285714285714 0.0666666666666667 0.0625 0.0588235294117647 0.0555555555555556 0.0526315789473684 0.05 0.0476190476190476 0.0454545454545455 0.0434782608695652 0.0416666666666667 0.04 0.0384615384615385 0.037037037037037 0.0357142857142857 0.0344827586206897 0.0333333333333333 0.032258064516129 0.03125 0.0303030303030303
 0.0666666666666667 0.0625 0.0588235294117647 0.0555555555555556 0.0526315789473684 0.05 0.0476190476190476 0.0454545454545455 0.0434782608695652 0.0416666666666667 0.04 0.0384615384615385 0.037037037037037 0.0357142857142857 0.0344827586206897 0.0333333333333333 0.032258064516129 0.03125 0.0303030303030303 0.0294117647058824
 0.0625 0.0588235294117647 0.0555555555555556 0.0526315789473684 0.05 0.0476190476190476 0.0454545454545455 0.0434782608695652 0.0416666666666667 0.04 0.0384615384615385 0.037037037037037 0.0357142857142857 0.0344827586206897 0.0333333333333333 0.032258064516129 0.03125 0.0303030303030303 0.0294117647058824 0.0285714285714286
 0.0588235294117647 0.0555555555555556 0.0526315789473684 0.05 0.0476190476190476 0.0454545454545455 0.0434782608695652 0.0416666666666667 0.04 0.0384615384615385 0.037037037037037 0.0357142857142857 0.0344827586206897 0.0333333333333333 0.032258064516129 0.03125 0.0303030303030303 0.0294117647058824 0.0285714285714286 0.0277777777777778
 0.0555555555555556 0.0526315789473684 0.05 0.0476190476190476 0.0454545454545455 0.0434782608695652 0.0416666666666667 0.04 0.0384615384615385 0.037037037037037 0.0357142857142857 0.0344827586206897 0.0333333333333333 0.032258064516129 0.03125 0.0303030303030303 0.0294117647058824 0.0285714285714286 0.0277777777777778 0.027027027027027
 0.0526315789473684 0.05 0.0476190476190476 0.0454545454545455 0.0434782608695652 0.0416666666666667 0.04 0.0384615384615385 0.037037037037037 0.0357142857142857 0.0344827586206897 0.0333333333333333 0.032258064516129 0.03125 0.0303030303030303 0.0294117647058824 0.0285714285714286 0.0277777777777778 0.027027027027027 0.0263157894736842
 0.05 0.0476190476190476 0.0454545454545455 0.0434782608695652 0.0416666666666667 0.04 0.0384615384615385 0.037037037037037 0.0357142857142857 0.0344827586206897 0.0333333333333333 0.032258064516129 0.03125 0.0303030303030303 0.0294117647058824 0.0285714285714286 0.0277777777777778 0.027027027027027 0.0263157894736842 0.0256410256410256
