    1   14
    1    0.1000000000E+01   -0.1000000015E+00    0.1000000000E+01   -0.1000000015E+00
    2    0.2000000000E+01    0.7099999785E+00    0.1000000000E+01    0.6999999881E+00    0.0000000000E+00
    3    0.3000000000E+01    0.6899999976E+00    0.1000000000E+01    0.6999999881E+00    0.1999998093E-01
    4    0.4000000000E+01    0.8700000048E+00    0.1000000000E+01    0.8700000048E+00    0.0000000000E+00
    5    0.5000000000E+01   -0.1000000000E+01    0.1000000000E+01   -0.1000000000E+01    0.0000000000E+00
    6    0.6000000000E+01   -0.1110000014E+01    0.1000000000E+01   -0.1110000014E+01    0.0000000000E+00
    7    0.7000000000E+01    0.1000000000E+01    0.1000000000E+01    0.1000000000E+01    0.0000000000E+00
    8    0.8000000000E+01    0.1000000000E+01    0.1000000000E+01    0.1000000000E+01    0.0000000000E+00
    9    0.9000000000E+01   -0.1000000000E+01    0.1000000000E+01   -0.1000000000E+01    0.0000000000E+00
   10    0.1000000000E+02   -0.1000000000E+01    0.1000000000E+01   -0.1000000000E+01    0.0000000000E+00
   11    0.1100000000E+02    0.6800000072E+00    0.1000000000E+01    0.6800000072E+00    0.0000000000E+00
   12    0.1200000000E+02    0.7300000191E+00    0.1000000000E+01    0.7300000191E+00    0.0000000000E+00
   13    0.1300000000E+02    0.6999999881E+00    0.1000000000E+01    0.6999999881E+00    0.0000000000E+00
   14    0.1400000000E+02    0.5000000000E+00    0.1000000000E+01    0.5000000000E+00    0.0000000000E+00
