0.99999
1.0001
1.0001
0.99977
1.0001
0.99999
0.99999
1
1
0.99998
1
0.99996
1
0.99995
1.0001
0.99995
1.0001
0.99994
1.0001
0.99993
1.0001
0.99993
1.0001
0.99992
1.0001
0.99992
1.0001
0.99992
1.0001
0.99991
1.0001
0.99991
1.0001
0.9999
1.0001
0.9999
1.0001
0.9999
1.0001
0.99989
1.0001
0.99989
1.0001
0.99989
1.0001
0.99989
1.0001
0.99988
1.0001
0.99988
1.0001
0.99988
1.0001
0.99988
1.0001
0.99988
1.0001
0.99987
1.0001
0.99987
1.0001
0.99987
1.0001
0.99987
1.0001
0.99987
1.0001
0.99986
1.0001
0.99986
1.0001
0.99986
1.0001
0.99986
1.0001
0.99986
1.0001
0.99986
1.0001
0.99986
1.0001
0.99986
1.0001
0.99985
1.0001
0.99985
1.0001
0.99985
1.0001
0.99985
1.0001
0.99985
1.0002
0.99985
1.0002
0.99985
1.0002
0.99985
1.0002
0.99985
1.0002
0.99985
1.0002
0.99985
1.0002
0.99985
1.0002
0.99984
1.0002
0.99984
1.0002
0.99984
1.0002
0.99984
1.0002
0.99984
1.0002
0.99984
1.0002
0.99984
1.0002
0.99984
1.0002
0.99985
1.0002
0.99984
1.0002
0.99984
1.0001
0.99988
1.0001
0.99979
1.0003
0.99985
0.99996
1
1.0004
0.99927
1.0003
1.0009
0.9992
0.99905
1.0049
1.0065
1.0007
0.99199
0.98485
0.97742
0.97055
0.96311
0.9563
0.94894
0.9422
0.93492
0.92823
0.92103
0.91441
0.90729
0.90074
0.8937
0.88721
0.88026
0.87383
0.86696
0.8606
0.85382
0.84753
0.84084
0.8346
0.828
0.82183
0.81532
0.80921
0.80279
0.79674
0.79041
0.78442
0.77818
0.77225
0.7661
0.76023
0.75417
0.74836
0.74239
0.73663
0.73076
0.72506
0.71928
0.71363
0.70795
0.70234
0.69676
0.6912
0.68571
0.6802
0.67481
0.66935
0.66406
0.65863
0.65344
0.64805
0.64296
0.63761
0.63261
0.6273
0.62239
0.61712
0.61231
0.60706
0.60235
0.59713
0.59251
0.58732
0.5828
0.57764
0.57321
0.56808
0.56375
0.55864
0.55441
0.54933
0.54521
0.54015
0.53612
0.53109
0.52716
0.52214
0.5183
0.51331
0.50956
0.50459
0.50092
0.49597
0.4924
0.48747
0.48398
0.47907
0.47568
0.4708
0.4675
0.46265
0.45944
0.45464
0.45154
0.4468
0.44384
0.43923
0.43648
0.43211
0.42975
0.42571
0.42334
0.41997
0.41965
0.40827
0.39219
0.40814
0.43021
0.42362
0.42512
0.42696
0.42598
0.42612
0.42751
0.42603
0.42723
0.42602
0.42671
0.42571
0.42654
0.42554
0.4266
0.42567
0.42679
0.4259
0.42696
0.42599
0.42695
0.42589
0.42682
0.42574
0.42672
0.42569
0.42674
0.42575
0.42685
0.42584
0.42692
0.42585
0.42689
0.42578
0.42681
0.42569
0.42677
0.42568
0.42681
0.42572
0.42686
0.42575
0.42689
0.42573
0.42685
0.42567
0.42682
0.42564
0.42682
0.42563
0.42685
0.42567
0.42692
0.42569
0.42689
0.42563
0.42691
0.42565
0.42689
0.42556
0.42689
0.42564
0.42695
0.42553
0.4269
0.42571
0.42721
0.42566
0.42662
0.42499
0.4271
0.42658
0.42782
0.42483
0.42482
0.42423
0.4301
0.43014
0.42524
0.41912
0.42688
0.42867
0.42635
0.43226
0.44026
0.39504
0.31397
0.2573
0.259
0.26785
0.26585
0.26321
0.26815
0.26559
0.26554
0.26468
0.26601
0.26482
0.2669
0.2646
0.26613
0.2652
0.26624
0.26481
0.26681
0.26452
0.26611
0.2652
0.26633
0.26457
0.26663
0.26446
0.26605
0.26507
0.26643
0.26445
0.26661
0.26457
0.26616
0.26501
0.26659
0.26439
0.26663
0.26463
0.26627
0.26487
0.26671
0.26431
0.26665
0.26463
0.26639
0.26469
0.26682
0.26419
0.26668
0.26454
0.26652
0.26444
0.26696
0.26406
0.26679
0.26439
0.26676
0.26417
0.26719
0.26389
0.26702
0.26413
0.26712
0.26375
0.26757
0.26347
0.2675
0.26341
0.26799
0.26245
0.26916
0.26088
0.27107
0.25741
0.27601
0.24937
0.28622
0.21506
0.10768
0.14004
0.11709
0.13136
0.12115
0.12819
0.1228
0.12696
0.12349
0.12644
0.12381
0.12617
0.12399
0.12601
0.12411
0.12589
0.1242
0.12581
0.12427
0.12574
0.12432
0.12568
0.12437
0.12563
0.12442
0.12558
0.12445
0.12555
0.12449
0.12551
0.12452
0.12548
0.12455
0.12545
0.12457
0.12543
0.12459
0.1254
0.12462
0.12538
0.12464
0.12536
0.12465
0.12534
0.12467
0.12533
0.12469
0.12531
0.12471
0.12529
0.12472
0.12528
0.12474
0.12526
0.12475
0.12525
0.12476
0.12523
0.12478
0.12522
0.12479
0.12521
0.1248
0.12519
0.12482
0.12518
0.12483
0.12517
0.12484
0.12516
0.12485
0.12515
0.12486
0.12513
0.12487
0.12512
0.12488
0.12511
0.12489
0.12511
0.1249
0.12509
0.12492
0.12507
0.12495
0.12502
0.12504
0.12491
0.12502
0.12508
0.125
