1
1
1
1
1
1
1
1
1
1
1
1
1
1
1
1
1
1
1
1
1
1
1
1
1
1
1
1
1
1
1
1
1
1
1
1
1
1
0.98073
0.94981
0.91966
0.89027
0.86162
0.83371
0.80651
0.78002
0.75422
0.7291
0.70465
0.68085
0.6577
0.63518
0.61327
0.59197
0.57126
0.55114
0.53158
0.51258
0.49413
0.47621
0.45881
0.44193
0.42632
0.42632
0.42632
0.42632
0.42632
0.42632
0.42632
0.42632
0.42632
0.42632
0.42632
0.42632
0.42632
0.42632
0.42632
0.42632
0.42632
0.42632
0.42632
0.42632
0.42632
0.42632
0.26557
0.26557
0.26557
0.26557
0.26557
0.26557
0.26557
0.26557
0.26557
0.26557
0.26557
0.26557
0.26557
0.26557
0.26557
0.26557
0.26557
0.26557
0.26557
0.125
0.125
0.125
0.125
0.125
0.125
0.125
0.125
0.125
0.125
0.125
0.125
0.125
0.125
0.125
0.125
0.125
0.125
0.125
0.125
0.125
0.125
0.125
0.125
0.125
