-4.5847e-005
-5.1305e-005
-7.8568e-005
5.6245e-006
0.00011592
4.0304e-005
-0.00014225
7.2886e-005
4.507e-005
-0.00011712
0.000123
-8.2156e-005
2.1584e-005
3.8518e-005
-8.7109e-005
0.00012015
-0.00013778
0.00014219
-0.00013624
0.00012274
-0.00010416
8.2489e-005
-5.9263e-005
3.5616e-005
-1.2357e-005
-9.9615e-006
3.0982e-005
-5.0492e-005
6.8384e-005
-8.4624e-005
9.923e-005
-0.00011226
0.00012378
-0.00013388
0.00014265
-0.0001502
0.00015661
-0.00016197
0.00016637
-0.0001699
0.00017262
-0.00017461
0.00017592
-0.00017662
0.00017675
-0.00017638
0.00017553
-0.00017425
0.00017257
-0.00017052
0.00016814
-0.00016545
0.00016247
-0.00015921
0.00015571
-0.00015197
0.00014801
-0.00014384
0.00013947
-0.00013492
0.00013019
-0.00012529
0.00012022
-0.000115
0.00010963
-0.00010411
9.8442e-005
-9.2639e-005
8.6699e-005
-8.0624e-005
7.4418e-005
-6.8082e-005
6.1618e-005
-5.5026e-005
4.8308e-005
-4.1465e-005
3.4498e-005
-2.7406e-005
2.019e-005
-1.2851e-005
5.3882e-006
2.1984e-006
-9.9089e-006
1.7744e-005
-2.5703e-005
3.3787e-005
-4.1997e-005
5.0334e-005
-5.8797e-005
6.7388e-005
-7.6109e-005
8.4959e-005
-9.394e-005
0.00010305
-0.0001123
0.00012169
-0.00013121
0.00014087
-0.00015067
0.00016062
-0.00017071
0.00018096
-0.00019136
0.00020192
-0.00021264
0.00022354
-0.0002346
0.00024585
-0.00025729
0.00026893
-0.00028077
0.00029284
-0.00030514
0.00031768
-0.00033049
0.00034359
-0.00035699
0.00037072
-0.00038482
0.00039931
-0.00041423
0.00042964
-0.00044558
0.00046212
-0.00047933
0.00049729
-0.00051612
0.00053592
-0.00055685
0.00057909
-0.00060284
0.00062837
-0.00065601
0.00068615
-0.00071931
0.00075613
-0.00079747
0.00084445
-0.0008986
0.00096208
-0.0010381
0.0011314
-0.0012503
0.0014088
-0.0016335
0.0019765
-0.0025413
0.0035317
-0.0053219
0.0084954
-0.013603
0.019911
-0.0217
0.0018218
0.069623
-0.17568
0.20838
0.8764
1.0295
1.0009
0.99885
1.0005
0.99971
1.0003
0.99976
1.0002
0.99977
1.0002
0.99977
1.0002
0.99977
1.0002
0.99977
1.0002
0.99977
1.0002
0.99976
1.0002
0.99976
1.0002
0.99976
1.0002
0.99975
1.0002
0.99975
1.0002
0.99975
1.0003
0.99975
1.0003
0.99975
1.0003
0.99975
1.0003
0.99975
1.0002
0.99975
1.0002
0.99975
1.0002
0.99976
1.0002
0.99976
1.0002
0.99976
1.0002
0.99976
1.0002
0.99977
1.0002
0.99977
1.0002
0.99978
1.0002
0.99978
1.0002
0.99979
1.0002
0.99979
1.0002
0.9998
1.0002
0.9998
1.0002
0.99981
1.0002
0.99981
1.0002
0.99982
1.0002
0.99983
1.0002
0.99983
1.0002
0.99984
1.0002
0.99985
1.0001
0.99986
1.0001
0.99986
1.0001
0.99987
1.0001
0.99988
1.0001
0.99989
1.0001
0.9999
1.0001
0.99991
1.0001
0.99992
1.0001
0.99993
1.0001
0.99994
1.0001
0.99995
1
0.99996
1
0.99997
1
0.99998
1
0.99999
1
1
0.99999
1
0.99997
1
0.99996
1
0.99995
1.0001
0.99993
1.0001
0.99992
1.0001
0.9999
1.0001
0.99989
1.0001
0.99987
1.0001
0.99986
1.0002
0.99984
1.0002
0.99982
1.0002
0.99981
1.0002
0.99979
1.0002
0.99977
1.0002
0.99975
1.0003
0.99973
1.0003
0.99971
1.0003
0.99969
1.0003
0.99967
1.0003
0.99964
1.0004
0.99962
1.0004
0.9996
1.0004
0.99957
1.0004
0.99954
1.0005
0.99951
1.0005
0.99948
1.0005
0.99945
1.0006
0.99941
1.0006
0.99937
1.0007
0.99932
1.0007
0.99926
1.0008
0.9992
1.0008
0.99911
1.0009
0.99899
1.0011
0.99882
1.0013
0.99855
1.0017
0.99798
1.0026
0.99643
1.0054
0.99147
1.0136
0.98007
1.0217
0.99817
0.9304
1.1756
0.79165
0.12357
-0.029499
-0.00094881
0.0011789
-0.00047519
0.00031609
-0.00028024
0.00026455
-0.00025452
0.00024777
-0.00024334
0.00024054
-0.0002389
0.00023803
-0.00023768
0.00023764
-0.00023777
0.00023796
-0.00023814
0.00023823
-0.00023821
0.00023804
-0.0002377
0.00023718
-0.00023647
0.00023556
-0.00023444
0.00023313
-0.00023161
0.0002299
-0.00022799
0.00022589
-0.0002236
0.00022112
-0.00021847
0.00021565
-0.00021266
0.0002095
-0.00020618
0.00020272
-0.0001991
0.00019534
-0.00019144
0.00018741
-0.00018324
0.00017895
-0.00017455
0.00017002
-0.00016538
0.00016064
-0.00015579
0.00015084
-0.00014579
0.00014065
-0.00013542
0.00013011
-0.00012472
0.00011925
-0.0001137
0.00010809
-0.00010241
9.6665e-005
-9.0863e-005
8.5004e-005
-7.9094e-005
7.3136e-005
-6.7133e-005
6.109e-005
-5.501e-005
4.8897e-005
-4.2755e-005
3.6589e-005
-3.0403e-005
2.4202e-005
-1.7989e-005
1.177e-005
-5.5498e-006
-6.6617e-007
6.8725e-006
-1.3063e-005
1.9233e-005
-2.5374e-005
3.1481e-005
-3.7545e-005
4.356e-005
-4.9517e-005
5.5408e-005
-6.1223e-005
6.6953e-005
-7.2587e-005
7.8113e-005
-8.352e-005
8.8795e-005
-9.3925e-005
9.8893e-005
-0.00010368
0.00010828
-0.00011267
0.00011682
-0.00012072
0.00012435
-0.00012767
0.00013067
-0.00013332
0.00013557
-0.00013741
0.0001388
-0.00013969
0.00014006
-0.00013985
0.00013902
-0.00013752
0.00013531
-0.00013232
0.00012851
-0.0001238
0.00011815
-0.00011149
0.00010376
-9.4905e-005
8.4861e-005
-7.3582e-005
6.1028e-005
-4.7173e-005
3.201e-005
-1.5562e-005
-2.1117e-006
2.0899e-005
-4.0622e-005
6.1012e-005
-8.1686e-005
0.00010211
-0.00012157
0.00013909
-0.00015343
0.00016295
-0.00016558
0.00015875
-0.00013941
0.00010428
-5.0858e-005
-1.9991e-005
9.8856e-005
-0.00016087
0.00016582
-8.6038e-005
-2.8463e-005
3.3555e-005
8.84e-005
2.4255e-006
-0.00031279
-0.00012814
0.00021624
0.00022084
7.0185e-005
-2.2407e-005
-4.5847e-005
