1
1
1
1
1
1
1
1
1
1
1
1
1
1
1
1
1
1
1
1
1
1
1
1
1
1
1
1
1
1
1
1
1
1
1
1
1
1
1
1
1
1
1
1
1
1
1
1
1
1
1
1
1
1
1
1
1
1
1
1
1
1
1
1
1
1
1
1
1
1
1
1
1
1
1
1
1
1
1
1
1
1
1
1
1
1
1
1
1
1
1
1
1
1
1
1
1
1
1
1
1
1
1
1
1
1
1
1
1
1
1
1
1
1
1
1
1
1
1
1
1
1
1
1
1
1
1
1
1
1
1
1
1
1
1
1
1
1
1
1
1
1
1
1
1
0.9952
0.98775
0.98036
0.973
0.96569
0.95842
0.9512
0.94402
0.93689
0.92979
0.92274
0.91574
0.90877
0.90185
0.89497
0.88813
0.88133
0.87458
0.86786
0.86119
0.85456
0.84797
0.84142
0.83491
0.82844
0.82201
0.81563
0.80928
0.80297
0.7967
0.79047
0.78427
0.77812
0.77201
0.76593
0.75989
0.75389
0.74793
0.742
0.73612
0.73027
0.72446
0.71868
0.71294
0.70724
0.70158
0.69595
0.69036
0.6848
0.67928
0.67379
0.66834
0.66293
0.65755
0.65221
0.6469
0.64162
0.63638
0.63117
0.626
0.62086
0.61576
0.61069
0.60565
0.60065
0.59568
0.59074
0.58583
0.58096
0.57612
0.57131
0.56654
0.56179
0.55708
0.5524
0.54775
0.54314
0.53855
0.53399
0.52947
0.52498
0.52051
0.51608
0.51168
0.5073
0.50296
0.49865
0.49437
0.49011
0.48589
0.48169
0.47753
0.47339
0.46928
0.4652
0.46115
0.45713
0.45313
0.44917
0.44523
0.44131
0.43743
0.43357
0.42974
0.42632
0.42632
0.42632
0.42632
0.42632
0.42632
0.42632
0.42632
0.42632
0.42632
0.42632
0.42632
0.42632
0.42632
0.42632
0.42632
0.42632
0.42632
0.42632
0.42632
0.42632
0.42632
0.42632
0.42632
0.42632
0.42632
0.42632
0.42632
0.42632
0.42632
0.42632
0.42632
0.42632
0.42632
0.42632
0.42632
0.42632
0.42632
0.42632
0.42632
0.42632
0.42632
0.42632
0.42632
0.42632
0.42632
0.42632
0.42632
0.42632
0.42632
0.42632
0.42632
0.42632
0.42632
0.42632
0.42632
0.42632
0.42632
0.42632
0.42632
0.42632
0.42632
0.42632
0.42632
0.42632
0.42632
0.42632
0.42632
0.42632
0.42632
0.42632
0.42632
0.42632
0.42632
0.42632
0.42632
0.42632
0.42632
0.42632
0.42632
0.42632
0.42632
0.42632
0.42632
0.42632
0.42632
0.42632
0.42632
0.42632
0.42632
0.42632
0.42632
0.42632
0.42632
0.26557
0.26557
0.26557
0.26557
0.26557
0.26557
0.26557
0.26557
0.26557
0.26557
0.26557
0.26557
0.26557
0.26557
0.26557
0.26557
0.26557
0.26557
0.26557
0.26557
0.26557
0.26557
0.26557
0.26557
0.26557
0.26557
0.26557
0.26557
0.26557
0.26557
0.26557
0.26557
0.26557
0.26557
0.26557
0.26557
0.26557
0.26557
0.26557
0.26557
0.26557
0.26557
0.26557
0.26557
0.26557
0.26557
0.26557
0.26557
0.26557
0.26557
0.26557
0.26557
0.26557
0.26557
0.26557
0.26557
0.26557
0.26557
0.26557
0.26557
0.26557
0.26557
0.26557
0.26557
0.26557
0.26557
0.26557
0.26557
0.26557
0.26557
0.26557
0.26557
0.26557
0.26557
0.26557
0.26557
0.26557
0.26557
0.125
0.125
0.125
0.125
0.125
0.125
0.125
0.125
0.125
0.125
0.125
0.125
0.125
0.125
0.125
0.125
0.125
0.125
0.125
0.125
0.125
0.125
0.125
0.125
0.125
0.125
0.125
0.125
0.125
0.125
0.125
0.125
0.125
0.125
0.125
0.125
0.125
0.125
0.125
0.125
0.125
0.125
0.125
0.125
0.125
0.125
0.125
0.125
0.125
0.125
0.125
0.125
0.125
0.125
0.125
0.125
0.125
0.125
0.125
0.125
0.125
0.125
0.125
0.125
0.125
0.125
0.125
0.125
0.125
0.125
0.125
0.125
0.125
0.125
0.125
0.125
0.125
0.125
0.125
0.125
0.125
0.125
0.125
0.125
0.125
0.125
0.125
0.125
0.125
0.125
0.125
