0.0019781
-0.0019787
0.0019792
-0.0019798
0.0019803
-0.0019809
0.0019814
-0.001982
0.0019825
-0.0019831
0.0019836
-0.0019842
0.0019848
-0.0019853
0.0019859
-0.0019865
0.001987
-0.0019876
0.0019882
-0.0019888
0.0019894
-0.0019899
0.0019905
-0.0019911
0.0019917
-0.0019923
0.0019929
-0.0019935
0.0019942
-0.0019948
0.0019954
-0.001996
0.0019967
-0.0019973
0.001998
-0.0019986
0.0019993
-0.0019999
0.0020006
-0.0020013
0.002002
-0.0020026
0.0020033
-0.002004
0.0020048
-0.0020055
0.0020062
-0.0020069
0.0020077
-0.0020084
0.0020092
-0.00201
0.0020108
-0.0020116
0.0020124
-0.0020132
0.002014
-0.0020149
0.0020157
-0.0020166
0.0020175
-0.0020184
0.0020193
-0.0020202
0.0020212
-0.0020221
0.0020231
-0.0020241
0.0020251
-0.0020261
0.0020272
-0.0020283
0.0020294
-0.0020305
0.0020316
-0.0020328
0.002034
-0.0020352
0.0020365
-0.0020378
0.0020391
-0.0020404
0.0020418
-0.0020432
0.0020447
-0.0020462
0.0020477
-0.0020493
0.0020509
-0.0020526
0.0020543
-0.0020561
0.0020579
-0.0020598
0.0020617
-0.0020637
0.0020658
-0.002068
0.0020702
-0.0020726
0.002075
-0.0020775
0.0020801
-0.0020828
0.0020856
-0.0020886
0.0020917
-0.0020949
0.0020983
-0.0021018
0.0021056
-0.0021095
0.0021136
-0.0021179
0.0021225
-0.0021274
0.0021325
-0.002138
0.0021438
-0.0021501
0.0021567
-0.0021638
0.0021714
-0.0021796
0.0021885
-0.0021981
0.0022085
-0.0022199
0.0022323
-0.0022459
0.0022609
-0.0022775
0.0022958
-0.0023162
0.0023389
-0.0023642
0.0023926
-0.0024245
0.0024606
-0.0025026
0.0025553
-0.0026322
0.0027708
-0.0030699
0.0037694
-0.0053961
0.0089368
-0.015737
0.026108
-0.034525
0.020648
0.053823
-0.1747
0.2187
0.8699
1.0284
1.0036
0.99712
1.0019
0.99823
1.0018
0.99824
1.0018
0.99823
1.0018
0.99821
1.0018
0.9982
1.0018
0.99819
1.0018
0.99818
1.0018
0.99817
1.0018
0.99816
1.0018
0.99815
1.0019
0.99814
1.0019
0.99813
1.0019
0.99813
1.0019
0.99812
1.0019
0.99811
1.0019
0.99811
1.0019
0.9981
1.0019
0.9981
1.0019
0.9981
1.0019
0.99809
1.0019
0.99809
1.0019
0.99808
1.0019
0.99808
1.0019
0.99808
1.0019
0.99807
1.0019
0.99807
1.0019
0.99807
1.0019
0.99807
1.0019
0.99806
1.0019
0.99806
1.0019
0.99806
1.0019
0.99805
1.0019
0.99805
1.0019
0.99805
1.002
0.99805
1.002
0.99805
1.002
0.99804
1.002
0.99804
1.002
0.99804
1.002
0.99804
1.002
0.99804
1.002
0.99803
1.002
0.99803
1.002
0.99803
1.002
0.99803
1.002
0.99802
1.002
0.99802
1.002
0.99802
1.002
0.99802
1.002
0.99802
1.002
0.99801
1.002
0.99801
1.002
0.99801
1.002
0.99801
1.002
0.99801
1.002
0.998
1.002
0.998
1.002
0.998
1.002
0.998
1.002
0.99799
1.002
0.99799
1.002
0.99799
1.002
0.99799
1.002
0.99798
1.002
0.99798
1.002
0.99798
1.002
0.99797
1.002
0.99797
1.002
0.99797
1.002
0.99796
1.002
0.99796
1.002
0.99795
1.002
0.99795
1.0021
0.99795
1.0021
0.99794
1.0021
0.99793
1.0021
0.99793
1.0021
0.99792
1.0021
0.99791
1.0021
0.99791
1.0021
0.9979
1.0021
0.99789
1.0021
0.99788
1.0021
0.99786
1.0021
0.99785
1.0022
0.99783
1.0022
0.99781
1.0022
0.99779
1.0022
0.99776
1.0023
0.99772
1.0023
0.99768
1.0023
0.99763
1.0024
0.99756
1.0025
0.99746
1.0026
0.99725
1.0031
0.99625
1.0054
0.99108
1.0157
0.97391
1.0345
0.97937
0.94616
1.1747
0.78128
0.13012
-0.028403
-0.0035484
0.0028634
-0.001911
0.001752
-0.0017404
0.0017442
-0.0017494
0.0017553
-0.0017614
0.0017678
-0.0017741
0.0017804
-0.0017865
0.0017925
-0.0017982
0.0018037
-0.001809
0.001814
-0.0018188
0.0018234
-0.0018278
0.001832
-0.001836
0.0018398
-0.0018435
0.001847
-0.0018504
0.0018536
-0.0018567
0.0018596
-0.0018625
0.0018652
-0.0018678
0.0018703
-0.0018728
0.0018751
-0.0018774
0.0018796
-0.0018817
0.0018838
-0.0018857
0.0018877
-0.0018895
0.0018913
-0.0018931
0.0018948
-0.0018964
0.001898
-0.0018996
0.0019011
-0.0019026
0.001904
-0.0019054
0.0019068
-0.0019081
0.0019094
-0.0019107
0.0019119
-0.0019131
0.0019143
-0.0019155
0.0019166
-0.0019178
0.0019189
-0.0019199
0.001921
-0.001922
0.001923
-0.001924
0.001925
-0.0019259
0.0019269
-0.0019278
0.0019287
-0.0019296
0.0019305
-0.0019314
0.0019322
-0.0019331
0.0019339
-0.0019347
0.0019355
-0.0019363
0.0019371
-0.0019379
0.0019386
-0.0019394
0.0019401
-0.0019409
0.0019416
-0.0019423
0.001943
-0.0019437
0.0019444
-0.0019451
0.0019458
-0.0019465
0.0019471
-0.0019478
0.0019485
-0.0019491
0.0019498
-0.0019504
0.001951
-0.0019517
0.0019523
-0.0019529
0.0019535
-0.0019541
0.0019547
-0.0019553
0.0019559
-0.0019565
0.0019571
-0.0019577
0.0019583
-0.0019589
0.0019594
-0.00196
0.0019606
-0.0019612
0.0019617
-0.0019623
0.0019628
-0.0019634
0.001964
-0.0019645
0.0019651
-0.0019656
0.0019662
-0.0019667
0.0019673
-0.0019678
0.0019684
-0.0019689
0.0019695
-0.00197
0.0019705
-0.0019711
0.0019716
-0.0019722
0.0019727
-0.0019733
0.0019738
-0.0019743
0.0019749
-0.0019754
0.001976
-0.0019765
0.001977
-0.0019776
