-3.7815e-016
0.0040949
0.0081898
0.012285
0.016379
0.020474
0.024569
0.028663
0.032757
0.036851
0.040945
0.045039
0.049132
0.053225
0.057318
0.06141
0.065503
0.069594
0.073686
0.077777
0.081867
0.085957
0.090047
0.094136
0.098224
0.10231
0.1064
0.11049
0.11457
0.11866
0.12274
0.12683
0.13091
0.13499
0.13908
0.14316
0.14724
0.15132
0.15539
0.15947
0.16355
0.16763
0.1717
0.17577
0.17985
0.18392
0.18799
0.19206
0.19613
0.2002
0.20426
0.20833
0.21239
0.21645
0.22051
0.22457
0.22863
0.23269
0.23675
0.2408
0.24485
0.24891
0.25296
0.257
0.26105
0.2651
0.26914
0.27318
0.27722
0.28126
0.2853
0.28934
0.29337
0.2974
0.30143
0.30546
0.30949
0.31351
0.31753
0.32156
0.32557
0.32959
0.33361
0.33762
0.34163
0.34564
0.34964
0.35365
0.35765
0.36165
0.36564
0.36964
0.37363
0.37762
0.38161
0.38559
0.38957
0.39355
0.39753
0.4015
0.40548
0.40945
0.41341
0.41738
0.42134
0.42529
0.42925
0.4332
0.43715
0.4411
0.44504
0.44898
0.45292
0.45685
0.46078
0.46471
0.46863
0.47255
0.47647
0.48038
0.48429
0.4882
0.4921
0.496
0.4999
0.50379
0.50768
0.51156
0.51544
0.51932
0.52319
0.52706
0.53093
0.53479
0.53864
0.54249
0.54634
0.55019
0.55403
0.55786
0.56169
0.56552
0.56934
0.57316
0.57697
0.58077
0.58458
0.58837
0.59217
0.59595
0.59974
0.60351
0.60729
0.61105
0.61481
0.61857
0.62232
0.62607
0.62981
0.63354
0.63727
0.64099
0.6447
0.64841
0.65212
0.65582
0.65951
0.66319
0.66687
0.67054
0.67421
0.67787
0.68152
0.68516
0.6888
0.69243
0.69606
0.69967
0.70328
0.70689
0.71048
0.71407
0.71764
0.72121
0.72478
0.72833
0.73188
0.73542
0.73895
0.74247
0.74598
0.74948
0.75297
0.75646
0.75994
0.7634
0.76686
0.7703
0.77374
0.77717
0.78059
0.78399
0.78739
0.79077
0.79414
0.79751
0.80086
0.8042
0.80753
0.81084
0.81415
0.81745
0.82072
0.824
0.82724
0.83049
0.83373
0.8369
0.84016
0.84331
0.84646
0.84972
0.85271
0.85596
0.8591
0.86194
0.86546
0.8681
0.87122
0.87481
0.87663
0.88098
0.88334
0.88527
0.89119
0.89012
0.89567
0.89999
0.89558
0.90985
0.90283
0.90582
0.92462
0.8964
0.932
0.92169
0.89368
0.97198
0.88021
0.94076
0.98786
0.8111
1.0659
0.89141
0.76599
1.2148
3.5777e-014
-1.2148
-0.76599
-0.89141
-1.0659
-0.8111
-0.98786
-0.94076
-0.88021
-0.97198
-0.89368
-0.92169
-0.932
-0.8964
-0.92462
-0.90582
-0.90283
-0.90985
-0.89558
-0.89999
-0.89567
-0.89012
-0.89119
-0.88527
-0.88334
-0.88098
-0.87663
-0.87481
-0.87122
-0.8681
-0.86546
-0.86194
-0.8591
-0.85596
-0.85271
-0.84972
-0.84646
-0.84331
-0.84016
-0.8369
-0.83373
-0.83049
-0.82724
-0.824
-0.82072
-0.81745
-0.81415
-0.81084
-0.80753
-0.8042
-0.80086
-0.79751
-0.79414
-0.79077
-0.78739
-0.78399
-0.78059
-0.77717
-0.77374
-0.7703
-0.76686
-0.7634
-0.75994
-0.75646
-0.75297
-0.74948
-0.74598
-0.74247
-0.73895
-0.73542
-0.73188
-0.72833
-0.72478
-0.72121
-0.71764
-0.71407
-0.71048
-0.70689
-0.70328
-0.69967
-0.69606
-0.69243
-0.6888
-0.68516
-0.68152
-0.67787
-0.67421
-0.67054
-0.66687
-0.66319
-0.65951
-0.65582
-0.65212
-0.64841
-0.6447
-0.64099
-0.63727
-0.63354
-0.62981
-0.62607
-0.62232
-0.61857
-0.61481
-0.61105
-0.60729
-0.60351
-0.59974
-0.59595
-0.59217
-0.58837
-0.58458
-0.58077
-0.57697
-0.57316
-0.56934
-0.56552
-0.56169
-0.55786
-0.55403
-0.55019
-0.54634
-0.54249
-0.53864
-0.53479
-0.53093
-0.52706
-0.52319
-0.51932
-0.51544
-0.51156
-0.50768
-0.50379
-0.4999
-0.496
-0.4921
-0.4882
-0.48429
-0.48038
-0.47647
-0.47255
-0.46863
-0.46471
-0.46078
-0.45685
-0.45292
-0.44898
-0.44504
-0.4411
-0.43715
-0.4332
-0.42925
-0.42529
-0.42134
-0.41738
-0.41341
-0.40945
-0.40548
-0.4015
-0.39753
-0.39355
-0.38957
-0.38559
-0.38161
-0.37762
-0.37363
-0.36964
-0.36564
-0.36165
-0.35765
-0.35365
-0.34964
-0.34564
-0.34163
-0.33762
-0.33361
-0.32959
-0.32557
-0.32156
-0.31753
-0.31351
-0.30949
-0.30546
-0.30143
-0.2974
-0.29337
-0.28934
-0.2853
-0.28126
-0.27722
-0.27318
-0.26914
-0.2651
-0.26105
-0.257
-0.25296
-0.24891
-0.24485
-0.2408
-0.23675
-0.23269
-0.22863
-0.22457
-0.22051
-0.21645
-0.21239
-0.20833
-0.20426
-0.2002
-0.19613
-0.19206
-0.18799
-0.18392
-0.17985
-0.17577
-0.1717
-0.16763
-0.16355
-0.15947
-0.15539
-0.15132
-0.14724
-0.14316
-0.13908
-0.13499
-0.13091
-0.12683
-0.12274
-0.11866
-0.11457
-0.11049
-0.1064
-0.10231
-0.098224
-0.094136
-0.090047
-0.085957
-0.081867
-0.077777
-0.073686
-0.069594
-0.065503
-0.06141
-0.057318
-0.053225
-0.049132
-0.045039
-0.040945
-0.036851
-0.032757
-0.028663
-0.024569
-0.020474
-0.016379
-0.012285
-0.0081898
-0.0040949
