2.1625e-016
0.0081898
0.016379
0.024569
0.032757
0.040945
0.049132
0.057318
0.065503
0.073686
0.081867
0.090047
0.098225
0.1064
0.11457
0.12274
0.13091
0.13908
0.14724
0.1554
0.16355
0.1717
0.17985
0.18799
0.19613
0.20426
0.21239
0.22051
0.22863
0.23675
0.24485
0.25296
0.26105
0.26914
0.27723
0.2853
0.29337
0.30143
0.30949
0.31754
0.32557
0.33361
0.34163
0.34964
0.35765
0.36564
0.37363
0.38161
0.38957
0.39753
0.40548
0.41341
0.42134
0.42925
0.43715
0.44504
0.45292
0.46078
0.46863
0.47647
0.48429
0.4921
0.4999
0.50768
0.51544
0.52319
0.53093
0.53864
0.54634
0.55403
0.56169
0.56934
0.57697
0.58458
0.59217
0.59974
0.60729
0.61482
0.62232
0.62981
0.63728
0.64471
0.65212
0.65952
0.66686
0.67421
0.68154
0.68878
0.69608
0.7033
0.71043
0.71771
0.72476
0.73181
0.7391
0.74586
0.75296
0.76018
0.7665
0.77395
0.78083
0.78668
0.79496
0.80069
0.80653
0.81611
0.81909
0.82688
0.83703
0.83528
0.84938
0.8558
0.84926
0.87656
0.86772
0.86509
0.90978
0.8638
0.89535
0.93897
0.83584
0.9618
0.93821
0.80025
1.0765
0.85224
0.80074
1.2271
2.4054e-014
-1.2271
-0.80074
-0.85224
-1.0765
-0.80025
-0.93821
-0.9618
-0.83584
-0.93897
-0.89535
-0.8638
-0.90978
-0.86509
-0.86772
-0.87656
-0.84926
-0.8558
-0.84938
-0.83528
-0.83703
-0.82688
-0.81909
-0.81611
-0.80653
-0.80069
-0.79496
-0.78668
-0.78083
-0.77395
-0.7665
-0.76018
-0.75296
-0.74586
-0.7391
-0.73181
-0.72476
-0.71771
-0.71043
-0.7033
-0.69608
-0.68878
-0.68154
-0.67421
-0.66686
-0.65952
-0.65212
-0.64471
-0.63728
-0.62981
-0.62232
-0.61482
-0.60729
-0.59974
-0.59217
-0.58458
-0.57697
-0.56934
-0.56169
-0.55403
-0.54634
-0.53864
-0.53093
-0.52319
-0.51544
-0.50768
-0.4999
-0.4921
-0.48429
-0.47647
-0.46863
-0.46078
-0.45292
-0.44504
-0.43715
-0.42925
-0.42134
-0.41341
-0.40548
-0.39753
-0.38957
-0.38161
-0.37363
-0.36564
-0.35765
-0.34964
-0.34163
-0.33361
-0.32557
-0.31754
-0.30949
-0.30143
-0.29337
-0.2853
-0.27723
-0.26914
-0.26105
-0.25296
-0.24485
-0.23675
-0.22863
-0.22051
-0.21239
-0.20426
-0.19613
-0.18799
-0.17985
-0.1717
-0.16355
-0.1554
-0.14724
-0.13908
-0.13091
-0.12274
-0.11457
-0.1064
-0.098225
-0.090047
-0.081867
-0.073686
-0.065503
-0.057318
-0.049132
-0.040945
-0.032757
-0.024569
-0.016379
-0.0081898
