           X            C(x)           S(x)           g(x)           f(x)
 -6.0000000E+00 -4.9953148E-01 -4.4696075E-01  9.9953145E-01  9.4696075E-01
 -5.5000000E+00 -4.7842142E-01 -5.5368406E-01 -1.3071709E+00 -5.9905142E-01
 -5.0000000E+00 -5.6363118E-01 -4.9919137E-01  9.9919140E-01 -1.0636312E+00
 -4.5000000E+00 -5.2602589E-01 -4.3427297E-01  1.3054551E+00  4.7051251E-01
 -4.0000000E+00 -4.9842605E-01 -4.2051578E-01  9.9842602E-01  9.2051578E-01
 -3.5000000E+00 -5.3257245E-01 -4.1524801E-01  1.3042227E+00  4.5043051E-01
 -3.0000000E+00 -6.0572076E-01 -4.9631301E-01  9.9631298E-01 -1.1057208E+00
 -2.5000000E+00 -4.5741299E-01 -6.1918175E-01 -1.3128265E+00 -6.6760296E-01
 -2.0000000E+00 -4.8825341E-01 -3.4341568E-01  9.8825341E-01  8.4341568E-01
 -1.5000000E+00 -4.4526112E-01 -6.9750500E-01 -1.3315728E+00 -7.4461448E-01
 -1.0000000E+00 -7.7989340E-01 -4.3825918E-01  9.3825918E-01 -1.2798934E+00
 -5.0000000E-01 -4.9234423E-01 -6.4732432E-02  1.1329203E+00  1.4199099E-01
   .0000000E+00   .0000000E+00   .0000000E+00  5.0000000E-01  5.0000000E-01
  5.0000000E-01  4.9234423E-01  6.4732432E-02  1.7364271E-01  3.9920503E-01
  1.0000000E+00  7.7989340E-01  4.3825918E-01  6.1740816E-02  2.7989340E-01
  1.5000000E+00  4.4526112E-01  6.9750500E-01  2.5009766E-02  2.0341848E-01
  2.0000000E+00  4.8825341E-01  3.4341568E-01  1.1746596E-02  1.5658432E-01
  2.5000000E+00  4.5741299E-01  6.1918175E-01  6.2636342E-03  1.2640692E-01
  3.0000000E+00  6.0572076E-01  4.9631301E-01  3.6870006E-03  1.0572079E-01
  3.5000000E+00  5.3257245E-01  4.1524801E-01  2.3401754E-03  9.0765551E-02
  4.0000000E+00  4.9842602E-01  4.2051578E-01  1.5739668E-03  7.9484239E-02
  4.5000000E+00  5.2602589E-01  4.3427297E-01  1.1078332E-03  7.0683539E-02
  5.0000000E+00  5.6363118E-01  4.9919137E-01  8.0861803E-04  6.3631192E-02
  5.5000000E+00  4.7842142E-01  5.5368412E-01  6.0798827E-04  5.7855371E-02
  6.0000000E+00  4.9953148E-01  4.4696075E-01  4.6853212E-04  5.3039238E-02
