input_surf_sphere
4 1

4
0.0000000000000000000000000000000000000000000000000000000000000000000000000000000000000000000000000000000000000000000000000000000000000000000000000000000000000000000000000000000000000000000000000000000000000000000000000000000000000000000000000000000000000000000000000000000000000000000000000000000000000000000000e0 0.0000000000000000000000000000000000000000000000000000000000000000000000000000000000000000000000000000000000000000000000000000000000000000000000000000000000000000000000000000000000000000000000000000000000000000000000000000000000000000000000000000000000000000000000000000000000000000000000000000000000000000000000e0
0.1000000000000000000000000000000000000000000000000000000000000000000000000000000000000000000000000000000000000000000000000000000000000000000000000000000000000000000000000000000000000000000000000000000000000000000000000000000000000000000000000000000000000000000000000000000000000000000000000000000000000000000000e1 0.0000000000000000000000000000000000000000000000000000000000000000000000000000000000000000000000000000000000000000000000000000000000000000000000000000000000000000000000000000000000000000000000000000000000000000000000000000000000000000000000000000000000000000000000000000000000000000000000000000000000000000000000e0
0.0000000000000000000000000000000000000000000000000000000000000000000000000000000000000000000000000000000000000000000000000000000000000000000000000000000000000000000000000000000000000000000000000000000000000000000000000000000000000000000000000000000000000000000000000000000000000000000000000000000000000000000000e0 0.0000000000000000000000000000000000000000000000000000000000000000000000000000000000000000000000000000000000000000000000000000000000000000000000000000000000000000000000000000000000000000000000000000000000000000000000000000000000000000000000000000000000000000000000000000000000000000000000000000000000000000000000e0
0.0000000000000000000000000000000000000000000000000000000000000000000000000000000000000000000000000000000000000000000000000000000000000000000000000000000000000000000000000000000000000000000000000000000000000000000000000000000000000000000000000000000000000000000000000000000000000000000000000000000000000000000000e0 0.0000000000000000000000000000000000000000000000000000000000000000000000000000000000000000000000000000000000000000000000000000000000000000000000000000000000000000000000000000000000000000000000000000000000000000000000000000000000000000000000000000000000000000000000000000000000000000000000000000000000000000000000e0


1

4
-0.3782150067038307195619195395882736817839334378985788037226802815551901349989445714987567336542901391145855047962231547217637198963451668235335345371038013563651948627184366747005267118089645023895438918743844894881144202127086110308230019414963744722177481454391271395332257479661903507049140196625528439607351e0 0.3014885160066905671300531869611244599737536865029800991273861554176157287902423382679484745610415745760752859807180755957698657619938184564640970803359852846080417061773234583847483676391534859619057646198882286599683155517556599388762062212218568784548974032054154071481866696015677730852440646683669696597128e0
0.2813538650316276851595142018479667478229213170583887793632701976409788020023646357738244166403368251469594439759407616032712136666118763535409318235002081805759882600785191445642421332378678454283619444699496503819000090641038763151553925793215688935510335370201077518951040709370773807758601453022152519839997e0 -0.3077162386016825841762363461471193657910960896531976012895341981770997351797641454011396753171933070276746663034474190501953168716249905717454990035380717663124457779476053795968297696895241798469089923483749010403208607950956864866750459177618041879979706355193498516202433148786942830315272266139786414281098e0
0.3559910909019546764207693952738408986042430511587600200580529061837651654255022691748368452955164325677444405464374473367711377951934767971318268273072910898633493862100427460502579378760992246653702923592935641445926449121602641431386523120593657427513663755215703349310559871059218087457230690098771473021438e0 0.5152398414940943622363464077703181494533628239836285401358355436006699570751608669201903768830298226693117621499174319481346501366846062649679767352404333785016104070948613417436489666653309937631943672689974326385320889696036040045509164610146175850967750399528777744185644622376503700586546145035174545773725e0
0.3562942137847097708568803874499374914269172872941966073775309252096576468407634087717516971402593201795133731449328254798300315094536470762447984188978505585003552227689116669435216436439126593208450105082049972072904040001367771998756146237929958520855523879481983439620096962680459393794544966840836657877332e0 0.2702988803376995946047189339148016039009232332626421417078687062103223396184217154156415267192429975282078144857110456724836487243152408379553560563226438755494891633098542573491754681522356279161852614730754801941201456177598772841608955580777083946161398721112695826506620561879656858430843652850526590099503e0



0.5500000000000000444089209850062616169452667236328125000000000000000000000000000000000000000000000000000000000000000000000000000000000000000000000000000000000000000000000000000000000000000000000000000000000000000000000000000000000000000000000000000000000000000000000000000000000000000000000000000000000000000000e1 0.0000000000000000000000000000000000000000000000000000000000000000000000000000000000000000000000000000000000000000000000000000000000000000000000000000000000000000000000000000000000000000000000000000000000000000000000000000000000000000000000000000000000000000000000000000000000000000000000000000000000000000000000e0
3
0.0000000000000000000000000000000000000000000000000000000000000000000000000000000000000000000000000000000000000000000000000000000000000000000000000000000000000000000000000000000000000000000000000000000000000000000000000000000000000000000000000000000000000000000000000000000000000000000000000000000000000000000000e0 0.0000000000000000000000000000000000000000000000000000000000000000000000000000000000000000000000000000000000000000000000000000000000000000000000000000000000000000000000000000000000000000000000000000000000000000000000000000000000000000000000000000000000000000000000000000000000000000000000000000000000000000000000e0
0.0000000000000000000000000000000000000000000000000000000000000000000000000000000000000000000000000000000000000000000000000000000000000000000000000000000000000000000000000000000000000000000000000000000000000000000000000000000000000000000000000000000000000000000000000000000000000000000000000000000000000000000000e0 0.0000000000000000000000000000000000000000000000000000000000000000000000000000000000000000000000000000000000000000000000000000000000000000000000000000000000000000000000000000000000000000000000000000000000000000000000000000000000000000000000000000000000000000000000000000000000000000000000000000000000000000000000e0
0.0000000000000000000000000000000000000000000000000000000000000000000000000000000000000000000000000000000000000000000000000000000000000000000000000000000000000000000000000000000000000000000000000000000000000000000000000000000000000000000000000000000000000000000000000000000000000000000000000000000000000000000000e0 0.0000000000000000000000000000000000000000000000000000000000000000000000000000000000000000000000000000000000000000000000000000000000000000000000000000000000000000000000000000000000000000000000000000000000000000000000000000000000000000000000000000000000000000000000000000000000000000000000000000000000000000000000e0


4
-0.250000000000000000000e1 0.000000000000000000000e0
-0.150000000000000000000e1 0.000000000000000000000e0
0.149999999999999999989e1 0.000000000000000000000e0
0.250000000000000000000e1 0.000000000000000000000e0
