 # Function values at  1326  Padua points
 0.10000000E+01 0.10000000E+01 0.35869592E-01
 0.99901336E+00 0.99905166E+00 0.36031208E-01
 0.99605735E+00 0.99621025E+00 0.36519210E-01
 0.99114363E+00 0.99148655E+00 0.37343139E-01
 0.98429158E+00 0.98489847E+00 0.38519170E-01
 0.97552826E+00 0.97647100E+00 0.40070567E-01
 0.96488824E+00 0.96623611E+00 0.42028456E-01
 0.95241353E+00 0.95423264E+00 0.44433089E-01
 0.93815334E+00 0.94050610E+00 0.47335922E-01
 0.92216396E+00 0.92510857E+00 0.50803056E-01
 0.90450850E+00 0.90809846E+00 0.54920808E-01
 0.88525662E+00 0.88954029E+00 0.59804443E-01
 0.86448431E+00 0.86950446E+00 0.65610862E-01
 0.84227355E+00 0.84806697E+00 0.72554805E-01
 0.81871199E+00 0.82530915E+00 0.80924604E-01
 0.79389263E+00 0.80131732E+00 0.91086290E-01
 0.76791340E+00 0.77618249E+00 0.10345399E+00
 0.74087684E+00 0.75000000E+00 0.11839778E+00
 0.71288965E+00 0.72286918E+00 0.13608449E+00
 0.68406228E+00 0.69489294E+00 0.15633472E+00
 0.65450850E+00 0.66617740E+00 0.17865963E+00
 0.62434494E+00 0.63683150E+00 0.20249241E+00
 0.59369066E+00 0.60696654E+00 0.22734637E+00
 0.56266662E+00 0.57669583E+00 0.25291827E+00
 0.53139526E+00 0.54613418E+00 0.27978679E+00
 0.50000000E+00 0.51539753E+00 0.31073449E+00
 0.46860474E+00 0.48460247E+00 0.35137984E+00
 0.43733338E+00 0.45386582E+00 0.40906909E+00
 0.40630934E+00 0.42330417E+00 0.49029283E+00
 0.37565506E+00 0.39303346E+00 0.59752612E+00
 0.34549150E+00 0.36316850E+00 0.72664054E+00
 0.31593772E+00 0.33382260E+00 0.86623852E+00
 0.28711035E+00 0.30510706E+00 0.99977644E+00
 0.25912316E+00 0.27713082E+00 0.11100140E+01
 0.23208660E+00 0.25000000E+00 0.11839856E+01
 0.20610737E+00 0.22381751E+00 0.12163458E+01
 0.18128801E+00 0.19868268E+00 0.12098594E+01
 0.15772645E+00 0.17469085E+00 0.11733016E+01
 0.13551569E+00 0.15193303E+00 0.11181051E+01
 0.11474338E+00 0.13049554E+00 0.10552436E+01
 0.95491503E-01 0.11045971E+00 0.99325774E+00
 0.77836037E-01 0.91901544E-01 0.93758580E+00
 0.61846660E-01 0.74891432E-01 0.89084808E+00
 0.47586474E-01 0.59493903E-01 0.85359427E+00
 0.35111757E-01 0.45767364E-01 0.82511690E+00
 0.24471742E-01 0.33763885E-01 0.80411516E+00
 0.15708419E-01 0.23529000E-01 0.78914448E+00
 0.88563746E-02 0.15101532E-01 0.77887479E+00
 0.39426493E-02 0.85134502E-02 0.77221248E+00
 0.98663579E-03 0.37897452E-02 0.76834092E+00
 0.00000000E+00 0.94833563E-03 0.76672149E+00
 0.98663579E-03 0.00000000E+00 0.76708188E+00
 0.39426493E-02 0.94833563E-03 0.76940728E+00
 0.88563746E-02 0.37897452E-02 0.77394063E+00
 0.15708419E-01 0.85134502E-02 0.78119211E+00
 0.24471742E-01 0.15101532E-01 0.79195076E+00
 0.35111757E-01 0.23529000E-01 0.80728289E+00
 0.47586474E-01 0.33763885E-01 0.82848977E+00
 0.61846660E-01 0.45767364E-01 0.85698279E+00
 0.77836037E-01 0.59493903E-01 0.89402146E+00
 0.95491503E-01 0.74891432E-01 0.94026090E+00
 0.11474338E+00 0.91901544E-01 0.99508880E+00
 0.13551569E+00 0.11045971E+00 0.10558212E+01
 0.15772645E+00 0.13049554E+00 0.11169778E+01
 0.18128801E+00 0.15193303E+00 0.11700339E+01
 0.20610737E+00 0.17469085E+00 0.12041359E+01
 0.23208660E+00 0.19868268E+00 0.12081095E+01
 0.25912316E+00 0.22381751E+00 0.11735797E+01
 0.28711035E+00 0.25000000E+00 0.10982771E+01
 0.31593772E+00 0.27713082E+00 0.98804952E+00
 0.34549150E+00 0.30510706E+00 0.85626933E+00
 0.37565506E+00 0.33382260E+00 0.72040194E+00
 0.40630934E+00 0.36316850E+00 0.59696716E+00
 0.43733338E+00 0.39303346E+00 0.49702533E+00
 0.46860474E+00 0.42330417E+00 0.42400203E+00
 0.50000000E+00 0.45386582E+00 0.37438728E+00
 0.53139526E+00 0.48460247E+00 0.34051062E+00
 0.56266662E+00 0.51539753E+00 0.31395414E+00
 0.59369066E+00 0.54613418E+00 0.28829484E+00
 0.62434494E+00 0.57669583E+00 0.26039579E+00
 0.65450850E+00 0.60696654E+00 0.23014911E+00
 0.68406228E+00 0.63683150E+00 0.19925552E+00
 0.71288965E+00 0.66617740E+00 0.16988855E+00
 0.74087684E+00 0.69489294E+00 0.14377404E+00
 0.76791340E+00 0.72286918E+00 0.12179211E+00
 0.79389263E+00 0.75000000E+00 0.10400590E+00
 0.81871199E+00 0.77618249E+00 0.89936196E-01
 0.84227355E+00 0.80131732E+00 0.78880188E-01
 0.86448431E+00 0.82530915E+00 0.70142479E-01
 0.88525662E+00 0.84806697E+00 0.63147950E-01
 0.90450850E+00 0.86950446E+00 0.57467196E-01
 0.92216396E+00 0.88954029E+00 0.52797604E-01
 0.93815334E+00 0.90809846E+00 0.48931181E-01
 0.95241353E+00 0.92510857E+00 0.45724866E-01
 0.96488824E+00 0.94050610E+00 0.43078395E-01
 0.97552826E+00 0.95423264E+00 0.40919597E-01
 0.98429158E+00 0.96623611E+00 0.39195275E-01
 0.99114363E+00 0.97647100E+00 0.37865770E-01
 0.99605735E+00 0.98489847E+00 0.36901778E-01
 0.99901336E+00 0.99148655E+00 0.36282489E-01
 0.10000000E+01 0.99621025E+00 0.35994505E-01
 0.99605735E+00 0.10000000E+01 0.36392426E-01
 0.99114363E+00 0.99905166E+00 0.37084296E-01
 0.98429158E+00 0.99621025E+00 0.38119283E-01
 0.97552826E+00 0.99148655E+00 0.39516348E-01
 0.96488824E+00 0.98489847E+00 0.41301269E-01
 0.95241353E+00 0.97647100E+00 0.43507166E-01
 0.93815334E+00 0.96623611E+00 0.46175312E-01
 0.92216396E+00 0.95423264E+00 0.49356413E-01
 0.90450850E+00 0.94050610E+00 0.53112603E-01
 0.88525662E+00 0.92510857E+00 0.57520553E-01
 0.86448431E+00 0.90809846E+00 0.62676081E-01
 0.84227355E+00 0.88954029E+00 0.68700451E-01
 0.81871199E+00 0.86950446E+00 0.75747434E-01
 0.79389263E+00 0.84806697E+00 0.84007140E-01
 0.76791340E+00 0.82530915E+00 0.93694694E-01
 0.74087684E+00 0.80131732E+00 0.10499601E+00
 0.71288965E+00 0.77618249E+00 0.11793225E+00
 0.68406228E+00 0.75000000E+00 0.13217420E+00
 0.65450850E+00 0.72286918E+00 0.14708952E+00
 0.62434494E+00 0.69489294E+00 0.16245883E+00
 0.59369066E+00 0.66617740E+00 0.17946903E+00
 0.56266662E+00 0.63683150E+00 0.20027988E+00
 0.53139526E+00 0.60696654E+00 0.22592903E+00
 0.50000000E+00 0.57669583E+00 0.25586935E+00
 0.46860474E+00 0.54613418E+00 0.29076114E+00
 0.43733338E+00 0.51539753E+00 0.33479785E+00
 0.40630934E+00 0.48460247E+00 0.39458731E+00
 0.37565506E+00 0.45386582E+00 0.47602958E+00
 0.34549150E+00 0.42330417E+00 0.58124331E+00
 0.31593772E+00 0.39303346E+00 0.70635021E+00
 0.28711035E+00 0.36316850E+00 0.84090763E+00
 0.25912316E+00 0.33382260E+00 0.96974768E+00
 0.23208660E+00 0.30510706E+00 0.10769349E+01
 0.20610737E+00 0.27713082E+00 0.11502907E+01
 0.18128801E+00 0.25000000E+00 0.11845357E+01
 0.15772645E+00 0.22381751E+00 0.11818772E+01
 0.13551569E+00 0.19868268E+00 0.11502052E+01
 0.11474338E+00 0.17469085E+00 0.11000687E+01
 0.95491503E-01 0.15193303E+00 0.10417855E+01
 0.77836037E-01 0.13049554E+00 0.98354901E+00
 0.61846660E-01 0.11045971E+00 0.93072104E+00
 0.47586474E-01 0.91901544E-01 0.88602485E+00
 0.35111757E-01 0.74891432E-01 0.85019664E+00
 0.24471742E-01 0.59493903E-01 0.82272812E+00
 0.15708419E-01 0.45767364E-01 0.80249003E+00
 0.88563746E-02 0.33763885E-01 0.78816605E+00
 0.39426493E-02 0.23529000E-01 0.77851054E+00
 0.98663579E-03 0.15101532E-01 0.77247706E+00
 0.00000000E+00 0.85134502E-02 0.76926755E+00
 0.88563746E-02 0.00000000E+00 0.77242217E+00
 0.15708419E-01 0.94833563E-03 0.77758757E+00
 0.24471742E-01 0.37897452E-02 0.78535893E+00
 0.35111757E-01 0.85134502E-02 0.79645121E+00
 0.47586474E-01 0.15101532E-01 0.81182827E+00
 0.61846660E-01 0.23529000E-01 0.83264874E+00
 0.77836037E-01 0.33763885E-01 0.86012948E+00
 0.95491503E-01 0.45767364E-01 0.89527807E+00
 0.11474338E+00 0.59493903E-01 0.93845216E+00
 0.13551569E+00 0.74891432E-01 0.98874072E+00
 0.15772645E+00 0.91901544E-01 0.10432508E+01
 0.18128801E+00 0.11045971E+00 0.10965220E+01
 0.20610737E+00 0.13049554E+00 0.11404379E+01
 0.23208660E+00 0.15193303E+00 0.11650557E+01
 0.25912316E+00 0.17469085E+00 0.11605906E+01
 0.28711035E+00 0.19868268E+00 0.11203058E+01
 0.31593772E+00 0.22381751E+00 0.10434046E+01
 0.34549150E+00 0.25000000E+00 0.93659409E+00
 0.37565506E+00 0.27713082E+00 0.81322598E+00
 0.40630934E+00 0.30510706E+00 0.68991494E+00
 0.43733338E+00 0.33382260E+00 0.58180747E+00
 0.46860474E+00 0.36316850E+00 0.49840504E+00
 0.50000000E+00 0.39303346E+00 0.44155978E+00
 0.53139526E+00 0.42330417E+00 0.40619221E+00
 0.56266662E+00 0.45386582E+00 0.38312610E+00
 0.59369066E+00 0.48460247E+00 0.36274621E+00
 0.62434494E+00 0.51539753E+00 0.33809348E+00
 0.65450850E+00 0.54613418E+00 0.30640854E+00
 0.68406228E+00 0.57669583E+00 0.26885688E+00
 0.71288965E+00 0.60696654E+00 0.22895035E+00
 0.74087684E+00 0.63683150E+00 0.19062734E+00
 0.76791340E+00 0.66617740E+00 0.15684053E+00
 0.79389263E+00 0.69489294E+00 0.12900636E+00
 0.81871199E+00 0.72286918E+00 0.10717797E+00
 0.84227355E+00 0.75000000E+00 0.90566695E-01
 0.86448431E+00 0.77618249E+00 0.78069169E-01
 0.88525662E+00 0.80131732E+00 0.68623164E-01
 0.90450850E+00 0.82530915E+00 0.61371414E-01
 0.92216396E+00 0.84806697E+00 0.55691195E-01
 0.93815334E+00 0.86950446E+00 0.51158339E-01
 0.95241353E+00 0.88954029E+00 0.47493523E-01
 0.96488824E+00 0.90809846E+00 0.44514329E-01
 0.97552826E+00 0.92510857E+00 0.42100193E-01
 0.98429158E+00 0.94050610E+00 0.40169479E-01
 0.99114363E+00 0.95423264E+00 0.38665478E-01
 0.99605735E+00 0.96623611E+00 0.37548209E-01
 0.99901336E+00 0.97647100E+00 0.36789716E-01
 0.10000000E+01 0.98489847E+00 0.36371397E-01
 0.98429158E+00 0.10000000E+01 0.37986791E-01
 0.97552826E+00 0.99905166E+00 0.39242001E-01
 0.96488824E+00 0.99621025E+00 0.40871575E-01
 0.95241353E+00 0.99148655E+00 0.42903704E-01
 0.93815334E+00 0.98489847E+00 0.45373432E-01
 0.92216396E+00 0.97647100E+00 0.48323121E-01
 0.90450850E+00 0.96623611E+00 0.51803114E-01
 0.88525662E+00 0.95423264E+00 0.55872718E-01
 0.86448431E+00 0.94050610E+00 0.60601621E-01
 0.84227355E+00 0.92510857E+00 0.66071821E-01
 0.81871199E+00 0.90809846E+00 0.72379809E-01
 0.79389263E+00 0.88954029E+00 0.79637444E-01
 0.76791340E+00 0.86950446E+00 0.87964972E-01
 0.74087684E+00 0.84806697E+00 0.97453070E-01
 0.71288965E+00 0.82530915E+00 0.10803137E+00
 0.68406228E+00 0.80131732E+00 0.11915392E+00
 0.65450850E+00 0.77618249E+00 0.12941990E+00
 0.62434494E+00 0.75000000E+00 0.13697875E+00
 0.59369066E+00 0.72286918E+00 0.14191741E+00
 0.56266662E+00 0.69489294E+00 0.14913744E+00
 0.53139526E+00 0.66617740E+00 0.16629899E+00
 0.50000000E+00 0.63683150E+00 0.19625769E+00
 0.46860474E+00 0.60696654E+00 0.23432527E+00
 0.43733338E+00 0.57669583E+00 0.27558393E+00
 0.40630934E+00 0.54613418E+00 0.32169970E+00
 0.37565506E+00 0.51539753E+00 0.37928876E+00
 0.34549150E+00 0.48460247E+00 0.45467654E+00
 0.31593772E+00 0.45386582E+00 0.55040722E+00
 0.28711035E+00 0.42330417E+00 0.66365527E+00
 0.25912316E+00 0.39303346E+00 0.78595005E+00
 0.23208660E+00 0.36316850E+00 0.90461781E+00
 0.20610737E+00 0.33382260E+00 0.10059349E+01
 0.18128801E+00 0.30510706E+00 0.10788989E+01
 0.15772645E+00 0.27713082E+00 0.11180477E+01
 0.13551569E+00 0.25000000E+00 0.11242625E+01
 0.11474338E+00 0.22381751E+00 0.11035413E+01
 0.95491503E-01 0.19868268E+00 0.10646010E+01
 0.77836037E-01 0.17469085E+00 0.10164124E+01
 0.61846660E-01 0.15193303E+00 0.96645008E+00
 0.47586474E-01 0.13049554E+00 0.91990635E+00
 0.35111757E-01 0.11045971E+00 0.87969904E+00
 0.24471742E-01 0.91901544E-01 0.84693317E+00
 0.15708419E-01 0.74891432E-01 0.82150230E+00
 0.88563746E-02 0.59493903E-01 0.80263114E+00
 0.39426493E-02 0.45767364E-01 0.78927697E+00
 0.98663579E-03 0.33763885E-01 0.78038506E+00
 0.00000000E+00 0.23529000E-01 0.77502928E+00
 0.24471742E-01 0.00000000E+00 0.78330157E+00
 0.35111757E-01 0.94833563E-03 0.79145530E+00
 0.47586474E-01 0.37897452E-02 0.80264146E+00
 0.61846660E-01 0.85134502E-02 0.81764663E+00
 0.77836037E-01 0.15101532E-01 0.83737899E+00
 0.95491503E-01 0.23529000E-01 0.86271677E+00
 0.11474338E+00 0.33763885E-01 0.89424098E+00
 0.13551569E+00 0.45767364E-01 0.93182888E+00
 0.15772645E+00 0.59493903E-01 0.97412633E+00
 0.18128801E+00 0.74891432E-01 0.10179988E+01
 0.20610737E+00 0.91901544E-01 0.10581738E+01
 0.23208660E+00 0.11045971E+00 0.10873847E+01
 0.25912316E+00 0.13049554E+00 0.10973239E+01
 0.28711035E+00 0.15193303E+00 0.10805025E+01
 0.31593772E+00 0.17469085E+00 0.10326933E+01
 0.34549150E+00 0.19868268E+00 0.95513609E+00
 0.37565506E+00 0.22381751E+00 0.85544045E+00
 0.40630934E+00 0.25000000E+00 0.74642230E+00
 0.43733338E+00 0.27713082E+00 0.64294264E+00
 0.46860474E+00 0.30510706E+00 0.55777277E+00
 0.50000000E+00 0.33382260E+00 0.49801473E+00
 0.53139526E+00 0.36316850E+00 0.46338840E+00
 0.56266662E+00 0.39303346E+00 0.44694321E+00
 0.59369066E+00 0.42330417E+00 0.43786565E+00
 0.62434494E+00 0.45386582E+00 0.42533127E+00
 0.65450850E+00 0.48460247E+00 0.40197405E+00
 0.68406228E+00 0.51539753E+00 0.36570000E+00
 0.71288965E+00 0.54613418E+00 0.31931938E+00
 0.74087684E+00 0.57669583E+00 0.26849583E+00
 0.76791340E+00 0.60696654E+00 0.21920400E+00
 0.79389263E+00 0.63683150E+00 0.17584328E+00
 0.81871199E+00 0.66617740E+00 0.14052781E+00
 0.84227355E+00 0.69489294E+00 0.11337892E+00
 0.86448431E+00 0.72286918E+00 0.93295235E-01
 0.88525662E+00 0.75000000E+00 0.78718073E-01
 0.90450850E+00 0.77618249E+00 0.68146017E-01
 0.92216396E+00 0.80131732E+00 0.60372104E-01
 0.93815334E+00 0.82530915E+00 0.54527199E-01
 0.95241353E+00 0.84806697E+00 0.50028182E-01
 0.96488824E+00 0.86950446E+00 0.46500025E-01
 0.97552826E+00 0.88954029E+00 0.43705951E-01
 0.98429158E+00 0.90809846E+00 0.41496253E-01
 0.99114363E+00 0.92510857E+00 0.39774769E-01
 0.99605735E+00 0.94050610E+00 0.38478440E-01
 0.99901336E+00 0.95423264E+00 0.37565381E-01
 0.10000000E+01 0.96623611E+00 0.37008106E-01
 0.96488824E+00 0.10000000E+01 0.40729261E-01
 0.95241353E+00 0.99905166E+00 0.42605190E-01
 0.93815334E+00 0.99621025E+00 0.44900141E-01
 0.92216396E+00 0.99148655E+00 0.47650814E-01
 0.90450850E+00 0.98489847E+00 0.50900414E-01
 0.88525662E+00 0.97647100E+00 0.54698856E-01
 0.86448431E+00 0.96623611E+00 0.59103012E-01
 0.84227355E+00 0.95423264E+00 0.64177005E-01
 0.81871199E+00 0.94050610E+00 0.69992418E-01
 0.79389263E+00 0.92510857E+00 0.76627764E-01
 0.76791340E+00 0.90809846E+00 0.84163983E-01
 0.74087684E+00 0.88954029E+00 0.92661686E-01
 0.71288965E+00 0.86950446E+00 0.10206736E+00
 0.68406228E+00 0.84806697E+00 0.11190800E+00
 0.65450850E+00 0.82530915E+00 0.12059978E+00
 0.62434494E+00 0.80131732E+00 0.12474114E+00
 0.59369066E+00 0.77618249E+00 0.12038938E+00
 0.56266662E+00 0.75000000E+00 0.10865547E+00
 0.53139526E+00 0.72286918E+00 0.10147308E+00
 0.50000000E+00 0.69489294E+00 0.11568800E+00
 0.46860474E+00 0.66617740E+00 0.15593320E+00
 0.43733338E+00 0.63683150E+00 0.20928928E+00
 0.40630934E+00 0.60696654E+00 0.26128507E+00
 0.37565506E+00 0.57669583E+00 0.31007768E+00
 0.34549150E+00 0.54613418E+00 0.36334309E+00
 0.31593772E+00 0.51539753E+00 0.42902213E+00
 0.28711035E+00 0.48460247E+00 0.51079162E+00
 0.25912316E+00 0.45386582E+00 0.60734857E+00
 0.23208660E+00 0.42330417E+00 0.71270226E+00
 0.20610737E+00 0.39303346E+00 0.81727465E+00
 0.18128801E+00 0.36316850E+00 0.91013911E+00
 0.15772645E+00 0.33382260E+00 0.98186830E+00
 0.13551569E+00 0.30510706E+00 0.10269004E+01
 0.11474338E+00 0.27713082E+00 0.10445368E+01
 0.95491503E-01 0.25000000E+00 0.10383842E+01
 0.77836037E-01 0.22381751E+00 0.10147371E+01
 0.61846660E-01 0.19868268E+00 0.98068651E+00
 0.47586474E-01 0.17469085E+00 0.94260799E+00
 0.35111757E-01 0.15193303E+00 0.90532177E+00
 0.24471742E-01 0.13049554E+00 0.87189075E+00
 0.15708419E-01 0.11045971E+00 0.84384274E+00
 0.88563746E-02 0.91901544E-01 0.82158005E+00
 0.39426493E-02 0.74891432E-01 0.80480254E+00
 0.98663579E-03 0.59493903E-01 0.79285303E+00
 0.00000000E+00 0.45767364E-01 0.78495950E+00
 0.47586474E-01 0.00000000E+00 0.79974043E+00
 0.61846660E-01 0.94833563E-03 0.81063514E+00
 0.77836037E-01 0.37897452E-02 0.82467788E+00
 0.95491503E-01 0.85134502E-02 0.84243438E+00
 0.11474338E+00 0.15101532E-01 0.86433729E+00
 0.13551569E+00 0.23529000E-01 0.89043579E+00
 0.15772645E+00 0.33763885E-01 0.92005409E+00
 0.18128801E+00 0.45767364E-01 0.95139981E+00
 0.20610737E+00 0.59493903E-01 0.98123002E+00
 0.23208660E+00 0.74891432E-01 0.10047582E+01
 0.25912316E+00 0.91901544E-01 0.10160265E+01
 0.28711035E+00 0.11045971E+00 0.10089105E+01
 0.31593772E+00 0.13049554E+00 0.97872093E+00
 0.34549150E+00 0.15193303E+00 0.92403919E+00
 0.37565506E+00 0.17469085E+00 0.84812111E+00
 0.40630934E+00 0.19868268E+00 0.75913242E+00
 0.43733338E+00 0.22381751E+00 0.66879053E+00
 0.46860474E+00 0.25000000E+00 0.58959537E+00
 0.50000000E+00 0.27713082E+00 0.53144304E+00
 0.53139526E+00 0.30510706E+00 0.49872372E+00
 0.56266662E+00 0.33382260E+00 0.48890914E+00
 0.59369066E+00 0.36316850E+00 0.49322284E+00
 0.62434494E+00 0.39303346E+00 0.49935828E+00
 0.65450850E+00 0.42330417E+00 0.49544643E+00
 0.68406228E+00 0.45386582E+00 0.47382757E+00
 0.71288965E+00 0.48460247E+00 0.43310358E+00
 0.74087684E+00 0.51539753E+00 0.37770075E+00
 0.76791340E+00 0.54613418E+00 0.31540860E+00
 0.79389263E+00 0.57669583E+00 0.25427461E+00
 0.81871199E+00 0.60696654E+00 0.20025952E+00
 0.84227355E+00 0.63683150E+00 0.15633092E+00
 0.86448431E+00 0.66617740E+00 0.12281855E+00
 0.88525662E+00 0.69489294E+00 0.98395240E-01
 0.90450850E+00 0.72286918E+00 0.81074802E-01
 0.92216396E+00 0.75000000E+00 0.68901343E-01
 0.93815334E+00 0.77618249E+00 0.60281662E-01
 0.95241353E+00 0.80131732E+00 0.54059635E-01
 0.96488824E+00 0.82530915E+00 0.49458129E-01
 0.97552826E+00 0.84806697E+00 0.45980046E-01
 0.98429158E+00 0.86950446E+00 0.43316188E-01
 0.99114363E+00 0.88954029E+00 0.41276081E-01
 0.99605735E+00 0.90809846E+00 0.39741891E-01
 0.99901336E+00 0.92510857E+00 0.38639941E-01
 0.10000000E+01 0.94050610E+00 0.37923935E-01
 0.93815334E+00 0.10000000E+01 0.44743459E-01
 0.92216396E+00 0.99905166E+00 0.47318494E-01
 0.90450850E+00 0.99621025E+00 0.50368179E-01
 0.88525662E+00 0.99148655E+00 0.53936066E-01
 0.86448431E+00 0.98489847E+00 0.58071198E-01
 0.84227355E+00 0.97647100E+00 0.62827834E-01
 0.81871199E+00 0.96623611E+00 0.68264980E-01
 0.79389263E+00 0.95423264E+00 0.74445432E-01
 0.76791340E+00 0.94050610E+00 0.81432874E-01
 0.74087684E+00 0.92510857E+00 0.89279939E-01
 0.71288965E+00 0.90809846E+00 0.97976793E-01
 0.68406228E+00 0.88954029E+00 0.10725538E+00
 0.65450850E+00 0.86950446E+00 0.11600342E+00
 0.62434494E+00 0.84806697E+00 0.12108832E+00
 0.59369066E+00 0.82530915E+00 0.11653116E+00
 0.56266662E+00 0.80131732E+00 0.96540160E-01
 0.53139526E+00 0.77618249E+00 0.65147890E-01
 0.50000000E+00 0.75000000E+00 0.43719425E-01
 0.46860474E+00 0.72286918E+00 0.58432228E-01
 0.43733338E+00 0.69489294E+00 0.11323765E+00
 0.40630934E+00 0.66617740E+00 0.18475181E+00
 0.37565506E+00 0.63683150E+00 0.24857754E+00
 0.34549150E+00 0.60696654E+00 0.29992518E+00
 0.31593772E+00 0.57669583E+00 0.34805498E+00
 0.28711035E+00 0.54613418E+00 0.40285165E+00
 0.25912316E+00 0.51539753E+00 0.46927796E+00
 0.23208660E+00 0.48460247E+00 0.54755722E+00
 0.20610737E+00 0.45386582E+00 0.63412913E+00
 0.18128801E+00 0.42330417E+00 0.72253522E+00
 0.15772645E+00 0.39303346E+00 0.80482646E+00
 0.13551569E+00 0.36316850E+00 0.87347867E+00
 0.11474338E+00 0.33382260E+00 0.92320228E+00
 0.95491503E-01 0.30510706E+00 0.95199297E+00
 0.77836037E-01 0.27713082E+00 0.96114019E+00
 0.61846660E-01 0.25000000E+00 0.95437435E+00
 0.47586474E-01 0.22381751E+00 0.93661663E+00
 0.35111757E-01 0.19868268E+00 0.91280575E+00
 0.24471742E-01 0.17469085E+00 0.88709480E+00
 0.15708419E-01 0.15193303E+00 0.86248875E+00
 0.88563746E-02 0.13049554E+00 0.84083593E+00
 0.39426493E-02 0.11045971E+00 0.82302736E+00
 0.98663579E-03 0.91901544E-01 0.80927114E+00
 0.00000000E+00 0.74891432E-01 0.79935458E+00
 0.77836037E-01 0.00000000E+00 0.82063413E+00
 0.95491503E-01 0.94833563E-03 0.83287029E+00
 0.11474338E+00 0.37897452E-02 0.84750593E+00
 0.13551569E+00 0.85134502E-02 0.86448153E+00
 0.15772645E+00 0.15101532E-01 0.88330855E+00
 0.18128801E+00 0.23529000E-01 0.90282638E+00
 0.20610737E+00 0.33763885E-01 0.92097794E+00
 0.23208660E+00 0.45767364E-01 0.93470262E+00
 0.25912316E+00 0.59493903E-01 0.94007861E+00
 0.28711035E+00 0.74891432E-01 0.93283883E+00
 0.31593772E+00 0.91901544E-01 0.90930027E+00
 0.34549150E+00 0.11045971E+00 0.86757974E+00
 0.37565506E+00 0.13049554E+00 0.80876598E+00
 0.40630934E+00 0.15193303E+00 0.73758471E+00
 0.43733338E+00 0.17469085E+00 0.66213617E+00
 0.46860474E+00 0.19868268E+00 0.59253657E+00
 0.50000000E+00 0.22381751E+00 0.53866036E+00
 0.53139526E+00 0.25000000E+00 0.50750995E+00
 0.56266662E+00 0.27713082E+00 0.50093529E+00
 0.59369066E+00 0.30510706E+00 0.51447635E+00
 0.62434494E+00 0.33382260E+00 0.53796985E+00
 0.65450850E+00 0.36316850E+00 0.55812040E+00
 0.68406228E+00 0.39303346E+00 0.56244273E+00
 0.71288965E+00 0.42330417E+00 0.54315768E+00
 0.74087684E+00 0.45386582E+00 0.49938860E+00
 0.76791340E+00 0.48460247E+00 0.43672843E+00
 0.79389263E+00 0.51539753E+00 0.36457518E+00
 0.81871199E+00 0.54613418E+00 0.29267714E+00
 0.84227355E+00 0.57669583E+00 0.22843404E+00
 0.86448431E+00 0.60696654E+00 0.17576415E+00
 0.88525662E+00 0.63683150E+00 0.13541428E+00
 0.90450850E+00 0.66617740E+00 0.10604325E+00
 0.92216396E+00 0.69489294E+00 0.85389535E-01
 0.93815334E+00 0.72286918E+00 0.71121882E-01
 0.95241353E+00 0.75000000E+00 0.61282998E-01
 0.96488824E+00 0.77618249E+00 0.54419321E-01
 0.97552826E+00 0.80131732E+00 0.49536556E-01
 0.98429158E+00 0.82530915E+00 0.45991593E-01
 0.99114363E+00 0.84806697E+00 0.43383171E-01
 0.99605735E+00 0.86950446E+00 0.41465815E-01
 0.99901336E+00 0.88954029E+00 0.40090455E-01
 0.10000000E+01 0.90809846E+00 0.39166669E-01
 0.90450850E+00 0.10000000E+01 0.50192057E-01
 0.88525662E+00 0.99905166E+00 0.53559236E-01
 0.86448431E+00 0.99621025E+00 0.57463184E-01
 0.84227355E+00 0.99148655E+00 0.61951323E-01
 0.81871199E+00 0.98489847E+00 0.67074664E-01
 0.79389263E+00 0.97647100E+00 0.72886776E-01
 0.76791340E+00 0.96623611E+00 0.79441748E-01
 0.74087684E+00 0.95423264E+00 0.86787972E-01
 0.71288965E+00 0.94050610E+00 0.94943323E-01
 0.68406228E+00 0.92510857E+00 0.10379632E+00
 0.65450850E+00 0.90809846E+00 0.11276898E+00
 0.62434494E+00 0.88954029E+00 0.11993847E+00
 0.59369066E+00 0.86950446E+00 0.12060873E+00
 0.56266662E+00 0.84806697E+00 0.10709377E+00
 0.53139526E+00 0.82530915E+00 0.74060951E-01
 0.50000000E+00 0.80131732E+00 0.30452283E-01
 0.46860474E+00 0.77618249E+00 0.47075105E-02
 0.43733338E+00 0.75000000E+00 0.25505831E-01
 0.40630934E+00 0.72286918E+00 0.91968602E-01
 0.37565506E+00 0.69489294E+00 0.17366913E+00
 0.34549150E+00 0.66617740E+00 0.24237805E+00
 0.31593772E+00 0.63683150E+00 0.29285278E+00
 0.28711035E+00 0.60696654E+00 0.33504811E+00
 0.25912316E+00 0.57669583E+00 0.37943619E+00
 0.23208660E+00 0.54613418E+00 0.43151758E+00
 0.20610737E+00 0.51539753E+00 0.49257424E+00
 0.18128801E+00 0.48460247E+00 0.56099584E+00
 0.15772645E+00 0.45386582E+00 0.63300112E+00
 0.13551569E+00 0.42330417E+00 0.70340594E+00
 0.11474338E+00 0.39303346E+00 0.76673606E+00
 0.95491503E-01 0.36316850E+00 0.81844838E+00
 0.77836037E-01 0.33382260E+00 0.85585436E+00
 0.61846660E-01 0.30510706E+00 0.87846743E+00
 0.47586474E-01 0.27713082E+00 0.88775297E+00
 0.35111757E-01 0.25000000E+00 0.88647777E+00
 0.24471742E-01 0.22381751E+00 0.87794079E+00
 0.15708419E-01 0.19868268E+00 0.86531964E+00
 0.88563746E-02 0.17469085E+00 0.85125261E+00
 0.39426493E-02 0.15193303E+00 0.83766513E+00
 0.98663579E-03 0.13049554E+00 0.82578186E+00
 0.00000000E+00 0.11045971E+00 0.81624498E+00
 0.11474338E+00 0.00000000E+00 0.84211883E+00
 0.13551569E+00 0.94833563E-03 0.85217409E+00
 0.15772645E+00 0.37897452E-02 0.86252295E+00
 0.18128801E+00 0.85134502E-02 0.87225305E+00
 0.20610737E+00 0.15101532E-01 0.87993154E+00
 0.23208660E+00 0.23529000E-01 0.88355016E+00
 0.25912316E+00 0.33763885E-01 0.88060682E+00
 0.28711035E+00 0.45767364E-01 0.86839284E+00
 0.31593772E+00 0.59493903E-01 0.84451938E+00
 0.34549150E+00 0.74891432E-01 0.80763870E+00
 0.37565506E+00 0.91901544E-01 0.75821185E+00
 0.40630934E+00 0.11045971E+00 0.69908490E+00
 0.43733338E+00 0.13049554E+00 0.63561531E+00
 0.46860474E+00 0.15193303E+00 0.57516416E+00
 0.50000000E+00 0.17469085E+00 0.52591774E+00
 0.53139526E+00 0.19868268E+00 0.49516943E+00
 0.56266662E+00 0.22381751E+00 0.48735021E+00
 0.59369066E+00 0.25000000E+00 0.50226246E+00
 0.62434494E+00 0.27713082E+00 0.53414090E+00
 0.65450850E+00 0.30510706E+00 0.57219886E+00
 0.68406228E+00 0.33382260E+00 0.60298091E+00
 0.71288965E+00 0.36316850E+00 0.61406915E+00
 0.74087684E+00 0.39303346E+00 0.59783387E+00
 0.76791340E+00 0.42330417E+00 0.55362294E+00
 0.79389263E+00 0.45386582E+00 0.48742604E+00
 0.81871199E+00 0.48460247E+00 0.40930597E+00
 0.84227355E+00 0.51539753E+00 0.32993110E+00
 0.86448431E+00 0.54613418E+00 0.25772751E+00
 0.88525662E+00 0.57669583E+00 0.19753109E+00
 0.90450850E+00 0.60696654E+00 0.15072527E+00
 0.92216396E+00 0.63683150E+00 0.11626384E+00
 0.93815334E+00 0.66617740E+00 0.91886992E-01
 0.95241353E+00 0.69489294E+00 0.75078795E-01
 0.96488824E+00 0.72286918E+00 0.63620511E-01
 0.97552826E+00 0.75000000E+00 0.55799414E-01
 0.98429158E+00 0.77618249E+00 0.50405538E-01
 0.99114363E+00 0.80131732E+00 0.46635399E-01
 0.99605735E+00 0.82530915E+00 0.43977798E-01
 0.99901336E+00 0.84806697E+00 0.42116501E-01
 0.10000000E+01 0.86950446E+00 0.40859229E-01
 0.86448431E+00 0.10000000E+01 0.57262031E-01
 0.84227355E+00 0.99905166E+00 0.61518357E-01
 0.81871199E+00 0.99621025E+00 0.66372987E-01
 0.79389263E+00 0.99148655E+00 0.71872664E-01
 0.76791340E+00 0.98489847E+00 0.78064495E-01
 0.74087684E+00 0.97647100E+00 0.84992325E-01
 0.71288965E+00 0.96623611E+00 0.92684685E-01
 0.68406228E+00 0.95423264E+00 0.10110921E+00
 0.65450850E+00 0.94050610E+00 0.11001270E+00
 0.62434494E+00 0.92510857E+00 0.11845788E+00
 0.59369066E+00 0.90809846E+00 0.12384428E+00
 0.56266662E+00 0.88954029E+00 0.12082905E+00
 0.53139526E+00 0.86950446E+00 0.10243863E+00
 0.50000000E+00 0.84806697E+00 0.66781491E-01
 0.46860474E+00 0.82530915E+00 0.27071220E-01
 0.43733338E+00 0.80131732E+00 0.11126914E-01
 0.40630934E+00 0.77618249E+00 0.40386712E-01
 0.37565506E+00 0.75000000E+00 0.10770171E+00
 0.34549150E+00 0.72286918E+00 0.18394010E+00
 0.31593772E+00 0.69489294E+00 0.24578168E+00
 0.28711035E+00 0.66617740E+00 0.28999166E+00
 0.25912316E+00 0.63683150E+00 0.32531755E+00
 0.23208660E+00 0.60696654E+00 0.36060093E+00
 0.20610737E+00 0.57669583E+00 0.40066745E+00
 0.18128801E+00 0.54613418E+00 0.44716127E+00
 0.15772645E+00 0.51539753E+00 0.49974725E+00
 0.13551569E+00 0.48460247E+00 0.55662788E+00
 0.11474338E+00 0.45386582E+00 0.61488171E+00
 0.95491503E-01 0.42330417E+00 0.67098610E+00
 0.77836037E-01 0.39303346E+00 0.72151009E+00
 0.61846660E-01 0.36316850E+00 0.76378037E+00
 0.47586474E-01 0.33382260E+00 0.79631907E+00
 0.35111757E-01 0.30510706E+00 0.81895319E+00
 0.24471742E-01 0.27713082E+00 0.83262262E+00
 0.15708419E-01 0.25000000E+00 0.83900346E+00
 0.88563746E-02 0.22381751E+00 0.84008727E+00
 0.39426493E-02 0.19868268E+00 0.83782555E+00
 0.98663579E-03 0.17469085E+00 0.83389440E+00
 0.00000000E+00 0.15193303E+00 0.82958331E+00
 0.15772645E+00 0.00000000E+00 0.85584898E+00
 0.18128801E+00 0.94833563E-03 0.85770836E+00
 0.20610737E+00 0.37897452E-02 0.85665206E+00
 0.23208660E+00 0.85134502E-02 0.85130053E+00
 0.25912316E+00 0.15101532E-01 0.84007180E+00
 0.28711035E+00 0.23529000E-01 0.82136790E+00
 0.31593772E+00 0.33763885E-01 0.79388346E+00
 0.34549150E+00 0.45767364E-01 0.75701315E+00
 0.37565506E+00 0.59493903E-01 0.71128824E+00
 0.40630934E+00 0.74891432E-01 0.65873197E+00
 0.43733338E+00 0.91901544E-01 0.60300928E+00
 0.46860474E+00 0.11045971E+00 0.54926759E+00
 0.50000000E+00 0.13049554E+00 0.50361105E+00
 0.53139526E+00 0.15193303E+00 0.47219902E+00
 0.56266662E+00 0.17469085E+00 0.46000965E+00
 0.59369066E+00 0.19868268E+00 0.46939780E+00
 0.62434494E+00 0.22381751E+00 0.49875044E+00
 0.65450850E+00 0.25000000E+00 0.54176175E+00
 0.68406228E+00 0.27713082E+00 0.58793313E+00
 0.71288965E+00 0.30510706E+00 0.62462152E+00
 0.74087684E+00 0.33382260E+00 0.64027604E+00
 0.76791340E+00 0.36316850E+00 0.62775378E+00
 0.79389263E+00 0.39303346E+00 0.58633081E+00
 0.81871199E+00 0.42330417E+00 0.52153446E+00
 0.84227355E+00 0.45386582E+00 0.44296336E+00
 0.86448431E+00 0.48460247E+00 0.36117373E+00
 0.88525662E+00 0.51539753E+00 0.28495076E+00
 0.90450850E+00 0.54613418E+00 0.21982478E+00
 0.92216396E+00 0.57669583E+00 0.16794746E+00
 0.93815334E+00 0.60696654E+00 0.12888614E+00
 0.95241353E+00 0.63683150E+00 0.10073233E+00
 0.96488824E+00 0.66617740E+00 0.81070346E-01
 0.97552826E+00 0.69489294E+00 0.67608034E-01
 0.98429158E+00 0.72286918E+00 0.58474231E-01
 0.99114363E+00 0.75000000E+00 0.52283092E-01
 0.99605735E+00 0.77618249E+00 0.48075960E-01
 0.99901336E+00 0.80131732E+00 0.45221421E-01
 0.10000000E+01 0.82530915E+00 0.43317935E-01
 0.81871199E+00 0.10000000E+01 0.66140813E-01
 0.79389263E+00 0.99905166E+00 0.71371394E-01
 0.76791340E+00 0.99621025E+00 0.77251156E-01
 0.74087684E+00 0.99148655E+00 0.83818869E-01
 0.71288965E+00 0.98489847E+00 0.91104462E-01
 0.68406228E+00 0.97647100E+00 0.99107352E-01
 0.65450850E+00 0.96623611E+00 0.10772449E+00
 0.62434494E+00 0.95423264E+00 0.11654082E+00
 0.59369066E+00 0.94050610E+00 0.12434716E+00
 0.56266662E+00 0.92510857E+00 0.12840947E+00
 0.53139526E+00 0.90809846E+00 0.12426596E+00
 0.50000000E+00 0.88954029E+00 0.10796066E+00
 0.46860474E+00 0.86950446E+00 0.81795380E-01
 0.43733338E+00 0.84806697E+00 0.59239953E-01
 0.40630934E+00 0.82530915E+00 0.59837412E-01
 0.37565506E+00 0.80131732E+00 0.93416278E-01
 0.34549150E+00 0.77618249E+00 0.14994733E+00
 0.31593772E+00 0.75000000E+00 0.20871140E+00
 0.28711035E+00 0.72286918E+00 0.25580513E+00
 0.25912316E+00 0.69489294E+00 0.29044249E+00
 0.23208660E+00 0.66617740E+00 0.31874926E+00
 0.20610737E+00 0.63683150E+00 0.34661078E+00
 0.18128801E+00 0.60696654E+00 0.37739573E+00
 0.15772645E+00 0.57669583E+00 0.41255629E+00
 0.13551569E+00 0.54613418E+00 0.45240620E+00
 0.11474338E+00 0.51539753E+00 0.49641065E+00
 0.95491503E-01 0.48460247E+00 0.54327711E+00
 0.77836037E-01 0.45386582E+00 0.59111598E+00
 0.61846660E-01 0.42330417E+00 0.63773785E+00
 0.47586474E-01 0.39303346E+00 0.68102794E+00
 0.35111757E-01 0.36316850E+00 0.71929336E+00
 0.24471742E-01 0.33382260E+00 0.75149264E+00
 0.15708419E-01 0.30510706E+00 0.77730517E+00
 0.88563746E-02 0.27713082E+00 0.79705272E+00
 0.39426493E-02 0.25000000E+00 0.81152383E+00
 0.98663579E-03 0.22381751E+00 0.82176321E+00
 0.00000000E+00 0.19868268E+00 0.82887842E+00
 0.20610737E+00 0.00000000E+00 0.84916480E+00
 0.23208660E+00 0.94833563E-03 0.83593687E+00
 0.25912316E+00 0.37897452E-02 0.81706829E+00
 0.28711035E+00 0.85134502E-02 0.79173686E+00
 0.31593772E+00 0.15101532E-01 0.75944076E+00
 0.34549150E+00 0.23529000E-01 0.72021772E+00
 0.37565506E+00 0.33763885E-01 0.67486114E+00
 0.40630934E+00 0.45767364E-01 0.62508534E+00
 0.43733338E+00 0.59493903E-01 0.57359223E+00
 0.46860474E+00 0.74891432E-01 0.52400276E+00
 0.50000000E+00 0.91901544E-01 0.48062919E+00
 0.53139526E+00 0.11045971E+00 0.44806548E+00
 0.56266662E+00 0.13049554E+00 0.43056424E+00
 0.59369066E+00 0.15193303E+00 0.43117904E+00
 0.62434494E+00 0.17469085E+00 0.45073045E+00
 0.65450850E+00 0.19868268E+00 0.48682437E+00
 0.68406228E+00 0.22381751E+00 0.53334797E+00
 0.71288965E+00 0.25000000E+00 0.58092741E+00
 0.74087684E+00 0.27713082E+00 0.61859271E+00
 0.76791340E+00 0.30510706E+00 0.63636458E+00
 0.79389263E+00 0.33382260E+00 0.62791872E+00
 0.81871199E+00 0.36316850E+00 0.59227545E+00
 0.84227355E+00 0.39303346E+00 0.53381705E+00
 0.86448431E+00 0.42330417E+00 0.46068335E+00
 0.88525662E+00 0.45386582E+00 0.38229416E+00
 0.90450850E+00 0.48460247E+00 0.30700051E+00
 0.92216396E+00 0.51539753E+00 0.24060749E+00
 0.93815334E+00 0.54613418E+00 0.18598528E+00
 0.95241353E+00 0.57669583E+00 0.14352493E+00
 0.96488824E+00 0.60696654E+00 0.11199479E+00
 0.97552826E+00 0.63683150E+00 0.89401445E-01
 0.98429158E+00 0.66617740E+00 0.73631378E-01
 0.99114363E+00 0.69489294E+00 0.62819253E-01
 0.99605735E+00 0.72286918E+00 0.55491957E-01
 0.99901336E+00 0.75000000E+00 0.50571868E-01
 0.10000000E+01 0.77618249E+00 0.47313346E-01
 0.76791340E+00 0.10000000E+01 0.76981842E-01
 0.74087684E+00 0.99905166E+00 0.83237691E-01
 0.71288965E+00 0.99621025E+00 0.90166120E-01
 0.68406228E+00 0.99148655E+00 0.97776523E-01
 0.65450850E+00 0.98489847E+00 0.10602643E+00
 0.62434494E+00 0.97647100E+00 0.11472924E+00
 0.59369066E+00 0.96623611E+00 0.12334693E+00
 0.56266662E+00 0.95423264E+00 0.13065409E+00
 0.53139526E+00 0.94050610E+00 0.13450887E+00
 0.50000000E+00 0.92510857E+00 0.13244351E+00
 0.46860474E+00 0.90809846E+00 0.12386117E+00
 0.43733338E+00 0.88954029E+00 0.11306079E+00
 0.40630934E+00 0.86950446E+00 0.10956986E+00
 0.37565506E+00 0.84806697E+00 0.12271269E+00
 0.34549150E+00 0.82530915E+00 0.15383552E+00
 0.31593772E+00 0.80131732E+00 0.19465610E+00
 0.28711035E+00 0.77618249E+00 0.23418363E+00
 0.25912316E+00 0.75000000E+00 0.26649135E+00
 0.23208660E+00 0.72286918E+00 0.29209714E+00
 0.20610737E+00 0.69489294E+00 0.31444028E+00
 0.18128801E+00 0.66617740E+00 0.33666234E+00
 0.15772645E+00 0.63683150E+00 0.36069140E+00
 0.13551569E+00 0.60696654E+00 0.38756715E+00
 0.11474338E+00 0.57669583E+00 0.41781802E+00
 0.95491503E-01 0.54613418E+00 0.45157930E+00
 0.77836037E-01 0.51539753E+00 0.48857523E+00
 0.61846660E-01 0.48460247E+00 0.52810740E+00
 0.47586474E-01 0.45386582E+00 0.56911464E+00
 0.35111757E-01 0.42330417E+00 0.61030928E+00
 0.24471742E-01 0.39303346E+00 0.65035939E+00
 0.15708419E-01 0.36316850E+00 0.68807165E+00
 0.88563746E-02 0.33382260E+00 0.72253313E+00
 0.39426493E-02 0.30510706E+00 0.75318624E+00
 0.98663579E-03 0.27713082E+00 0.77983310E+00
 0.00000000E+00 0.25000000E+00 0.80258259E+00
 0.25912316E+00 0.00000000E+00 0.80966679E+00
 0.28711035E+00 0.94833563E-03 0.77762606E+00
 0.31593772E+00 0.37897452E-02 0.73992971E+00
 0.34549150E+00 0.85134502E-02 0.69712388E+00
 0.37565506E+00 0.15101532E-01 0.65026293E+00
 0.40630934E+00 0.23529000E-01 0.60094701E+00
 0.43733338E+00 0.33763885E-01 0.55131060E+00
 0.46860474E+00 0.45767364E-01 0.50396069E+00
 0.50000000E+00 0.59493903E-01 0.46186587E+00
 0.53139526E+00 0.74891432E-01 0.42818704E+00
 0.56266662E+00 0.91901544E-01 0.40601703E+00
 0.59369066E+00 0.11045971E+00 0.39797770E+00
 0.62434494E+00 0.13049554E+00 0.40563901E+00
 0.65450850E+00 0.15193303E+00 0.42880534E+00
 0.68406228E+00 0.17469085E+00 0.46485273E+00
 0.71288965E+00 0.19868268E+00 0.50843222E+00
 0.74087684E+00 0.22381751E+00 0.55186929E+00
 0.76791340E+00 0.25000000E+00 0.58640391E+00
 0.79389263E+00 0.27713082E+00 0.60405975E+00
 0.81871199E+00 0.30510706E+00 0.59957453E+00
 0.84227355E+00 0.33382260E+00 0.57169108E+00
 0.86448431E+00 0.36316850E+00 0.52331859E+00
 0.88525662E+00 0.39303346E+00 0.46053557E+00
 0.90450850E+00 0.42330417E+00 0.39086847E+00
 0.92216396E+00 0.45386582E+00 0.32150031E+00
 0.93815334E+00 0.48460247E+00 0.25796668E+00
 0.95241353E+00 0.51539753E+00 0.20359145E+00
 0.96488824E+00 0.54613418E+00 0.15959484E+00
 0.97552826E+00 0.57669583E+00 0.12561471E+00
 0.98429158E+00 0.60696654E+00 0.10035309E+00
 0.99114363E+00 0.63683150E+00 0.82141148E-01
 0.99605735E+00 0.66617740E+00 0.69328636E-01
 0.99901336E+00 0.69489294E+00 0.60493874E-01
 0.10000000E+01 0.72286918E+00 0.54517238E-01
 0.71288965E+00 0.10000000E+01 0.89854738E-01
 0.68406228E+00 0.99905166E+00 0.97112316E-01
 0.65450850E+00 0.99621025E+00 0.10498980E+00
 0.62434494E+00 0.99148655E+00 0.11339300E+00
 0.59369066E+00 0.98489847E+00 0.12206791E+00
 0.56266662E+00 0.97647100E+00 0.13047182E+00
 0.53139526E+00 0.96623611E+00 0.13768728E+00
 0.50000000E+00 0.95423264E+00 0.14261511E+00
 0.46860474E+00 0.94050610E+00 0.14472674E+00
 0.43733338E+00 0.92510857E+00 0.14523678E+00
 0.40630934E+00 0.90809846E+00 0.14767063E+00
 0.37565506E+00 0.88954029E+00 0.15651437E+00
 0.34549150E+00 0.86950446E+00 0.17421097E+00
 0.31593772E+00 0.84806697E+00 0.19908102E+00
 0.28711035E+00 0.82530915E+00 0.22646546E+00
 0.25912316E+00 0.80131732E+00 0.25204213E+00
 0.23208660E+00 0.77618249E+00 0.27411043E+00
 0.20610737E+00 0.75000000E+00 0.29336005E+00
 0.18128801E+00 0.72286918E+00 0.31137516E+00
 0.15772645E+00 0.69489294E+00 0.32955103E+00
 0.13551569E+00 0.66617740E+00 0.34884237E+00
 0.11474338E+00 0.63683150E+00 0.36991053E+00
 0.95491503E-01 0.60696654E+00 0.39326989E+00
 0.77836037E-01 0.57669583E+00 0.41932304E+00
 0.61846660E-01 0.54613418E+00 0.44832197E+00
 0.47586474E-01 0.51539753E+00 0.48031023E+00
 0.35111757E-01 0.48460247E+00 0.51508222E+00
 0.24471742E-01 0.45386582E+00 0.55217815E+00
 0.15708419E-01 0.42330417E+00 0.59091936E+00
 0.88563746E-02 0.39303346E+00 0.63047722E+00
 0.39426493E-02 0.36316850E+00 0.66996060E+00
 0.98663579E-03 0.33382260E+00 0.70850347E+00
 0.00000000E+00 0.30510706E+00 0.74533664E+00
 0.31593772E+00 0.00000000E+00 0.73365864E+00
 0.34549150E+00 0.94833563E-03 0.68615906E+00
 0.37565506E+00 0.37897452E-02 0.63641644E+00
 0.40630934E+00 0.85134502E-02 0.58597873E+00
 0.43733338E+00 0.15101532E-01 0.53659832E+00
 0.46860474E+00 0.23529000E-01 0.49017257E+00
 0.50000000E+00 0.33763885E-01 0.44868814E+00
 0.53139526E+00 0.45767364E-01 0.41416614E+00
 0.56266662E+00 0.59493903E-01 0.38858446E+00
 0.59369066E+00 0.74891432E-01 0.37373484E+00
 0.62434494E+00 0.91901544E-01 0.37096859E+00
 0.65450850E+00 0.11045971E+00 0.38081431E+00
 0.68406228E+00 0.13049554E+00 0.40251829E+00
 0.71288965E+00 0.15193303E+00 0.43364604E+00
 0.74087684E+00 0.17469085E+00 0.46994734E+00
 0.76791340E+00 0.19868268E+00 0.50567204E+00
 0.79389263E+00 0.22381751E+00 0.53440043E+00
 0.81871199E+00 0.25000000E+00 0.55024907E+00
 0.84227355E+00 0.27713082E+00 0.54912102E+00
 0.86448431E+00 0.30510706E+00 0.52959653E+00
 0.88525662E+00 0.33382260E+00 0.49316312E+00
 0.90450850E+00 0.36316850E+00 0.44372317E+00
 0.92216396E+00 0.39303346E+00 0.38657767E+00
 0.93815334E+00 0.42330417E+00 0.32724198E+00
 0.95241353E+00 0.45386582E+00 0.27044699E+00
 0.96488824E+00 0.48460247E+00 0.21954469E+00
 0.97552826E+00 0.51539753E+00 0.17635890E+00
 0.98429158E+00 0.54613418E+00 0.14138005E+00
 0.99114363E+00 0.57669583E+00 0.11414210E+00
 0.99605735E+00 0.60696654E+00 0.93630590E-01
 0.99901336E+00 0.63683150E+00 0.78623584E-01
 0.10000000E+01 0.66617740E+00 0.67925109E-01
 0.65450850E+00 0.10000000E+01 0.10464207E+00
 0.62434494E+00 0.99905166E+00 0.11269675E+00
 0.59369066E+00 0.99621025E+00 0.12113862E+00
 0.56266662E+00 0.99148655E+00 0.12970959E+00
 0.53139526E+00 0.98489847E+00 0.13802319E+00
 0.50000000E+00 0.97647100E+00 0.14566590E+00
 0.46860474E+00 0.96623611E+00 0.15247233E+00
 0.43733338E+00 0.95423264E+00 0.15890074E+00
 0.40630934E+00 0.94050610E+00 0.16620475E+00
 0.37565506E+00 0.92510857E+00 0.17603779E+00
 0.34549150E+00 0.90809846E+00 0.18952174E+00
 0.31593772E+00 0.88954029E+00 0.20643500E+00
 0.28711035E+00 0.86950446E+00 0.22527139E+00
 0.25912316E+00 0.84806697E+00 0.24417199E+00
 0.23208660E+00 0.82530915E+00 0.26192466E+00
 0.20610737E+00 0.80131732E+00 0.27829858E+00
 0.18128801E+00 0.77618249E+00 0.29372630E+00
 0.15772645E+00 0.75000000E+00 0.30883037E+00
 0.13551569E+00 0.72286918E+00 0.32415981E+00
 0.11474338E+00 0.69489294E+00 0.34015861E+00
 0.95491503E-01 0.66617740E+00 0.35722923E+00
 0.77836037E-01 0.63683150E+00 0.37578705E+00
 0.61846660E-01 0.60696654E+00 0.39627459E+00
 0.47586474E-01 0.57669583E+00 0.41914147E+00
 0.35111757E-01 0.54613418E+00 0.44480286E+00
 0.24471742E-01 0.51539753E+00 0.47358754E+00
 0.15708419E-01 0.48460247E+00 0.50568494E+00
 0.88563746E-02 0.45386582E+00 0.54110023E+00
 0.39426493E-02 0.42330417E+00 0.57962477E+00
 0.98663579E-03 0.39303346E+00 0.62082654E+00
 0.00000000E+00 0.36316850E+00 0.66406154E+00
 0.37565506E+00 0.00000000E+00 0.63198270E+00
 0.40630934E+00 0.94833563E-03 0.57893463E+00
 0.43733338E+00 0.37897452E-02 0.52846769E+00
 0.46860474E+00 0.85134502E-02 0.48192209E+00
 0.50000000E+00 0.15101532E-01 0.44052299E+00
 0.53139526E+00 0.23529000E-01 0.40539896E+00
 0.56266662E+00 0.33763885E-01 0.37760063E+00
 0.59369066E+00 0.45767364E-01 0.35808811E+00
 0.62434494E+00 0.59493903E-01 0.34765424E+00
 0.65450850E+00 0.74891432E-01 0.34676271E+00
 0.68406228E+00 0.91901544E-01 0.35530902E+00
 0.71288965E+00 0.11045971E+00 0.37235342E+00
 0.74087684E+00 0.13049554E+00 0.39591474E+00
 0.76791340E+00 0.15193303E+00 0.42293272E+00
 0.79389263E+00 0.17469085E+00 0.44948399E+00
 0.81871199E+00 0.19868268E+00 0.47126976E+00
 0.84227355E+00 0.22381751E+00 0.48429778E+00
 0.86448431E+00 0.25000000E+00 0.48559589E+00
 0.88525662E+00 0.27713082E+00 0.47376011E+00
 0.90450850E+00 0.30510706E+00 0.44917889E+00
 0.92216396E+00 0.33382260E+00 0.41387477E+00
 0.93815334E+00 0.36316850E+00 0.37102440E+00
 0.95241353E+00 0.39303346E+00 0.32430810E+00
 0.96488824E+00 0.42330417E+00 0.27726851E+00
 0.97552826E+00 0.45386582E+00 0.23282323E+00
 0.98429158E+00 0.48460247E+00 0.19300401E+00
 0.99114363E+00 0.51539753E+00 0.15891799E+00
 0.99605735E+00 0.54613418E+00 0.13087364E+00
 0.99901336E+00 0.57669583E+00 0.10859321E+00
 0.10000000E+01 0.60696654E+00 0.91441545E-01
 0.59369066E+00 0.10000000E+01 0.12080788E+00
 0.56266662E+00 0.99905166E+00 0.12918635E+00
 0.53139526E+00 0.99621025E+00 0.13766816E+00
 0.50000000E+00 0.99148655E+00 0.14612690E+00
 0.46860474E+00 0.98489847E+00 0.15457954E+00
 0.43733338E+00 0.97647100E+00 0.16328083E+00
 0.40630934E+00 0.96623611E+00 0.17271269E+00
 0.37565506E+00 0.95423264E+00 0.18340597E+00
 0.34549150E+00 0.94050610E+00 0.19565573E+00
 0.31593772E+00 0.92510857E+00 0.20931612E+00
 0.28711035E+00 0.90809846E+00 0.22384057E+00
 0.25912316E+00 0.88954029E+00 0.23854963E+00
 0.23208660E+00 0.86950446E+00 0.25293168E+00
 0.20610737E+00 0.84806697E+00 0.26678669E+00
 0.18128801E+00 0.82530915E+00 0.28018013E+00
 0.15772645E+00 0.80131732E+00 0.29331015E+00
 0.13551569E+00 0.77618249E+00 0.30640149E+00
 0.11474338E+00 0.75000000E+00 0.31966787E+00
 0.95491503E-01 0.72286918E+00 0.33332484E+00
 0.77836037E-01 0.69489294E+00 0.34761987E+00
 0.61846660E-01 0.66617740E+00 0.36285904E+00
 0.47586474E-01 0.63683150E+00 0.37942337E+00
 0.35111757E-01 0.60696654E+00 0.39777338E+00
 0.24471742E-01 0.57669583E+00 0.41844095E+00
 0.15708419E-01 0.54613418E+00 0.44200665E+00
 0.88563746E-02 0.51539753E+00 0.46906086E+00
 0.39426493E-02 0.48460247E+00 0.50014812E+00
 0.98663579E-03 0.45386582E+00 0.53569675E+00
 0.00000000E+00 0.42330417E+00 0.57593857E+00
 0.43733338E+00 0.00000000E+00 0.52589193E+00
 0.46860474E+00 0.94833563E-03 0.47813712E+00
 0.50000000E+00 0.37897452E-02 0.43623359E+00
 0.53139526E+00 0.85134502E-02 0.40055707E+00
 0.56266662E+00 0.15101532E-01 0.37138567E+00
 0.59369066E+00 0.23529000E-01 0.34895814E+00
 0.62434494E+00 0.33763885E-01 0.33348153E+00
 0.65450850E+00 0.45767364E-01 0.32507957E+00
 0.68406228E+00 0.59493903E-01 0.32368675E+00
 0.71288965E+00 0.74891432E-01 0.32890862E+00
 0.74087684E+00 0.91901544E-01 0.33988413E+00
 0.76791340E+00 0.11045971E+00 0.35519513E+00
 0.79389263E+00 0.13049554E+00 0.37286694E+00
 0.81871199E+00 0.15193303E+00 0.39048881E+00
 0.84227355E+00 0.17469085E+00 0.40545443E+00
 0.86448431E+00 0.19868268E+00 0.41528842E+00
 0.88525662E+00 0.22381751E+00 0.41799482E+00
 0.90450850E+00 0.25000000E+00 0.41235034E+00
 0.92216396E+00 0.27713082E+00 0.39807408E+00
 0.93815334E+00 0.30510706E+00 0.37583559E+00
 0.95241353E+00 0.33382260E+00 0.34710448E+00
 0.96488824E+00 0.36316850E+00 0.31388274E+00
 0.97552826E+00 0.39303346E+00 0.27838496E+00
 0.98429158E+00 0.42330417E+00 0.24273470E+00
 0.99114363E+00 0.45386582E+00 0.20872984E+00
 0.99605735E+00 0.48460247E+00 0.17770494E+00
 0.99901336E+00 0.51539753E+00 0.15049134E+00
 0.10000000E+01 0.54613418E+00 0.12745643E+00
 0.53139526E+00 0.10000000E+01 0.13747733E+00
 0.50000000E+00 0.99905166E+00 0.14600773E+00
 0.46860474E+00 0.99621025E+00 0.15485760E+00
 0.43733338E+00 0.99148655E+00 0.16418487E+00
 0.40630934E+00 0.98489847E+00 0.17416946E+00
 0.37565506E+00 0.97647100E+00 0.18492441E+00
 0.34549150E+00 0.96623611E+00 0.19642172E+00
 0.31593772E+00 0.95423264E+00 0.20848101E+00
 0.28711035E+00 0.94050610E+00 0.22083090E+00
 0.25912316E+00 0.92510857E+00 0.23320577E+00
 0.23208660E+00 0.90809846E+00 0.24542314E+00
 0.20610737E+00 0.88954029E+00 0.25740910E+00
 0.18128801E+00 0.86950446E+00 0.26917757E+00
 0.15772645E+00 0.84806697E+00 0.28079177E+00
 0.13551569E+00 0.82530915E+00 0.29233363E+00
 0.11474338E+00 0.80131732E+00 0.30389142E+00
 0.95491503E-01 0.77618249E+00 0.31556324E+00
 0.77836037E-01 0.75000000E+00 0.32746937E+00
 0.61846660E-01 0.72286918E+00 0.33976863E+00
 0.47586474E-01 0.69489294E+00 0.35267649E+00
 0.35111757E-01 0.66617740E+00 0.36648467E+00
 0.24471742E-01 0.63683150E+00 0.38158134E+00
 0.15708419E-01 0.60696654E+00 0.39846980E+00
 0.88563746E-02 0.57669583E+00 0.41778134E+00
 0.39426493E-02 0.54613418E+00 0.44027544E+00
 0.98663579E-03 0.51539753E+00 0.46681847E+00
 0.00000000E+00 0.48460247E+00 0.49833123E+00
 0.50000000E+00 0.00000000E+00 0.43491424E+00
 0.53139526E+00 0.94833563E-03 0.39846107E+00
 0.56266662E+00 0.37897452E-02 0.36834996E+00
 0.59369066E+00 0.85134502E-02 0.34417880E+00
 0.62434494E+00 0.15101532E-01 0.32562117E+00
 0.65450850E+00 0.23529000E-01 0.31241895E+00
 0.68406228E+00 0.33763885E-01 0.30433230E+00
 0.71288965E+00 0.45767364E-01 0.30106530E+00
 0.74087684E+00 0.59493903E-01 0.30218641E+00
 0.76791340E+00 0.74891432E-01 0.30706215E+00
 0.79389263E+00 0.91901544E-01 0.31481937E+00
 0.81871199E+00 0.11045971E+00 0.32434762E+00
 0.84227355E+00 0.13049554E+00 0.33434645E+00
 0.86448431E+00 0.15193303E+00 0.34341514E+00
 0.88525662E+00 0.17469085E+00 0.35017386E+00
 0.90450850E+00 0.19868268E+00 0.35339915E+00
 0.92216396E+00 0.22381751E+00 0.35215186E+00
 0.93815334E+00 0.25000000E+00 0.34587683E+00
 0.95241353E+00 0.27713082E+00 0.33445725E+00
 0.96488824E+00 0.30510706E+00 0.31821527E+00
 0.97552826E+00 0.33382260E+00 0.29785968E+00
 0.98429158E+00 0.36316850E+00 0.27439068E+00
 0.99114363E+00 0.39303346E+00 0.24897837E+00
 0.99605735E+00 0.42330417E+00 0.22283448E+00
 0.99901336E+00 0.45386582E+00 0.19709561E+00
 0.10000000E+01 0.48460247E+00 0.17273226E+00
 0.46860474E+00 0.10000000E+01 0.15482172E+00
 0.43733338E+00 0.99905166E+00 0.16418861E+00
 0.40630934E+00 0.99621025E+00 0.17412487E+00
 0.37565506E+00 0.99148655E+00 0.18456100E+00
 0.34549150E+00 0.98489847E+00 0.19535426E+00
 0.31593772E+00 0.97647100E+00 0.20633002E+00
 0.28711035E+00 0.96623611E+00 0.21732891E+00
 0.25912316E+00 0.95423264E+00 0.22823850E+00
 0.23208660E+00 0.94050610E+00 0.23900150E+00
 0.20610737E+00 0.92510857E+00 0.24960596E+00
 0.18128801E+00 0.90809846E+00 0.26006868E+00
 0.15772645E+00 0.88954029E+00 0.27042097E+00
 0.13551569E+00 0.86950446E+00 0.28070081E+00
 0.11474338E+00 0.84806697E+00 0.29095102E+00
 0.95491503E-01 0.82530915E+00 0.30122148E+00
 0.77836037E-01 0.80131732E+00 0.31157390E+00
 0.61846660E-01 0.77618249E+00 0.32208860E+00
 0.47586474E-01 0.75000000E+00 0.33287385E+00
 0.35111757E-01 0.72286918E+00 0.34407906E+00
 0.24471742E-01 0.69489294E+00 0.35591334E+00
 0.15708419E-01 0.66617740E+00 0.36867078E+00
 0.88563746E-02 0.63683150E+00 0.38276263E+00
 0.39426493E-02 0.60696654E+00 0.39875492E+00
 0.98663579E-03 0.57669583E+00 0.41740608E+00
 0.00000000E+00 0.54613418E+00 0.43969439E+00
 0.56266662E+00 0.00000000E+00 0.36745570E+00
 0.59369066E+00 0.94833563E-03 0.34218359E+00
 0.62434494E+00 0.37897452E-02 0.32181073E+00
 0.65450850E+00 0.85134502E-02 0.30570957E+00
 0.68406228E+00 0.15101532E-01 0.29341886E+00
 0.71288965E+00 0.23529000E-01 0.28458361E+00
 0.74087684E+00 0.33763885E-01 0.27889371E+00
 0.76791340E+00 0.45767364E-01 0.27603189E+00
 0.79389263E+00 0.59493903E-01 0.27563592E+00
 0.81871199E+00 0.74891432E-01 0.27727607E+00
 0.84227355E+00 0.91901544E-01 0.28044698E+00
 0.86448431E+00 0.11045971E+00 0.28457241E+00
 0.88525662E+00 0.13049554E+00 0.28902075E+00
 0.90450850E+00 0.15193303E+00 0.29312966E+00
 0.92216396E+00 0.17469085E+00 0.29623774E+00
 0.93815334E+00 0.19868268E+00 0.29772114E+00
 0.95241353E+00 0.22381751E+00 0.29703274E+00
 0.96488824E+00 0.25000000E+00 0.29374075E+00
 0.97552826E+00 0.27713082E+00 0.28756345E+00
 0.98429158E+00 0.30510706E+00 0.27839614E+00
 0.99114363E+00 0.33382260E+00 0.26632659E+00
 0.99605735E+00 0.36316850E+00 0.25163579E+00
 0.99901336E+00 0.39303346E+00 0.23478205E+00
 0.10000000E+01 0.42330417E+00 0.21636842E+00
 0.40630934E+00 0.10000000E+01 0.17399030E+00
 0.37565506E+00 0.99905166E+00 0.18407375E+00
 0.34549150E+00 0.99621025E+00 0.19425017E+00
 0.31593772E+00 0.99148655E+00 0.20437478E+00
 0.28711035E+00 0.98489847E+00 0.21436208E+00
 0.25912316E+00 0.97647100E+00 0.22417762E+00
 0.23208660E+00 0.96623611E+00 0.23382023E+00
 0.20610737E+00 0.95423264E+00 0.24330563E+00
 0.18128801E+00 0.94050610E+00 0.25265632E+00
 0.15772645E+00 0.92510857E+00 0.26189759E+00
 0.13551569E+00 0.90809846E+00 0.27105708E+00
 0.11474338E+00 0.88954029E+00 0.28016601E+00
 0.95491503E-01 0.86950446E+00 0.28926068E+00
 0.77836037E-01 0.84806697E+00 0.29838395E+00
 0.61846660E-01 0.82530915E+00 0.30758710E+00
 0.47586474E-01 0.80131732E+00 0.31693269E+00
 0.35111757E-01 0.77618249E+00 0.32649966E+00
 0.24471742E-01 0.75000000E+00 0.33639230E+00
 0.15708419E-01 0.72286918E+00 0.34675495E+00
 0.88563746E-02 0.69489294E+00 0.35779534E+00
 0.39426493E-02 0.66617740E+00 0.36981911E+00
 0.98663579E-03 0.63683150E+00 0.38327767E+00
 0.00000000E+00 0.60696654E+00 0.39882912E+00
 0.62434494E+00 0.00000000E+00 0.32068926E+00
 0.65450850E+00 0.94833563E-03 0.30286331E+00
 0.68406228E+00 0.37897452E-02 0.28801419E+00
 0.71288965E+00 0.85134502E-02 0.27568518E+00
 0.74087684E+00 0.15101532E-01 0.26557913E+00
 0.76791340E+00 0.23529000E-01 0.25749699E+00
 0.79389263E+00 0.33763885E-01 0.25129249E+00
 0.81871199E+00 0.45767364E-01 0.24684099E+00
 0.84227355E+00 0.59493903E-01 0.24401835E+00
 0.86448431E+00 0.74891432E-01 0.24268652E+00
 0.88525662E+00 0.91901544E-01 0.24268275E+00
 0.90450850E+00 0.11045971E+00 0.24381090E+00
 0.92216396E+00 0.13049554E+00 0.24583402E+00
 0.93815334E+00 0.15193303E+00 0.24846827E+00
 0.95241353E+00 0.17469085E+00 0.25137935E+00
 0.96488824E+00 0.19868268E+00 0.25418275E+00
 0.97552826E+00 0.22381751E+00 0.25644991E+00
 0.98429158E+00 0.25000000E+00 0.25772235E+00
 0.99114363E+00 0.27713082E+00 0.25753534E+00
 0.99605735E+00 0.30510706E+00 0.25545167E+00
 0.99901336E+00 0.33382260E+00 0.25110414E+00
 0.10000000E+01 0.36316850E+00 0.24424302E+00
 0.34549150E+00 0.10000000E+01 0.19382187E+00
 0.31593772E+00 0.99905166E+00 0.20328205E+00
 0.28711035E+00 0.99621025E+00 0.21244995E+00
 0.25912316E+00 0.99148655E+00 0.22135849E+00
 0.23208660E+00 0.98489847E+00 0.23004792E+00
 0.20610737E+00 0.97647100E+00 0.23855351E+00
 0.18128801E+00 0.96623611E+00 0.24690451E+00
 0.15772645E+00 0.95423264E+00 0.25512741E+00
 0.13551569E+00 0.94050610E+00 0.26324965E+00
 0.11474338E+00 0.92510857E+00 0.27130197E+00
 0.95491503E-01 0.90809846E+00 0.27931955E+00
 0.77836037E-01 0.88954029E+00 0.28734222E+00
 0.61846660E-01 0.86950446E+00 0.29541418E+00
 0.47586474E-01 0.84806697E+00 0.30358398E+00
 0.35111757E-01 0.82530915E+00 0.31190524E+00
 0.24471742E-01 0.80131732E+00 0.32043906E+00
 0.15708419E-01 0.77618249E+00 0.32925944E+00
 0.88563746E-02 0.75000000E+00 0.33846365E+00
 0.39426493E-02 0.72286918E+00 0.34819054E+00
 0.98663579E-03 0.69489294E+00 0.35865087E+00
 0.00000000E+00 0.66617740E+00 0.37017432E+00
 0.68406228E+00 0.00000000E+00 0.28639821E+00
 0.71288965E+00 0.94833563E-03 0.27184461E+00
 0.74087684E+00 0.37897452E-02 0.25888840E+00
 0.76791340E+00 0.85134502E-02 0.24738190E+00
 0.79389263E+00 0.15101532E-01 0.23727803E+00
 0.81871199E+00 0.23529000E-01 0.22858580E+00
 0.84227355E+00 0.33763885E-01 0.22134165E+00
 0.86448431E+00 0.45767364E-01 0.21559145E+00
 0.88525662E+00 0.59493903E-01 0.21137892E+00
 0.90450850E+00 0.74891432E-01 0.20873715E+00
 0.92216396E+00 0.91901544E-01 0.20768096E+00
 0.93815334E+00 0.11045971E+00 0.20819814E+00
 0.95241353E+00 0.13049554E+00 0.21023854E+00
 0.96488824E+00 0.15193303E+00 0.21370022E+00
 0.97552826E+00 0.17469085E+00 0.21841293E+00
 0.98429158E+00 0.19868268E+00 0.22412003E+00
 0.99114363E+00 0.22381751E+00 0.23046174E+00
 0.99605735E+00 0.25000000E+00 0.23696370E+00
 0.99901336E+00 0.27713082E+00 0.24303711E+00
 0.10000000E+01 0.30510706E+00 0.24799689E+00
 0.28711035E+00 0.10000000E+01 0.21179563E+00
 0.25912316E+00 0.99905166E+00 0.21992508E+00
 0.23208660E+00 0.99621025E+00 0.22776628E+00
 0.20610737E+00 0.99148655E+00 0.23537995E+00
 0.18128801E+00 0.98489847E+00 0.24280584E+00
 0.15772645E+00 0.97647100E+00 0.25007534E+00
 0.13551569E+00 0.96623611E+00 0.25721915E+00
 0.11474338E+00 0.95423264E+00 0.26427106E+00
 0.95491503E-01 0.94050610E+00 0.27126900E+00
 0.77836037E-01 0.92510857E+00 0.27825477E+00
 0.61846660E-01 0.90809846E+00 0.28527310E+00
 0.47586474E-01 0.88954029E+00 0.29237050E+00
 0.35111757E-01 0.86950446E+00 0.29959430E+00
 0.24471742E-01 0.84806697E+00 0.30699229E+00
 0.15708419E-01 0.82530915E+00 0.31461344E+00
 0.88563746E-02 0.80131732E+00 0.32251082E+00
 0.39426493E-02 0.77618249E+00 0.33074816E+00
 0.98663579E-03 0.75000000E+00 0.33941292E+00
 0.00000000E+00 0.72286918E+00 0.34863981E+00
 0.74087684E+00 0.00000000E+00 0.25686811E+00
 0.76791340E+00 0.94833563E-03 0.24297571E+00
 0.79389263E+00 0.37897452E-02 0.23018495E+00
 0.81871199E+00 0.85134502E-02 0.21857606E+00
 0.84227355E+00 0.15101532E-01 0.20825393E+00
 0.86448431E+00 0.23529000E-01 0.19932795E+00
 0.88525662E+00 0.33763885E-01 0.19190346E+00
 0.90450850E+00 0.45767364E-01 0.18607983E+00
 0.92216396E+00 0.59493903E-01 0.18195169E+00
 0.93815334E+00 0.74891432E-01 0.17961054E+00
 0.95241353E+00 0.91901544E-01 0.17914472E+00
 0.96488824E+00 0.11045971E+00 0.18063552E+00
 0.97552826E+00 0.13049554E+00 0.18414766E+00
 0.98429158E+00 0.15193303E+00 0.18971219E+00
 0.99114363E+00 0.17469085E+00 0.19730022E+00
 0.99605735E+00 0.19868268E+00 0.20678727E+00
 0.99901336E+00 0.22381751E+00 0.21790954E+00
 0.10000000E+01 0.25000000E+00 0.23021761E+00
 0.23208660E+00 0.10000000E+01 0.22700367E+00
 0.20610737E+00 0.99905166E+00 0.23379310E+00
 0.18128801E+00 0.99621025E+00 0.24035196E+00
 0.15772645E+00 0.99148655E+00 0.24672009E+00
 0.13551569E+00 0.98489847E+00 0.25293344E+00
 0.11474338E+00 0.97647100E+00 0.25903011E+00
 0.95491503E-01 0.96623611E+00 0.26505196E+00
 0.77836037E-01 0.95423264E+00 0.27104421E+00
 0.61846660E-01 0.94050610E+00 0.27705429E+00
 0.47586474E-01 0.92510857E+00 0.28313039E+00
 0.35111757E-01 0.90809846E+00 0.28931994E+00
 0.24471742E-01 0.88954029E+00 0.29566836E+00
 0.15708419E-01 0.86950446E+00 0.30221809E+00
 0.88563746E-02 0.84806697E+00 0.30900844E+00
 0.39426493E-02 0.82530915E+00 0.31607679E+00
 0.98663579E-03 0.80131732E+00 0.32346250E+00
 0.00000000E+00 0.77618249E+00 0.33121545E+00
 0.79389263E+00 0.00000000E+00 0.22803315E+00
 0.81871199E+00 0.94833563E-03 0.21419849E+00
 0.84227355E+00 0.37897452E-02 0.20161344E+00
 0.86448431E+00 0.85134502E-02 0.19040284E+00
 0.88525662E+00 0.15101532E-01 0.18067047E+00
 0.90450850E+00 0.23529000E-01 0.17250383E+00
 0.92216396E+00 0.33763885E-01 0.16598346E+00
 0.93815334E+00 0.45767364E-01 0.16119341E+00
 0.95241353E+00 0.59493903E-01 0.15823131E+00
 0.96488824E+00 0.74891432E-01 0.15721650E+00
 0.97552826E+00 0.91901544E-01 0.15829487E+00
 0.98429158E+00 0.11045971E+00 0.16163832E+00
 0.99114363E+00 0.13049554E+00 0.16743603E+00
 0.99605735E+00 0.15193303E+00 0.17587378E+00
 0.99901336E+00 0.17469085E+00 0.18709681E+00
 0.10000000E+01 0.19868268E+00 0.20115223E+00
 0.18128801E+00 0.10000000E+01 0.23953503E+00
 0.15772645E+00 0.99905166E+00 0.24504653E+00
 0.13551569E+00 0.99621025E+00 0.25037091E+00
 0.11474338E+00 0.99148655E+00 0.25555148E+00
 0.95491503E-01 0.98489847E+00 0.26063449E+00
 0.77836037E-01 0.97647100E+00 0.26566899E+00
 0.61846660E-01 0.96623611E+00 0.27070574E+00
 0.47586474E-01 0.95423264E+00 0.27579557E+00
 0.35111757E-01 0.94050610E+00 0.28098785E+00
 0.24471742E-01 0.92510857E+00 0.28632895E+00
 0.15708419E-01 0.90809846E+00 0.29186082E+00
 0.88563746E-02 0.88954029E+00 0.29761993E+00
 0.39426493E-02 0.86950446E+00 0.30363659E+00
 0.98663579E-03 0.84806697E+00 0.30993525E+00
 0.00000000E+00 0.82530915E+00 0.31653652E+00
 0.84227355E+00 0.00000000E+00 0.19959572E+00
 0.86448431E+00 0.94833563E-03 0.18649685E+00
 0.88525662E+00 0.37897452E-02 0.17497436E+00
 0.90450850E+00 0.85134502E-02 0.16506757E+00
 0.92216396E+00 0.15101532E-01 0.15680015E+00
 0.93815334E+00 0.23529000E-01 0.15019710E+00
 0.95241353E+00 0.33763885E-01 0.14530021E+00
 0.96488824E+00 0.45767364E-01 0.14218206E+00
 0.97552826E+00 0.59493903E-01 0.14095853E+00
 0.98429158E+00 0.74891432E-01 0.14179967E+00
 0.99114363E+00 0.91901544E-01 0.14493790E+00
 0.99605735E+00 0.11045971E+00 0.15067061E+00
 0.99901336E+00 0.13049554E+00 0.15935278E+00
 0.10000000E+01 0.15193303E+00 0.17137202E+00
 0.13551569E+00 0.10000000E+01 0.24951826E+00
 0.11474338E+00 0.99905166E+00 0.25381686E+00
 0.95491503E-01 0.99621025E+00 0.25799344E+00
 0.77836037E-01 0.99148655E+00 0.26210121E+00
 0.61846660E-01 0.98489847E+00 0.26619442E+00
 0.47586474E-01 0.97647100E+00 0.27032687E+00
 0.35111757E-01 0.96623611E+00 0.27455032E+00
 0.24471742E-01 0.95423264E+00 0.27891294E+00
 0.15708419E-01 0.94050610E+00 0.28345789E+00
 0.88563746E-02 0.92510857E+00 0.28822202E+00
 0.39426493E-02 0.90809846E+00 0.29323475E+00
 0.98663579E-03 0.88954029E+00 0.29851727E+00
 0.00000000E+00 0.86950446E+00 0.30408236E+00
 0.88525662E+00 0.00000000E+00 0.17324422E+00
 0.90450850E+00 0.94833563E-03 0.16181810E+00
 0.92216396E+00 0.37897452E-02 0.15215641E+00
 0.93815334E+00 0.85134502E-02 0.14419705E+00
 0.95241353E+00 0.15101532E-01 0.13789688E+00
 0.96488824E+00 0.23529000E-01 0.13324678E+00
 0.97552826E+00 0.33763885E-01 0.13028475E+00
 0.98429158E+00 0.45767364E-01 0.12910889E+00
 0.99114363E+00 0.59493903E-01 0.12989101E+00
 0.99605735E+00 0.74891432E-01 0.13289110E+00
 0.99901336E+00 0.91901544E-01 0.13847052E+00
 0.10000000E+01 0.11045971E+00 0.14709981E+00
 0.95491503E-01 0.10000000E+01 0.25711469E+00
 0.77836037E-01 0.99905166E+00 0.26032212E+00
 0.61846660E-01 0.99621025E+00 0.26349718E+00
 0.47586474E-01 0.99148655E+00 0.26669682E+00
 0.35111757E-01 0.98489847E+00 0.26997537E+00
 0.24471742E-01 0.97647100E+00 0.27338304E+00
 0.15708419E-01 0.96623611E+00 0.27696459E+00
 0.88563746E-02 0.95423264E+00 0.28075804E+00
 0.39426493E-02 0.94050610E+00 0.28479358E+00
 0.98663579E-03 0.92510857E+00 0.28909253E+00
 0.00000000E+00 0.90809846E+00 0.29366655E+00
 0.92216396E+00 0.00000000E+00 0.15074841E+00
 0.93815334E+00 0.94833563E-03 0.14158341E+00
 0.95241353E+00 0.37897452E-02 0.13416947E+00
 0.96488824E+00 0.85134502E-02 0.12839599E+00
 0.97552826E+00 0.15101532E-01 0.12420539E+00
 0.98429158E+00 0.23529000E-01 0.12160188E+00
 0.99114363E+00 0.33763885E-01 0.12066192E+00
 0.99605735E+00 0.45767364E-01 0.12154795E+00
 0.99901336E+00 0.59493903E-01 0.12452624E+00
 0.10000000E+01 0.74891432E-01 0.12998800E+00
 0.61846660E-01 0.10000000E+01 0.26259972E+00
 0.47586474E-01 0.99905166E+00 0.26488664E+00
 0.35111757E-01 0.99621025E+00 0.26723999E+00
 0.24471742E-01 0.99148655E+00 0.26971219E+00
 0.15708419E-01 0.98489847E+00 0.27234972E+00
 0.88563746E-02 0.97647100E+00 0.27519196E+00
 0.39426493E-02 0.96623611E+00 0.27827016E+00
 0.98663579E-03 0.95423264E+00 0.28160652E+00
 0.00000000E+00 0.94050610E+00 0.28521339E+00
 0.95241353E+00 0.00000000E+00 0.13304244E+00
 0.96488824E+00 0.94833563E-03 0.12629180E+00
 0.97552826E+00 0.37897452E-02 0.12116004E+00
 0.98429158E+00 0.85134502E-02 0.11754772E+00
 0.99114363E+00 0.15101532E-01 0.11542983E+00
 0.99605735E+00 0.23529000E-01 0.11486204E+00
 0.99901336E+00 0.33763885E-01 0.11599273E+00
 0.10000000E+01 0.45767364E-01 0.11908175E+00
 0.35111757E-01 0.10000000E+01 0.26632983E+00
 0.24471742E-01 0.99905166E+00 0.26788163E+00
 0.15708419E-01 0.99621025E+00 0.26959041E+00
 0.88563746E-02 0.99148655E+00 0.27149697E+00
 0.39426493E-02 0.98489847E+00 0.27363372E+00
 0.98663579E-03 0.97647100E+00 0.27602380E+00
 0.00000000E+00 0.96623611E+00 0.27868050E+00
 0.97552826E+00 0.00000000E+00 0.12024224E+00
 0.98429158E+00 0.94833563E-03 0.11579672E+00
 0.99114363E+00 0.37897452E-02 0.11282094E+00
 0.99605735E+00 0.85134502E-02 0.11126575E+00
 0.99901336E+00 0.15101532E-01 0.11116847E+00
 0.10000000E+01 0.23529000E-01 0.11266198E+00
 0.15708419E-01 0.10000000E+01 0.26867228E+00
 0.88563746E-02 0.99905166E+00 0.26965436E+00
 0.39426493E-02 0.99621025E+00 0.27086146E+00
 0.98663579E-03 0.99148655E+00 0.27231772E+00
 0.00000000E+00 0.98489847E+00 0.27403728E+00
 0.99114363E+00 0.00000000E+00 0.11203703E+00
 0.99605735E+00 0.94833563E-03 0.10971772E+00
 0.99901336E+00 0.37897452E-02 0.10876962E+00
 0.10000000E+01 0.85134502E-02 0.10921406E+00
 0.39426493E-02 0.10000000E+01 0.26993902E+00
 0.98663579E-03 0.99905166E+00 0.27046956E+00
 0.00000000E+00 0.99621025E+00 0.27126096E+00
 0.99901336E+00 0.00000000E+00 0.10805012E+00
 0.10000000E+01 0.94833563E-03 0.10773179E+00
 0.00000000E+00 0.10000000E+01 0.27033716E+00
 # End
