1
1.0001
0.99993
1
1
0.99999
1
0.99999
1
0.99998
1
0.99996
1
0.99995
1.0001
0.99994
1.0001
0.99993
1.0001
0.99991
1.0001
0.9999
1.0001
0.99989
1.0001
0.99988
1.0001
0.99987
1.0001
0.99986
1.0001
0.99985
1.0002
0.99984
1.0002
0.99983
1.0002
0.99983
1.0002
0.99982
1.0002
0.99981
1.0002
0.9998
1.0002
0.99979
1.0002
0.99978
1.0002
0.99978
1.0002
0.99977
1.0002
0.99976
1.0002
0.99975
1.0003
0.99976
1.0002
0.99975
1.0003
0.99966
1.0003
0.99995
1.0001
0.99936
1.0011
1.0002
0.99843
1.0001
1.0067
1.005
0.99464
0.9797
0.96614
0.95164
0.93851
0.92412
0.91124
0.89704
0.88447
0.87049
0.85823
0.84448
0.83256
0.81904
0.80745
0.79418
0.78293
0.7699
0.75898
0.7462
0.73562
0.72309
0.71284
0.70056
0.69063
0.67861
0.66899
0.65723
0.6479
0.6364
0.62733
0.61608
0.60727
0.59625
0.58767
0.57691
0.56855
0.55804
0.54989
0.53965
0.53168
0.52171
0.5139
0.50419
0.49652
0.48708
0.47955
0.4704
0.46299
0.45416
0.44691
0.43843
0.43168
0.42452
0.41465
0.3961
0.39622
0.42199
0.43012
0.42242
0.42603
0.42699
0.42542
0.42601
0.4267
0.42591
0.4266
0.42636
0.42656
0.42633
0.42654
0.42621
0.42639
0.42614
0.42633
0.42616
0.42631
0.42618
0.42634
0.42627
0.42631
0.42612
0.42615
0.42641
0.42674
0.42661
0.42583
0.42515
0.42547
0.428
0.42933
0.42583
0.4214
0.42467
0.4285
0.42653
0.42962
0.43854
0.41451
0.3438
0.27454
0.25617
0.26346
0.26832
0.26426
0.26505
0.26601
0.26686
0.26488
0.26608
0.26512
0.26584
0.26484
0.26628
0.265
0.26629
0.2651
0.26629
0.2648
0.26634
0.26476
0.26636
0.26472
0.26644
0.2645
0.26651
0.26436
0.26665
0.26423
0.26694
0.26408
0.26693
0.26452
0.26564
0.26585
0.26443
0.25991
0.28046
0.14067
0.12167
0.1317
0.12085
0.12867
0.12261
0.12701
0.12358
0.12627
0.12403
0.12592
0.12425
0.12574
0.12437
0.12563
0.12445
0.12556
0.1245
0.12551
0.12454
0.12547
0.12457
0.12543
0.1246
0.12541
0.12462
0.12538
0.12465
0.12535
0.12467
0.12533
0.12469
0.1253
0.12472
0.12528
0.12475
0.12525
0.12478
0.12521
0.12481
0.12518
0.12483
0.12522
0.12465
0.12535
0.12515
