0.0097802
0.0077883
-0.00054296
-0.0099469
0.011774
-0.0088614
0.0044384
0.00017849
-0.0045868
0.0087364
-0.012706
0.016631
-0.020693
0.025172
-0.030562
0.037879
-0.049274
0.06849
-0.089174
0.087644
0.94258
1.0267
0.986
1.0113
0.98965
1.0096
0.99139
1.0074
0.99397
1.0044
0.9975
1.0004
1.002
0.99535
1.0076
0.98905
1.0148
0.98067
1.025
0.96713
1.0449
0.93509
1.0867
0.91344
0.057817
-0.028311
0.01673
-0.015127
0.01518
-0.01526
0.014996
-0.014253
0.012945
-0.010979
0.0082432
-0.0046183
1.4407e-005
0.0054582
-0.010901
0.01313
-0.005421
-0.0071223
0.0069285
0.0097802
