1
1
1
1
1
1
1
1
1
1
1
1
1
1
1
1
1
1
1
1
1
1
1
1
1
1
1
1
1
1
1
1
1
1
1
1
1
1
1
1
1
1
1
1
1
1
1
1
1
1
1
1
1
1
1
1
1
1
1
1
1
1
1
1
1
1
1
1
1
1
1
1
1
0.99073
0.97582
0.96109
0.94654
0.93216
0.91796
0.90393
0.89008
0.87639
0.86287
0.84952
0.83633
0.82331
0.81045
0.79776
0.78522
0.77284
0.76061
0.74854
0.73663
0.72486
0.71325
0.70179
0.69047
0.6793
0.66828
0.65739
0.64666
0.63606
0.6256
0.61528
0.60509
0.59504
0.58513
0.57534
0.56569
0.55617
0.54678
0.53751
0.52837
0.51936
0.51046
0.50169
0.49305
0.48452
0.47611
0.46781
0.45963
0.45157
0.44362
0.43579
0.42806
0.42632
0.42632
0.42632
0.42632
0.42632
0.42632
0.42632
0.42632
0.42632
0.42632
0.42632
0.42632
0.42632
0.42632
0.42632
0.42632
0.42632
0.42632
0.42632
0.42632
0.42632
0.42632
0.42632
0.42632
0.42632
0.42632
0.42632
0.42632
0.42632
0.42632
0.42632
0.42632
0.42632
0.42632
0.42632
0.42632
0.42632
0.42632
0.42632
0.42632
0.42632
0.42632
0.42632
0.42632
0.42632
0.42632
0.26557
0.26557
0.26557
0.26557
0.26557
0.26557
0.26557
0.26557
0.26557
0.26557
0.26557
0.26557
0.26557
0.26557
0.26557
0.26557
0.26557
0.26557
0.26557
0.26557
0.26557
0.26557
0.26557
0.26557
0.26557
0.26557
0.26557
0.26557
0.26557
0.26557
0.26557
0.26557
0.26557
0.26557
0.26557
0.26557
0.26557
0.26557
0.26557
0.125
0.125
0.125
0.125
0.125
0.125
0.125
0.125
0.125
0.125
0.125
0.125
0.125
0.125
0.125
0.125
0.125
0.125
0.125
0.125
0.125
0.125
0.125
0.125
0.125
0.125
0.125
0.125
0.125
0.125
0.125
0.125
0.125
0.125
0.125
0.125
0.125
0.125
0.125
0.125
0.125
0.125
0.125
0.125
0.125
0.125
