1.2246e-016
0.0040906
0.0081812
0.012272
0.016362
0.020453
0.024543
0.028633
0.032723
0.036813
0.040902
0.044992
0.049081
0.05317
0.057258
0.061346
0.065434
0.069522
0.073609
0.077696
0.081782
0.085868
0.089953
0.094038
0.098122
0.10221
0.10629
0.11037
0.11445
0.11853
0.12262
0.1267
0.13077
0.13485
0.13893
0.14301
0.14708
0.15116
0.15523
0.15931
0.16338
0.16745
0.17152
0.17559
0.17966
0.18373
0.18779
0.19186
0.19592
0.19999
0.20405
0.20811
0.21217
0.21623
0.22029
0.22434
0.2284
0.23245
0.2365
0.24055
0.2446
0.24865
0.25269
0.25674
0.26078
0.26482
0.26886
0.2729
0.27694
0.28097
0.28501
0.28904
0.29307
0.2971
0.30112
0.30515
0.30917
0.31319
0.31721
0.32123
0.32524
0.32925
0.33326
0.33727
0.34128
0.34528
0.34929
0.35329
0.35728
0.36128
0.36527
0.36926
0.37325
0.37724
0.38122
0.3852
0.38918
0.39315
0.39713
0.4011
0.40507
0.40903
0.41299
0.41695
0.42091
0.42487
0.42882
0.43276
0.43671
0.44065
0.44459
0.44853
0.45246
0.45639
0.46032
0.46424
0.46816
0.47208
0.47599
0.4799
0.48381
0.48771
0.49161
0.49551
0.4994
0.50329
0.50717
0.51106
0.51493
0.51881
0.52268
0.52654
0.5304
0.53426
0.53811
0.54196
0.54581
0.54965
0.55349
0.55732
0.56115
0.56497
0.56879
0.5726
0.57641
0.58021
0.58401
0.58781
0.5916
0.59538
0.59916
0.60294
0.60671
0.61047
0.61423
0.61798
0.62173
0.62547
0.62921
0.63294
0.63666
0.64038
0.6441
0.64781
0.65151
0.6552
0.65889
0.66257
0.66625
0.66992
0.67358
0.67724
0.68089
0.68453
0.68817
0.6918
0.69542
0.69903
0.70264
0.70624
0.70983
0.71342
0.717
0.72057
0.72413
0.72768
0.73122
0.73476
0.73829
0.74181
0.74532
0.74882
0.75231
0.7558
0.75927
0.76274
0.76619
0.76964
0.77308
0.7765
0.77992
0.78332
0.78672
0.7901
0.79348
0.79684
0.80019
0.80353
0.80686
0.81018
0.81348
0.81678
0.82006
0.82333
0.82658
0.82983
0.83306
0.83627
0.83947
0.84266
0.84584
0.849
0.85214
0.85527
0.85839
0.86149
0.86457
0.86764
0.87069
0.87372
0.87674
0.87974
0.88272
0.88569
0.88863
0.89156
0.89446
0.89735
0.90022
0.90306
0.90589
0.90869
0.91147
0.91423
0.91696
0.91968
0.92236
0.92502
0.92766
0.93027
0.93285
0.93541
0.93794
0.94043
0.9429
0.94534
-0.94775
-0.94534
-0.9429
-0.94043
-0.93794
-0.93541
-0.93285
-0.93027
-0.92766
-0.92502
-0.92236
-0.91968
-0.91696
-0.91423
-0.91147
-0.90869
-0.90589
-0.90306
-0.90022
-0.89735
-0.89446
-0.89156
-0.88863
-0.88569
-0.88272
-0.87974
-0.87674
-0.87372
-0.87069
-0.86764
-0.86457
-0.86149
-0.85839
-0.85527
-0.85214
-0.849
-0.84584
-0.84266
-0.83947
-0.83627
-0.83306
-0.82983
-0.82658
-0.82333
-0.82006
-0.81678
-0.81348
-0.81018
-0.80686
-0.80353
-0.80019
-0.79684
-0.79348
-0.7901
-0.78672
-0.78332
-0.77992
-0.7765
-0.77308
-0.76964
-0.76619
-0.76274
-0.75927
-0.7558
-0.75231
-0.74882
-0.74532
-0.74181
-0.73829
-0.73476
-0.73122
-0.72768
-0.72413
-0.72057
-0.717
-0.71342
-0.70983
-0.70624
-0.70264
-0.69903
-0.69542
-0.6918
-0.68817
-0.68453
-0.68089
-0.67724
-0.67358
-0.66992
-0.66625
-0.66257
-0.65889
-0.6552
-0.65151
-0.64781
-0.6441
-0.64038
-0.63666
-0.63294
-0.62921
-0.62547
-0.62173
-0.61798
-0.61423
-0.61047
-0.60671
-0.60294
-0.59916
-0.59538
-0.5916
-0.58781
-0.58401
-0.58021
-0.57641
-0.5726
-0.56879
-0.56497
-0.56115
-0.55732
-0.55349
-0.54965
-0.54581
-0.54196
-0.53811
-0.53426
-0.5304
-0.52654
-0.52268
-0.51881
-0.51493
-0.51106
-0.50717
-0.50329
-0.4994
-0.49551
-0.49161
-0.48771
-0.48381
-0.4799
-0.47599
-0.47208
-0.46816
-0.46424
-0.46032
-0.45639
-0.45246
-0.44853
-0.44459
-0.44065
-0.43671
-0.43276
-0.42882
-0.42487
-0.42091
-0.41695
-0.41299
-0.40903
-0.40507
-0.4011
-0.39713
-0.39315
-0.38918
-0.3852
-0.38122
-0.37724
-0.37325
-0.36926
-0.36527
-0.36128
-0.35728
-0.35329
-0.34929
-0.34528
-0.34128
-0.33727
-0.33326
-0.32925
-0.32524
-0.32123
-0.31721
-0.31319
-0.30917
-0.30515
-0.30112
-0.2971
-0.29307
-0.28904
-0.28501
-0.28097
-0.27694
-0.2729
-0.26886
-0.26482
-0.26078
-0.25674
-0.25269
-0.24865
-0.2446
-0.24055
-0.2365
-0.23245
-0.2284
-0.22434
-0.22029
-0.21623
-0.21217
-0.20811
-0.20405
-0.19999
-0.19592
-0.19186
-0.18779
-0.18373
-0.17966
-0.17559
-0.17152
-0.16745
-0.16338
-0.15931
-0.15523
-0.15116
-0.14708
-0.14301
-0.13893
-0.13485
-0.13077
-0.1267
-0.12262
-0.11853
-0.11445
-0.11037
-0.10629
-0.10221
-0.098122
-0.094038
-0.089953
-0.085868
-0.081782
-0.077696
-0.073609
-0.069522
-0.065434
-0.061346
-0.057258
-0.05317
-0.049081
-0.044992
-0.040902
-0.036813
-0.032723
-0.028633
-0.024543
-0.020453
-0.016362
-0.012272
-0.0081812
-0.0040906
