1.2246e-016
0.0081812
0.016362
0.024543
0.032723
0.040902
0.049081
0.057258
0.065434
0.073609
0.081782
0.089953
0.098122
0.10629
0.11445
0.12262
0.13077
0.13893
0.14708
0.15523
0.16338
0.17152
0.17966
0.18779
0.19592
0.20405
0.21217
0.22029
0.2284
0.2365
0.2446
0.25269
0.26078
0.26886
0.27694
0.28501
0.29307
0.30112
0.30917
0.31721
0.32524
0.33326
0.34128
0.34929
0.35728
0.36527
0.37325
0.38122
0.38918
0.39713
0.40507
0.41299
0.42091
0.42882
0.43671
0.44459
0.45246
0.46032
0.46816
0.47599
0.48381
0.49161
0.4994
0.50717
0.51493
0.52268
0.5304
0.53811
0.54581
0.55349
0.56115
0.56879
0.57641
0.58401
0.5916
0.59916
0.60671
0.61423
0.62173
0.62921
0.63666
0.6441
0.65151
0.65889
0.66625
0.67358
0.68089
0.68817
0.69542
0.70264
0.70983
0.717
0.72413
0.73122
0.73829
0.74532
0.75231
0.75927
0.76619
0.77308
0.77992
0.78672
0.79348
0.80019
0.80686
0.81348
0.82006
0.82658
0.83306
0.83947
0.84584
0.85214
0.85839
0.86457
0.87069
0.87674
0.88272
0.88863
0.89446
0.90022
0.90589
0.91147
0.91696
0.92236
0.92766
0.93285
0.93794
0.9429
-0.94775
-0.9429
-0.93794
-0.93285
-0.92766
-0.92236
-0.91696
-0.91147
-0.90589
-0.90022
-0.89446
-0.88863
-0.88272
-0.87674
-0.87069
-0.86457
-0.85839
-0.85214
-0.84584
-0.83947
-0.83306
-0.82658
-0.82006
-0.81348
-0.80686
-0.80019
-0.79348
-0.78672
-0.77992
-0.77308
-0.76619
-0.75927
-0.75231
-0.74532
-0.73829
-0.73122
-0.72413
-0.717
-0.70983
-0.70264
-0.69542
-0.68817
-0.68089
-0.67358
-0.66625
-0.65889
-0.65151
-0.6441
-0.63666
-0.62921
-0.62173
-0.61423
-0.60671
-0.59916
-0.5916
-0.58401
-0.57641
-0.56879
-0.56115
-0.55349
-0.54581
-0.53811
-0.5304
-0.52268
-0.51493
-0.50717
-0.4994
-0.49161
-0.48381
-0.47599
-0.46816
-0.46032
-0.45246
-0.44459
-0.43671
-0.42882
-0.42091
-0.41299
-0.40507
-0.39713
-0.38918
-0.38122
-0.37325
-0.36527
-0.35728
-0.34929
-0.34128
-0.33326
-0.32524
-0.31721
-0.30917
-0.30112
-0.29307
-0.28501
-0.27694
-0.26886
-0.26078
-0.25269
-0.2446
-0.2365
-0.2284
-0.22029
-0.21217
-0.20405
-0.19592
-0.18779
-0.17966
-0.17152
-0.16338
-0.15523
-0.14708
-0.13893
-0.13077
-0.12262
-0.11445
-0.10629
-0.098122
-0.089953
-0.081782
-0.073609
-0.065434
-0.057258
-0.049081
-0.040902
-0.032723
-0.024543
-0.016362
-0.0081812
