-0.0039062
0.0039063
-0.0039062
0.0039062
-0.0039062
0.0039063
-0.0039062
0.0039063
-0.0039062
0.0039063
-0.0039062
0.0039063
-0.0039062
0.0039063
-0.0039062
0.0039063
-0.0039063
0.0039062
-0.0039062
0.0039062
-0.0039063
0.0039063
-0.0039063
0.0039062
-0.0039062
0.0039062
-0.0039063
0.0039063
-0.0039062
0.0039062
-0.0039062
0.0039063
-0.0039063
0.0039063
-0.0039062
0.0039062
-0.0039063
0.0039063
-0.0039063
0.0039062
-0.0039062
0.0039063
-0.0039063
0.0039063
-0.003906
0.0039059
-0.0039066
0.0039075
-0.0039061
0.0039025
-0.0039044
0.0039157
-0.0039167
0.0038856
-0.0038689
0.0039464
-0.0040175
0.003835
-0.0036082
0.0040324
-0.0046513
0.0036407
-0.0021432
0.004661
-0.0078305
0.0013626
0.0040113
0.012326
-0.016926
-0.020578
0.0074599
0.061741
0.023185
-0.079132
-0.13536
0.031758
0.37028
0.73933
0.95552
1.0327
1.0157
1.0059
0.99342
1.003
0.99635
1.0041
0.99607
1.0039
0.9961
1.0039
0.99609
1.0039
0.99609
1.0039
0.99609
1.0039
0.99609
1.0039
0.99609
1.0039
0.99609
1.0039
0.99609
1.0039
0.99609
1.0039
0.99609
1.0039
0.99609
1.0039
0.99609
1.0039
0.99609
1.0039
0.99609
1.0039
0.99609
1.0039
0.99609
1.0039
0.99609
1.0039
0.99609
1.0039
0.99609
1.0039
0.99609
1.0039
0.99609
1.0039
0.99609
1.0039
0.99609
1.0039
0.99609
1.0039
0.99609
1.0039
0.99609
1.0039
0.99609
1.0039
0.99609
1.0039
0.99609
1.0039
0.99609
1.0039
0.99609
1.0039
0.99609
1.0039
0.9961
1.0039
0.99608
1.0039
0.99611
1.0039
0.99605
1.004
0.99617
1.0036
0.99597
1.0047
0.99636
1.0021
0.99534
1.0078
0.99864
0.99599
0.98767
1.0169
1.0206
0.99254
0.93826
0.97682
1.0791
1.1354
0.96824
0.62972
0.26067
0.044478
-0.032667
-0.015704
-0.0058896
0.0065776
-0.0029832
0.0036518
-0.0040785
0.0039296
-0.0038801
0.0039031
-0.0039099
0.0039069
-0.0039058
0.0039061
-0.0039063
0.0039063
-0.0039062
0.0039062
-0.0039062
0.0039063
-0.0039063
0.0039063
-0.0039062
0.0039062
-0.0039062
0.0039063
-0.0039063
0.0039063
-0.0039062
0.0039062
-0.0039063
0.0039062
-0.0039063
0.0039062
-0.0039063
0.0039062
-0.0039063
0.0039062
-0.0039063
0.0039062
-0.0039063
0.0039062
-0.0039063
0.0039062
-0.0039063
0.0039062
-0.0039063
0.0039062
-0.0039063
0.0039062
-0.0039063
0.0039062
-0.0039063
0.0039062
-0.0039063
0.0039062
-0.0039063
0.0039062
-0.0039063
0.0039062
-0.0039063
0.0039062
-0.0039063
0.0039062
-0.0039063
0.0039062
-0.0039063
0.0039062
-0.0039063
0.0039062
-0.0039062
0.0039062
-0.0039063
0.0039062
