0.013019
-0.012713
0.012393
-0.012056
0.011693
-0.011299
0.010862
-0.010369
0.009801
-0.009127
0.0083003
-0.007239
0.0057868
-0.0036128
-4.9355e-005
0.0070515
-0.021594
0.051065
-0.087314
0.091884
0.94955
1.0053
1.0133
0.98364
1.0165
0.98389
1.0156
0.98497
1.0145
0.98605
1.0134
0.98717
1.0122
0.98844
1.0108
0.99008
1.0088
0.9927
1.0051
0.99859
0.99439
1.0202
0.95036
1.0859
0.90956
0.04899
-0.0037633
-0.014854
0.017936
-0.018149
0.017814
-0.017374
0.016931
-0.016512
0.01612
-0.015755
0.015412
-0.015088
0.014777
-0.014477
0.014184
-0.013895
0.013606
-0.013316
