-7.0571e-016
0.016378
0.032757
0.049134
0.065503
0.081865
0.098226
0.11458
0.13091
0.14724
0.16355
0.17984
0.19613
0.2124
0.22863
0.24485
0.26107
0.27721
0.29336
0.30952
0.32556
0.34161
0.3577
0.37361
0.38953
0.40557
0.42129
0.43707
0.45309
0.46853
0.48416
0.50022
0.51524
0.53071
0.54695
0.56124
0.57666
0.59328
0.60627
0.62199
0.63928
0.64991
0.66682
0.685
0.6913
0.71167
0.73046
0.72914
0.75793
0.77496
0.76107
0.80871
0.81649
0.78424
0.87089
0.84751
0.79623
0.9532
0.85066
0.80583
1.0659
0.78759
0.8349
1.2266
-2.4863e-015
-1.2266
-0.8349
-0.78759
-1.0659
-0.80583
-0.85066
-0.9532
-0.79623
-0.84751
-0.87089
-0.78424
-0.81649
-0.80871
-0.76107
-0.77496
-0.75793
-0.72914
-0.73046
-0.71167
-0.6913
-0.685
-0.66682
-0.64991
-0.63928
-0.62199
-0.60627
-0.59328
-0.57666
-0.56124
-0.54695
-0.53071
-0.51524
-0.50022
-0.48416
-0.46853
-0.45309
-0.43707
-0.42129
-0.40557
-0.38953
-0.37361
-0.3577
-0.34161
-0.32556
-0.30952
-0.29336
-0.27721
-0.26107
-0.24485
-0.22863
-0.2124
-0.19613
-0.17984
-0.16355
-0.14724
-0.13091
-0.11458
-0.098226
-0.081865
-0.065503
-0.049134
-0.032757
-0.016378
