   0.0000000000000000   0.0000000000000000   1.0000000000000000
   0.3340596210218438   0.0000000000000000   0.5000000003735174
   0.4187176348065993   0.0000000000000000   0.4999999651692026
   0.4491852186214026   0.0000000000000000   0.4999845713684002
   0.4615477334768038   0.0000000000000000   0.4998172152090558
   0.4692766744519262   0.0000000000000000   0.4991438786591710
   0.4752823487926847   0.0000000000000000   0.4971684331544328
   0.4803602888346566   0.0000000000000000   0.4922783397050731
   0.4849166372998012   0.0000000000000000   0.4813286713912189
   0.4879995367716023   0.0000000000000000   0.4667337471717875
   0.4910929437996744   0.0000000000000000   0.4423484152025990
   0.4942613084974968   0.0000000000000000   0.4036390263457987
   0.4968852282642562   0.0000000000000000   0.3603560680623645
   0.4995421415877706   0.0000000000000000   0.3091507747497523
   0.5022849501623347   0.0000000000000000   0.2550800457058841
   0.5062341452596080   0.0000000000000000   0.1892998110944875
   0.5110616973728969   0.0000000000000000   0.1394591439894190
   0.5156857594123929   0.0000000000000000   0.1166402101549278
   0.5218193906320144   0.0000000000000000   0.1050275753248204
   0.5286844656365157   0.0000000000000000   0.1012857623829560
   0.5399605352455463   0.0000000000000000   0.1001352026431354
   0.5531505564790626   0.0000000000000000   0.1000096705419623
   0.5636301924346521   0.0000000000000000   0.1000011890781778
   0.5712684223690767   0.0000000000000000   0.1000002580852576
   0.5773390008677896   0.0000000000000000   0.1000000766442618
   0.5832378658954467   0.0000000000000000   0.1000000235565018
   0.5877317375051109   0.0000000000000000   0.1000000095891052
   0.5914604974032487   0.0000000000000000   0.1000000045488553
   0.5950589895178425   0.0000000000000000   0.1000000022148334
   0.5983692251771231   0.0000000000000000   0.1000000011423986
   0.6019869649541210   0.0000000000000000   0.1000000005540957
   0.6060488237937515   0.0000000000000000   0.1000000002459100
   0.6094641585232152   0.0000000000000000   0.1000000001242007
   0.6145186977602110   0.0000000000000000   0.1000000000451952
   0.6199073370759755   0.0000000000000000   0.1000000000153830
   0.6259484514488860   0.0000000000000000   0.1000000000045953
   0.6333820398950577   0.0000000000000000   0.1000000000010391
   0.6434764269785853   0.0000000000000000   0.1000000000001380
   0.6591129538412712   0.0000000000000000   0.1000000000000061
   0.6914871916828278   0.0000000000000000   0.1000000000000000
   1.0000000000000000   0.0000000000000000   0.1000000000000000
   0.0000000000000000   0.3333333333333333   1.0000000000000000
   0.3340596210218438   0.3333333333333333   0.9999999359090046
   0.4187176348065993   0.3333333333333333   1.0000000938863658
   0.4491852186214026   0.3333333333333333   0.9999985169042455
   0.4615477334768038   0.3333333333333333   0.9999664814443361
   0.4692766744519262   0.3333333333333333   0.9997691908848078
   0.4752823487926847   0.3333333333333333   0.9989661664322305
   0.4803602888346566   0.3333333333333333   0.9963403373204740
   0.4849166372998012   0.3333333333333333   0.9887429598423982
   0.4879995367716023   0.3333333333333333   0.9762898371216957
   0.4910929437996744   0.3333333333333333   0.9513135186960879
   0.4942613084974968   0.3333333333333333   0.9038129039704047
   0.4968852282642562   0.3333333333333333   0.8426978268330066
   0.4995421415877706   0.3333333333333333   0.7642925614175267
   0.5022849501623347   0.3333333333333333   0.6804764009812563
   0.5062341452596080   0.3333333333333333   0.5869279213520500
   0.5110616973728969   0.3333333333333333   0.5296102427091980
   0.5156857594123929   0.3333333333333333   0.5097137619318914
   0.5218193906320144   0.3333333333333333   0.5021285596133824
   0.5286844656365157   0.3333333333333333   0.5003839201348743
   0.5399605352455463   0.3333333333333333   0.5000205302209101
   0.5531505564790626   0.3333333333333333   0.4999667486431718
   0.5636301924346521   0.3333333333333333   0.4997228901443296
   0.5712684223690767   0.3333333333333333   0.4987262556680177
   0.5773390008677896   0.3333333333333333   0.4957429976350857
   0.5832378658954467   0.3333333333333333   0.4864736921087853
   0.5877317375051109   0.3333333333333333   0.4683312593704331
   0.5914604974032487   0.3333333333333333   0.4386254997530900
   0.5950589895178425   0.3333333333333333   0.3914930193969514
   0.5983692251771231   0.3333333333333333   0.3323293248320418
   0.6019869649541210   0.3333333333333333   0.2607754236905342
   0.6060488237937515   0.3333333333333333   0.1918969262190399
   0.6094641585232152   0.3333333333333333   0.1523686386909465
   0.6145186977602110   0.3333333333333333   0.1207875144006799
   0.6199073370759755   0.3333333333333333   0.1073265589408682
   0.6259484514488860   0.3333333333333333   0.1022171591245493
   0.6333820398950577   0.3333333333333333   0.1005035520824412
   0.6434764269785853   0.3333333333333333   0.1000669891268694
   0.6591129538412712   0.3333333333333333   0.1000029225381679
   0.6914871916828278   0.3333333333333333   9.9999886516051475E-02
   1.0000000000000000   0.3333333333333333   0.1000000000000000
   0.0000000000000000   0.6666666666666666   1.0000000000000000
   0.4202272144559153   0.6666666666666666   0.9999998621934564
   0.5793561460873713   0.6666666666666666   0.9999999247630620
   0.6605244876365166   0.6666666666666666   0.9999998196768518
   0.6910633632116316   0.6666666666666666   0.9999996725190636
   0.7017631391643300   0.6666666666666666   0.9999897178098748
   0.7073345469504821   0.6666666666666666   0.9998974429035190
   0.7111743163062401   0.6666666666666666   0.9994578100141085
   0.7142895638080551   0.6666666666666666   0.9978582260314419
   0.7174441548694809   0.6666666666666666   0.9913351562192179
   0.7194470005826382   0.6666666666666666   0.9790719345460885
   0.7212462063083190   0.6666666666666666   0.9544501969434493
   0.7228101443990868   0.6666666666666666   0.9126314354382767
   0.7243675771240889   0.6666666666666666   0.8399464553836561
   0.7260439720488756   0.6666666666666666   0.7167795454808152
   0.7275745894113321   0.6666666666666666   0.5704235419219288
   0.7294556699363747   0.6666666666666666   0.3879604131223450
   0.7319022099320512   0.6666666666666666   0.2220599288290135
   0.7343620774616723   0.6666666666666666   0.1445653911219525
   0.7374195949684257   0.6666666666666666   0.1118107039874424
   0.7406767353904982   0.6666666666666666   0.1028204172098669
   0.7461065951849564   0.6666666666666666   0.1002753123136808
   0.7564901289560514   0.6666666666666666   0.1000071586185329
   0.7839416637487325   0.6666666666666666   9.9999945172472834E-02
   1.0000000000000000   0.6666666666666666   0.1000000000000000
   0.0000000000000000   1.0000000000000000   1.0000000000000000
   0.5539981620184579   1.0000000000000000   0.9999999907081913
   0.7876823445980414   1.0000000000000000   1.0000001012196744
   0.8639679778197371   1.0000000000000000   0.9999995091608006
   0.8820238592640003   1.0000000000000000   0.9999977891629614
   0.8890941788433825   1.0000000000000000   0.9999549622467063
   0.8934566885515666   1.0000000000000000   0.9996807666303245
   0.8967669147663397   1.0000000000000000   0.9985865312155873
   0.8995232898848599   1.0000000000000000   0.9951329755832867
   0.9017023057590480   1.0000000000000000   0.9871408399201965
   0.9035199451614461   1.0000000000000000   0.9713811170917993
   0.9052354240932601   1.0000000000000000   0.9402788537910545
   0.9069189087619534   1.0000000000000000   0.8815182289981287
   0.9083051951912190   1.0000000000000000   0.8015339153753651
   0.9097465103538249   1.0000000000000000   0.6839799827115708
   0.9112595726159617   1.0000000000000000   0.5349722038534541
   0.9130149950925064   1.0000000000000000   0.3682159777804944
   0.9150089977440288   1.0000000000000000   0.2327825610618888
   0.9173536293592539   1.0000000000000000   0.1511490631079123
   0.9201333008576987   1.0000000000000000   0.1152612055320702
   0.9229992720867516   1.0000000000000000   0.1042546629588286
   0.9275674927579627   1.0000000000000000   0.1005468887901920
   0.9344975882147394   1.0000000000000000   0.1000244451328810
   0.9496860880527450   1.0000000000000000   0.1000001272708331
   1.0000000000000000   1.0000000000000000   0.1000000000000000
