%% Semidiscrete Decomposition (SDD)
%% Matrix: data1 Terms: 10 Accr: 0.00e+00 Tol: 1.00e-02 InnIts: 100 Init: 1
10 5 5
4.7965389490127563476562500e-01
3.2624220848083496093750000e-01
1.9394071400165557861328125e-01
8.4672987461090087890625000e-02
1.0166592150926589965820312e-01
5.8767084032297134399414062e-02
3.8742337375879287719726562e-02
3.2449815422296524047851562e-02
5.5055230855941772460937500e-02
2.3733202368021011352539062e-02
  1  1  1  1  1
  0  1 -1  1 -1
 -1  0  1  1  0
 -1  1  1 -1  0
  1 -1  0 -1  0
  1  1 -1 -1  1
 -1 -1  1  0  1
  0 -1 -1  1  0
  0  0  0  0  1
  1 -1 -1 -1  0
  1  1  1  1  1
  0  0  0  1 -1
  0  1  1 -1  0
  0  1  0  1  1
  1  0  0  0  0
  0  1 -1 -1  0
  0  1  1 -1 -1
 -1  0 -1  1 -1
 -1  1  0  0  0
  0  0  1  0  0
