  4.3181457846166474e+001
 -3.4005658324575974e+000
 -8.1350532272493776e+000
  3.4622141782432450e+001
  2.5152496305172356e+000
 -2.9735264234961267e+001
  1.7213746847428844e+001
  3.3811844505238675e+001
 -4.8036048613518254e+001
  1.8127716128213535e+001
 -1.2051898197200195e+001
  3.3179601760960651e+001
  2.8128839962509034e-001
  2.0947139270338678e+001
 -7.1107634659003267e+000
 -1.9538263313060568e+001
 -3.1034625245282498e+001
 -3.0656884359478493e+001
  1.8222322359138353e+001
 -1.9723559922339103e+001
  4.1673853898087643e+000
 -3.4912702385023536e+001
  1.9789848185986337e+001
 -1.2162699948732891e+001
  3.6001160488681961e+001
  3.5365513066276769e+001
  9.3562912539681626e+000
 -3.4475502968971394e-001
  3.9976917516960995e+001
  3.2162916073534277e+001
  1.4491038419384438e+001
  3.1797434083924514e+001
  1.6022755644160235e+001
 -1.5802938172978426e+001
 -2.1027410414376185e+001
 -1.5880643058511652e+001
  3.4079017626600483e+000
  2.2711321692967690e+001
 -1.9070984020904223e+001
  3.3849604493808052e+001
  6.8072461007775757e+000
 -1.2958644336788350e+001
  2.0273991324037688e+001
  4.6571151829106210e+000
 -5.5119795327087830e+000
  1.9456724042554750e+001
  1.2131013079541342e+001
  2.9482108020092646e+001
  4.5684344844487704e+001
  2.2590349080707783e+000
  3.8014220741132732e+001
 -3.2704385872476337e+001
  4.7974689678884097e+001
 -2.2855274135820014e+001
 -2.4767065312600966e+001
  3.7574189981807436e+001
  2.3730598846525574e+001
 -3.6348125774029029e+001
 -4.8824331264688205e+001
  3.9389796644525333e+001
 -3.0086193279426173e+001
 -2.0127698789778552e+001
  1.6144257638232496e+001
 -2.1559141025005541e+001
 -3.0775714788998929e+000
 -4.3521887703672753e+001
  4.8833493827763078e+001
  8.2791681561230845e+000
 -7.6503743148949255e+000
  1.5511752140762836e+000
 -1.6604852002824138e+001
 -6.7093403893270898e+000
 -2.7405013185555347e+001
  7.9806873249599004e+000
  2.6036500980434408e+001
  2.9823116716066078e+000
  1.4052649898983526e+001
 -2.9093059556157996e+001
 -1.2018162964920887e+001
  2.8332864986771266e+001
  1.8084575139722968e+001
 -3.8904873343301114e+000
  6.7828712428834255e+000
  2.9421065137261472e+001
 -4.4081740652892890e+001
  1.0286908566699237e+001
 -4.4973119625312705e+001
 -8.4625139556777302e+000
 -1.9500132299650812e+001
  3.7436717158762619e+001
 -4.8499050132338375e+001
  2.6795039001114141e+001
  4.7084493925562342e+001
  4.9008259261306264e+001
  2.8886169223375258e+001
 -6.1341466229087978e+000
 -1.6886965515195418e-001
 -2.8603666840383372e+001
  1.4349228788534996e+001
 -1.7996442253350310e+001
  4.6009860036901053e+001
  2.2663176664189798e+001
 -8.8046791831355229e+000
  2.4456578310615541e+001
 -2.3205274929062575e+001
 -6.0075690434658435e+000
  4.3338010818958971e+001
  1.8333232433848469e+001
 -2.8744013566126338e+001
  3.3923824033619518e+001
  1.2878460002407376e+001
 -3.6622725152657367e+001
 -2.9286727035864502e+001
  1.0719894453953039e+001
  1.2988784884230808e+001
 -1.2952317394810370e+001
  7.5147779047468504e+000
 -4.8575173237523304e+000
 -4.5610467465285602e+001
 -4.7281487700332534e+001
 -1.8731495191985470e+001
 -4.8713742532700252e+001
 -1.1603271150569828e+001
  1.8311596780459983e+001
 -4.0715753825908017e+001
 -4.6466167603084443e+001
  1.1239548137302247e+001
  1.0854036122399158e+001
 -4.8424018208024933e+001
 -4.8364506645000347e+001
 -3.0992541092027427e+001
  8.6918471884673387e+000
 -4.4241891012171145e+001
 -1.3243196117365580e+001
  1.3145116474444318e+001
  2.1763442146569734e+001
  1.9266939471778777e+001
 -4.1592093924955535e+001
 -4.5644850244447586e+000
 -5.8171703093657712e+000
 -1.4674954499930942e+001
 -3.4639363747650826e+001
  1.7564464963341219e+001
  1.9921332774126242e+001
  2.2750912921793066e+001
 -2.1615619043342695e+000
  5.4841986341676918e+000
 -3.7895288696358570e+001
 -4.9246059020613409e+000
  2.1588294817297449e+001
  3.9284160814575323e+001
 -2.2689752977485760e+001
 -2.4523070443771672e+001
  3.6560347774475190e+001
 -2.6764962937246750e+001
  3.0487174411570606e+001
  4.0839754344851833e+001
 -2.6810568188767487e+001
 -2.6068743553101488e+001
 -4.5024551592875028e+001
 -4.2161592522995491e+001
  1.4081540987001716e+001
 -3.0911342960243974e+001
  3.4386949887435847e+001
 -3.2609975153821573e+001
 -3.2920718625832023e+001
  4.9429549051391973e+001
 -6.0209143053619965e+000
 -1.5995205114430956e+001
 -1.8578268945597127e+001
 -1.3492161307133033e+001
 -1.0676044879354246e+001
  9.1525203746445793e+000
 -3.8025338304819151e+001
 -4.6187120323262874e+001
 -4.1402045335043267e+000
  3.6986735040700822e+001
  4.3423651891762319e+001
 -2.3555083385072589e+001
 -3.3969966080281957e+001
  3.7285525701962939e+001
 -2.6211969226443387e+001
  1.4583124997498874e+001
  4.6688742090893101e+001
  1.6493121192534410e+001
  3.7038102590597731e+001
 -4.9007269523665251e+001
 -3.6299010829237979e+001
  3.1875582651427759e+001
 -6.9833950953103070e+000
  3.9032172376942775e+001
  2.3490821176594579e+001
  1.8732359160410141e+001
 -1.5388803225882580e+001
 -3.3396526122278111e+001
 -3.4438742368294619e+001
 -3.0888368858005823e+001
 -7.7548474112460966e+000
