  -3.56863970070261        3.60335851658160       0.352789152421201     
   6.15429224361654        4.04401831588136        2.27336569204400     
   2.68153306616517       -2.89407174500780       0.717643043973564     
 -1.077265907405213E-005  0.142594974744458       -1.93881983292837     
  -1.05552688035495       -1.68635874891470       0.590493038058415     
  0.137039829921857      -0.191572638311436       -2.06425116660997     
  0.563784995646447       -2.01626446775123       0.224627071096663     
   3.67141351657412      -0.183881650219774       -3.01102585587955     
  -4.11392119947882        3.67550302081993        2.64944745887151     
  0.306908877004426       0.437677607649212       -1.41238803496404     
  0.639255558344862        2.63817972466335        3.23229571481873     
