 -6.569883064996985E-017  -34.7276007042563       0.000000000000000E+000
  0.000000000000000E+000  -35.2276403371583        4999.77602938616     
 -0.132620235754893       -32.5046669416595      -2.225552759180231E-004
 -0.102983136707800       -18.3851475682698        3639.76797403729     
 -0.250261130177629       -27.4216675668328      -7.320963718834595E-004
 -0.150216290264212       -6.58004421662409        2438.89681011648     
 -0.345519133891741       -21.2877089065161      -1.347464769580669E-003
 -0.159935613958276       0.972030641123300        1468.57512951707     
 -0.416734791835934       -15.2581738220460      -1.952208514852575E-003
 -0.146932082252296        5.21308233747712        742.515218050178     
 -0.465723688188032       -9.98159183978795      -2.480431776267523E-003
 -0.122312529742033        7.06503423491343        240.098353490998     
 -0.496079546016966       -5.74229389178848      -2.902850214125705E-003
 -9.379240422350507E-002   7.33123258573387       -76.3751617817651     
 -0.512000424913621       -2.58392223842178      -3.214584361624767E-003
 -6.625616835105259E-002   6.65433419845643       -249.921630910003     
 -0.517548893502488      -0.407637906540887      -3.425358522766971E-003
 -4.240453032055473E-002   5.51104613406713       -321.588839754309     
 -0.516244953005668       0.955474051875900      -3.552204971160810E-003
 -2.337593101867587E-002   4.22836362035793       -326.554863132612     
 -0.510895539514044        1.69505988407388      -3.614439854745890E-003
 -9.281460569855451E-003   3.01011410815089       -292.595656149806     
 -0.503578540693780        1.99096917905030      -3.630515276583970E-003
  3.712620996729134E-004   1.96627540436445       -240.071359368763     
 -0.495716814662069        1.99695088794303      -3.616305943759135E-003
  6.366290323784643E-003   1.14048189465498       -182.774184419539     
 -0.488195137160233        1.83432069364945      -3.584413636783686E-003
  9.567290298048465E-003  0.533330970398499       -129.166435457640     
 -0.481488341915129        1.59203469737194      -3.544134916441690E-003
  1.078672330707099E-002  0.120621271601295       -83.6969318975622     
 -0.475781287035595        1.33040710990789      -3.501813613211262E-003
  1.071641470095824E-002 -0.133385889936109       -48.0104479373698     
 -0.471070533943503        1.08648359425201      -3.461374920865143E-003
  9.901169597517800E-003 -0.267058106803568       -21.9575897406480     
 -0.467244046465991       0.879749671058026      -3.424904056596900E-003
  8.740060731107282E-003 -0.315983050242410       -4.37563893431271     
 -0.464139294077878       0.717384041301543      -3.393185817686860E-003
  7.503459629955056E-003 -0.310173838221828        6.35005756596674     
 -0.461582421630720       0.598658265920452      -3.366161366393537E-003
  6.357204815380121E-003 -0.273086529654524        11.9135988436830     
 -0.459412144668124       0.518352211458782      -3.343286406560193E-003
  5.388172973623340E-003 -0.221786657416463        13.8660328791138     
 -0.457492184145563       0.469221907459034      -3.323792647409698E-003
  4.627807758147416E-003 -0.167756249657901        13.5036647500517     
 -0.455715712481071       0.443647486599792      -3.306864409645608E-003
  4.071857386993749E-003 -0.117978467972689        11.8323007565845     
 -0.454004696921276       0.434626296445056      -3.291746623282282E-003
  3.695739223659110E-003 -7.606103926834802E-002   9.57897706193858     
 -0.452306367327881       0.436278999376194      -3.277801182715674E-003
  3.465682927868481E-003 -4.325733017100351E-002   7.22959441430974     
 -0.450588409154367       0.444019179139112      -3.264527153417832E-003
  3.346207180390821E-003 -1.931553263116657E-002   5.07722819052764     
 -0.448833944894778       0.454510233125733      -3.251557763292561E-003
  3.304654671107020E-003 -3.135143754376227E-003   3.27121224341247     
 -0.447036940683439       0.465504221084726      -3.238644209171312E-003
  3.313527116465442E-003  6.759887320535896E-003   1.86124341291882     
 -0.445198359110773       0.475630145064191      -3.225633531702132E-003
  3.351289904327115E-003  1.190572780494049E-002  0.833763462022982     
 -0.443323162333501       0.484176069211457      -3.212445413199620E-003
  3.402200679876593E-003  1.370885498966549E-002  0.139899597611095     
 -0.441418133138565       0.490891348994213      -3.199050836068643E-003
  3.455588931750656E-003  1.334961616054823E-002 -0.284518413484241     
 -0.439490406492706       0.495821930253345      -3.185454110160761E-003
  3.504893543591339E-003  1.175034906286224E-002 -0.505696329418243     
 -0.437546572456885       0.499182605425874      -3.171678785631582E-003
  3.546662493851839E-003  9.584402424232807E-003 -0.583957136506051     
 -0.435592208164332       0.501264467950559      -3.157757336645146E-003
  3.579637317553307E-003  7.307943363672366E-003 -0.569770559476063     
 -0.433631710121621       0.502372744791863      -3.143724146956744E-003
  3.603984490377436E-003  5.201607252007582E-003 -0.502496632217956     
 -0.431668319826834       0.502788945008894      -3.129611172631871E-003
  3.620694186881681E-003  3.413431307473392E-003 -0.410837446080956     
 -0.429704259794628       0.502751201017295      -3.115445633175795E-003
  3.631140490767640E-003  1.997970645002177E-003 -0.314231704715160     
 -0.427740919935431       0.502447303723661      -3.101249137370998E-003
  3.636782465808984E-003  9.490431946436083E-004 -0.224648162733554     
 -0.425779053918398       0.502015884475045      -3.087037745132290E-003
  3.638979172047171E-003  2.252978491220634E-004 -0.148420399818681     
 -0.423818960882497       0.501552234412329      -3.072822574814589E-003
  3.638890895666686E-003 -2.311014593020036E-004 -8.791137459773152E-002
 -0.421860639627155       0.501116227421014      -3.058610669699088E-003
  3.637441322831447E-003 -4.817776261740359E-004 -4.290318592628405E-002
 -0.419903910627607       0.500740648101991      -3.044405928408047E-003
  3.635319488644592E-003 -5.842741904217284E-004 -1.168047298039845E-002
 -0.417948506499948       0.500438891078897      -3.030209977704133E-003
  3.633004949842201E-003 -5.878406424815937E-004  8.178523120784601E-003
 -0.415994134558086       0.500211493540681      -3.016022921994756E-003
  3.630804059538455E-003 -5.317978871224636E-004  1.926430500520608E-002
 -0.414040516488072       0.500051307884738      -3.001843943459303E-003
  3.628889076447022E-003 -4.455886128466796E-004  2.400262361289648E-002
 -0.412087410452086       0.499947342518518      -2.987671752680813E-003
  3.627334955627915E-003 -3.498136449456536E-004  2.447509965555361E-002
 -0.410134620552123       0.499887424946152      -2.973504904947380E-003
  3.626151025846288E-003 -2.577427676332791E-004  2.234871595900705E-002
 -0.408181997850499       0.499859898845109      -2.959342004836607E-003
  3.625306429638560E-003 -1.769510749520795E-004  1.887645858276746E-002
 -0.406229436282697       0.499854578565135      -2.945181823777818E-003
  3.624749298520786E-003 -1.108630532229875E-004  1.493969692049610E-002
 -0.404276865950231       0.499863168293045      -2.931023354005982E-003
  3.624420282770816E-003 -6.008578807927779E-005  1.111079096013827E-002
 -0.402324245528727       0.499879322347825      -2.916865819190753E-003
  3.624261372572570E-003 -2.348296821414175E-005  7.721246321923892E-003
 -0.400371554907015       0.499898486959944      -2.902708658128307E-003
  3.624221038960065E-003  1.012493016023787E-006  4.926239967351375E-003
 -0.398418788695021       0.499917628382323      -2.888551493928704E-003
  3.624256672892460E-003  1.582209182528759E-005  2.760497567502719E-003
 -0.396465950891805       0.499934920668951      -2.874394097543893E-003
  3.624335172552122E-003  2.334300991997081E-005  1.183449501063427E-003
 -0.394513050771311       0.499949440503580      -2.860236351469748E-003
  3.624432367801231E-003  2.572439468268727E-005  1.135288246170395E-004
 -0.392560099899277       0.499960896405117      -2.846078217087912E-003
  3.624531806490254E-003  2.475793714265401E-005 -5.473765780147007E-004
 -0.390607110118199       0.499969405073022      -2.831919707362842E-003
  3.624623277784134E-003  2.184726815204635E-005 -8.977338348866242E-004
 -0.388654092307978       0.499975317768104      -2.817760865396961E-003
  3.624701321812284E-003  1.802732686877092E-005 -1.026677028056878E-003
 -0.386701055731633       0.499979093508396      -2.803601748576935E-003
  3.624763875629485E-003  1.401164837756518E-005 -1.009134618845920E-003
 -0.384748007795195       0.499981212564378      -2.789442417609768E-003
  3.624811131718652E-003  1.025172253647374E-005 -9.042976113837518E-004
 -0.382794954079487       0.499982122432116      -2.775282929554884E-003
  3.624844633939653E-003  6.997815705547775E-006 -7.562255363076328E-004
 -0.380841898532339       0.499982208459964      -2.761123333934795E-003
  3.624866602848882E-003  4.354796063218974E-006 -5.956670822400675E-004
 -0.378888843739057       0.499981782070455      -2.746963671073853E-003
  3.624879463452501E-003  2.329597580522060E-006 -4.424286709639112E-004
 -0.376935791214354       0.499981080663580      -2.732803971944751E-003
  3.624885539818445E-003  8.691236262301563E-007 -3.078415193012820E-004
 -0.374982741679643       0.499980274543480      -2.718644258942188E-003
  3.624886879250210E-003 -1.112049073075061E-007 -1.970503690875699E-004
 -0.373029695305346       0.499979477409293      -2.704484547148065E-003
  3.624885171282693E-003 -7.072366951985448E-007 -1.109763605252091E-004
 -0.371076651909357       0.499978757998759      -2.690324845777377E-003
  3.624881731617511E-003 -1.012804940349048E-006 -4.789754404593762E-005
 -0.369123611110400       0.499978151329835      -2.676165159599635E-003
  3.624877526874727E-003 -1.111867422554086E-006 -4.650016379658336E-006
 -0.367170572439819       0.499977668645698      -2.662005490216010E-003
  3.624873221782840E-003 -1.074655842449271E-006  2.251227132587747E-005
 -0.365217535417777       0.499977305648242      -2.647845837128960E-003
  3.624869235615883E-003 -9.566056947602034E-007  3.734380216164071E-005
 -0.363264499600826       0.499977048931496      -2.633686198589656E-003
  3.624865799046164E-003 -7.990665040030535E-007  4.325970164859715E-005
 -0.361311464607693       0.499976880730143      -2.619526572230951E-003
  3.624863006032361E-003 -6.310237587220718E-007  4.315648939963333E-005
 -0.359358430129452       0.499976782209574      -2.605366955512245E-003
  3.624860857943754E-003 -4.712750649599636E-007  3.935111621240309E-005
 -0.357405395929252       0.499976735569425      -2.591207346009618E-003
  3.624859298937915E-003 -3.306820665258030E-007  3.359704244236022E-005
 -0.355452361835695       0.499976725234475      -2.577047741583933E-003
  3.624858242796613E-003 -2.142625798159039E-007  2.714538332905755E-005
 -0.353499327732936       0.499976738382431      -2.562888140459894E-003
  3.624857592123282E-003 -1.229952383432204E-007  2.082770324689950E-005
 -0.351546293549660       0.499976765020388      -2.548728541242737E-003
  3.624857251145088E-003 -5.528569563943809E-008  1.514434975431435E-005
 -0.349593259248367       0.499976797779432      -2.534568942895347E-003
  3.624857133454596E-003 -8.094390030268229E-009  1.034810707627253E-005
 -0.347640224815784       0.499976831555788      -2.520409344692897E-003
  3.624857165960314E-003  2.224338489351139E-008  6.517426219716673E-006
 -0.345687190254834       0.499976863090337      -2.506249746167635E-003
  3.624857290160465E-003  3.945860935999494E-008  3.616716425210541E-006
 -0.343734155578256       0.499976890547901      -2.492090147052616E-003
  3.624857461659569E-003  4.699908213534022E-008  1.543348423199099E-006
 -0.341781120803810       0.499976913133630      -2.477930547228840E-003
  3.624857648646391E-003  4.783909292993115E-008  1.623641543508682E-007
 -0.339828085950874       0.499976930765971      -2.463770946680504E-003
  3.624857829865118E-003  4.440338190937879E-008 -6.693999097436468E-007
 -0.337875051038185       0.499976943813049      -2.449611345457616E-003
  3.624857992450374E-003  3.856788191552304E-008 -1.087787038497494E-006
 -0.335922016082508       0.499976952891019      -2.435451743647504E-003
  3.624858129865556E-003  3.170754973285794E-008 -1.212419088156444E-006
 -0.333968981097957       0.499976958718061      -2.421292141353615E-003
  3.624858240082551E-003  2.476898896476726E-008 -1.142627272792839E-006
 -0.332015946095813       0.499976962015264      -2.407132538681085E-003
  3.624858324066900E-003  1.835204471640300E-008 -9.566996581869289E-007
 -0.330062911084639       0.499976963444942      -2.392972935727464E-003
  3.624858384581407E-003  1.278989484025117E-008 -7.132254724141086E-007
 -0.328109876070584       0.499976963577335      -2.378813332577376E-003
  3.624858425288866E-003  8.221343514663882E-009 -4.536112846210411E-007
 -0.326156841057769       0.499976962877676      -2.364653729300555E-003
  3.624858450116362E-003  4.652126133010986E-009 -2.050988889690112E-007
 -0.324203806048710       0.499976961706964      -2.350494125951553E-003
  3.624858462835664E-003  2.004209187050082E-009  1.616597005463615E-008
 -0.322250771044696       0.499976960331139      -2.336334522570988E-003
  3.624858466813240E-003  1.534890876499591E-010  2.022976110370189E-007
 -0.320297736046146       0.499976958934707      -2.322174919187248E-003
  3.624858464886800E-003 -1.042872431903569E-009  3.512171547866569E-007
 -0.318344701052889       0.499976957635966      -2.308015315818714E-003
  3.624858459331034E-003 -1.727833917846326E-009  4.646448817378626E-007
 -0.316391666064398       0.499976956501981      -2.293855712476118E-003
  3.624858451881859E-003 -2.032829191844578E-009  5.465357136986323E-007
 -0.314438631079963       0.499976955562139      -2.279696109164178E-003
  3.624858443795315E-003 -2.071423020733007E-009  6.019214079195710E-007
 -0.312485596098811       0.499976954819711      -2.265536505883670E-003
  3.624858435923313E-003 -1.936791398650545E-009  6.360996111989645E-007
 -0.310532561120194       0.499976954261225      -2.251376902632577E-003
  3.624858428793805E-003 -1.701792945713849E-009  6.541072644723900E-007
 -0.308579526143436       0.499976953863692      -2.237217299407380E-003
  3.624858422687264E-003 -1.420651641874646E-009  6.604119969940760E-007
 -0.306626491167960       0.499976953599924      -2.223057696203883E-003
  3.624858417704666E-003 -1.131509867362398E-009  6.587661574277186E-007
 -0.304673456193298       0.499976953442209      -2.208898093017630E-003
  3.624858413824712E-003 -8.593190967370611E-010  6.521725426136395E-007
 -0.302720421219088       0.499976953364672      -2.194738489844597E-003
  3.624858410949699E-003 -6.187091452394930E-010  6.429237913493276E-007
 -0.300767386245062       0.499976953344618      -2.180578886680970E-003
  3.624858408940604E-003 -4.166143852659629E-010  6.326830321303477E-007
 -0.298814351271033       0.499976953363131      -2.166419283523718E-003
  3.624858407642599E-003 -2.545376771460808E-010  6.225856137400521E-007
 -0.296861316296882       0.499976953405159      -2.152259680370493E-003
  3.624858406902506E-003 -1.304072876256350E-010  6.133436782968559E-007
 -0.294908281322540       0.499976953459268      -2.138100077219281E-003
  3.624858406579788E-003 -4.003086979126960E-011  6.053465920216502E-007
 -0.292955246347976       0.499976953517201      -2.123940474068693E-003
  3.624858406552607E-003  2.181848835245643E-011  5.987482271662299E-007
 -0.291002211373189       0.499976953573360      -2.109780870917824E-003
  3.624858406720265E-003  6.063307729678271E-011  5.935416531301555E-007
 -0.289049176398191       0.499976953624269      -2.095621267766039E-003
  3.624858407003175E-003  8.166116040332623E-011  5.896175579958956E-007
 -0.287096141423009       0.499976953668070      -2.081461664613009E-003
  3.624858407341241E-003  8.960149180298378E-011  5.868103517824040E-007
 -0.285143106447670       0.499976953704086      -2.067302061458630E-003
  3.624858407691389E-003  8.845001990843263E-011  5.849304045053690E-007
 -0.283190071472206       0.499976953732446      -2.053142458302971E-003
  3.624858408024688E-003  8.145509967789176E-011  5.837876285393531E-007
 -0.281237036496644       0.499976953753790      -2.038982855146001E-003
  3.624858408323477E-003  7.114490587903615E-011  5.832052148771466E-007
 -0.279284001521012       0.499976953769036      -2.024823251987981E-003
  3.624858408578669E-003  5.939854307941093E-011  5.830285835370380E-007
 -0.277330966545331       0.499976953779217      -2.010663648828976E-003
  3.624858408787407E-003  4.753958579050260E-011  5.831281880670264E-007
 -0.275377931569617       0.499976953785367      -1.996504045669369E-003
  3.624858408951078E-003  3.643700781230932E-011  5.834006646307618E-007
 -0.273424896593886       0.499976953788445      -1.982344442509126E-003
  3.624858409073741E-003  2.660321445506214E-011  5.837664445773339E-007
 -0.271471861618148       0.499976953789291      -1.968184839348468E-003
  3.624858409160900E-003  1.828319165045210E-011  5.841676144210547E-007
 -0.269518826642409       0.499976953788610      -1.954025236187593E-003
  3.624858409218627E-003  1.153098926475425E-011  5.845637701354620E-007
 -0.267565791666676       0.499976953786971      -1.939865633026500E-003
  3.624858409252935E-003  6.272975087833342E-012  5.849293604340144E-007
 -0.265612756690949       0.499976953784809      -1.925706029865321E-003
  3.624858409269384E-003  2.357698891026667E-012  5.852495812961911E-007
 -0.263659721715232       0.499976953782448      -1.911546426704094E-003
  3.624858409272853E-003 -4.063575160973667E-013  5.855182647721406E-007
 -0.261706686739524       0.499976953780114      -1.897386823542930E-003
  3.624858409267442E-003 -2.223572668882328E-012  5.857346397740467E-007
 -0.259753651763824       0.499976953777954      -1.883227220381795E-003
  3.624858409256456E-003 -3.292485883607456E-012  5.859021593191267E-007
 -0.257800616788133       0.499976953776053      -1.869067617220659E-003
  3.624858409242458E-003 -3.794133286849976E-012  5.860261067030578E-007
 -0.255847581812448       0.499976953774446      -1.854908014059553E-003
  3.624858409227348E-003 -3.885791826678659E-012  5.861131976970564E-007
 -0.253894546836769       0.499976953773141      -1.840748410898541E-003
  3.624858409212461E-003 -3.698504242670574E-012  5.861700402663362E-007
 -0.251941511861095       0.499976953772121      -1.826588807737628E-003
  3.624858409198677E-003 -3.337532253016730E-012  5.862031625739966E-007
 -0.249988476885424       0.499976953771359      -1.812429204576688E-003
  3.624858409186505E-003 -2.883846418467753E-012  5.862184200190343E-007
 -0.248035441909756       0.499976953770815      -1.798269601415824E-003
  3.624858409176188E-003 -2.397146444395400E-012  5.862208283685008E-007
 -0.246082406934090       0.499976953770453      -1.784109998255002E-003
  3.624858409167766E-003 -1.919227910422250E-012  5.862145433032754E-007
 -0.244129371958424       0.499976953770236      -1.769950395094203E-003
  3.624858409161148E-003 -1.477329391705753E-012  5.862028713837971E-007
 -0.242176336982759       0.499976953770129      -1.755790791933425E-003
  3.624858409156157E-003 -1.087310330458534E-012  5.861883525164526E-007
 -0.240223302007095       0.499976953770103      -1.741631188772678E-003
  3.624858409152575E-003 -7.564239508115776E-013  5.861728476150800E-007
 -0.238270267031431       0.499976953770133      -1.727471585611937E-003
  3.624858409150167E-003 -4.858180773884561E-013  5.861576619091006E-007
 -0.236317232055766       0.499976953770199      -1.713311982451193E-003
  3.624858409148704E-003 -2.724902231080659E-013  5.861436301418392E-007
 -0.234364197080101       0.499976953770286      -1.699152379290479E-003
  3.624858409147971E-003 -1.108463308458117E-013  5.861312321881609E-007
 -0.232411162104435       0.499976953770381      -1.684992776129761E-003
  3.624858409147779E-003  5.918315218322062E-015  5.861206987569295E-007
 -0.230458127128770       0.499976953770477      -1.670833172969045E-003
  3.624858409147968E-003  8.525355214600710E-014  5.861120660086374E-007
 -0.228505092153103       0.499976953770567      -1.656673569808315E-003
  3.624858409148406E-003  1.344571384059834E-013  5.861052445625693E-007
 -0.226552057177437       0.499976953770648      -1.642513966647584E-003
  3.624858409148988E-003  1.602916562023096E-013  5.861000666845489E-007
 -0.224599022201770       0.499976953770719      -1.628354363486850E-003
  3.624858409149635E-003  1.687523298639030E-013  5.860963115319188E-007
 -0.222645987226103       0.499976953770777      -1.614194760326071E-003
  3.624858409150291E-003  1.649182638738042E-013  5.860937384286305E-007
 -0.220692952250436       0.499976953770824      -1.600035157165325E-003
  3.624858409150914E-003  1.529721994081834E-013  5.860921129379991E-007
 -0.218739917274769       0.499976953770860      -1.585875554004575E-003
  3.624858409151479E-003  1.361912518200351E-013  5.860912232510797E-007
 -0.216786882299101       0.499976953770887      -1.571715950843795E-003
  3.624858409151973E-003  1.170509895598199E-013  5.860908815064527E-007
 -0.214833847323434       0.499976953770905      -1.557556347683070E-003
  3.624858409152392E-003  9.736426680518433E-014  5.860909251821211E-007
 -0.212880812347766       0.499976953770918      -1.543396744522324E-003
  3.624858409152735E-003  7.840518327185701E-014  5.860912306563742E-007
 -0.210927777372099       0.499976953770926      -1.529237141361565E-003
  3.624858409153006E-003  6.100472544931505E-014  5.860916977527345E-007
 -0.208974742396431       0.499976953770930      -1.515077538200828E-003
  3.624858409153213E-003  4.559824295872206E-014  5.860922523395275E-007
 -0.207021707420763       0.499976953770931      -1.500917935040052E-003
  3.624858409153366E-003  3.244044473215102E-014  5.860928414340572E-007
 -0.205068672445096       0.499976953770929      -1.486758331879293E-003
  3.624858409153470E-003  2.156516162041446E-014  5.860934137256768E-007
 -0.203115637469428       0.499976953770927      -1.472598728718555E-003
  3.624858409153538E-003  1.289111083424821E-014  5.860939424499419E-007
 -0.201162602493760       0.499976953770924      -1.458439125557790E-003
  3.624858409153575E-003  6.130707687315599E-015  5.860944155795735E-007
 -0.199209567518092       0.499976953770920      -1.444279522397036E-003
  3.624858409153588E-003  1.113138822678057E-015  5.860948265561077E-007
 -0.197256532542425       0.499976953770916      -1.430119919236282E-003
  3.624858409153585E-003 -2.444684357610662E-015  5.860951694457055E-007
 -0.195303497566757       0.499976953770912      -1.415960316075520E-003
  3.624858409153572E-003 -4.845658958488759E-015  5.860954491383990E-007
 -0.193350462591090       0.499976953770909      -1.401800712914758E-003
  3.624858409153550E-003 -6.214379295110677E-015  5.860956694148083E-007
 -0.191397427615422       0.499976953770906      -1.387641109754009E-003
  3.624858409153526E-003 -6.825986024582092E-015  5.860958316312963E-007
 -0.189444392639754       0.499976953770903      -1.373481506593250E-003
  3.624858409153499E-003 -6.915075354646761E-015  5.860959441631932E-007
 -0.187491357664087       0.499976953770900      -1.359321903432486E-003
  3.624858409153473E-003 -6.654567717178323E-015  5.860960171573581E-007
 -0.185538322688419       0.499976953770898      -1.345162300271756E-003
  3.624858409153448E-003 -6.167941122901562E-015  5.860960554967219E-007
 -0.183585287712751       0.499976953770897      -1.331002697110997E-003
  3.624858409153425E-003 -5.576999460322780E-015  5.860960692019581E-007
 -0.181632252737084       0.499976953770896      -1.316843093950243E-003
  3.624858409153404E-003 -4.976915431977937E-015  5.860960648298125E-007
 -0.179679217761416       0.499976953770896      -1.302683490789499E-003
  3.624858409153385E-003 -4.443025158711494E-015  5.860960525826666E-007
 -0.177726182785749       0.499976953770896      -1.288523887628748E-003
  3.624858409153368E-003 -3.923038511704217E-015  5.860960431387785E-007
 -0.175773147810081       0.499976953770897      -1.274364284467979E-003
  3.624858409153354E-003 -3.436848896503484E-015  5.860960355101303E-007
 -0.173820112834413       0.499976953770897      -1.260204681307225E-003
  3.624858409153342E-003 -2.978759679612133E-015  5.860960268833917E-007
 -0.171867077858746       0.499976953770897      -1.246045078146463E-003
  3.624858409153335E-003 -2.509800329587721E-015  5.860960204876599E-007
 -0.169914042883078       0.499976953770897      -1.231885474985695E-003
  3.624858409153326E-003 -2.103943423951704E-015  5.860960159594676E-007
 -0.167961007907411       0.499976953770897      -1.217725871824931E-003
  3.624858409153317E-003 -1.708509820908552E-015  5.860960124790791E-007
 -0.166007972931743       0.499976953770896      -1.203566268664174E-003
  3.624858409153311E-003 -1.333799775314627E-015  5.860960065236153E-007
 -0.164054937956076       0.499976953770896      -1.189406665503423E-003
  3.624858409153308E-003 -1.013607147561425E-015  5.860959957233981E-007
 -0.162101902980408       0.499976953770896      -1.175247062342670E-003
  3.624858409153304E-003 -7.203370467675903E-016  5.860959819247876E-007
 -0.160148868004741       0.499976953770896      -1.161087459181923E-003
  3.624858409153301E-003 -4.881060555866730E-016  5.860959672853039E-007
 -0.158195833029073       0.499976953770896      -1.146927856021170E-003
  3.624858409153300E-003 -2.985019851531224E-016  5.860959584720060E-007
 -0.156242798053406       0.499976953770896      -1.132768252860395E-003
  3.624858409153302E-003 -1.417560744959786E-016  5.860959528144978E-007
 -0.154289763077738       0.499976953770896      -1.118608649699672E-003
  3.624858409153302E-003  2.342499829212398E-018  5.860959501094054E-007
 -0.152336728102070       0.499976953770897      -1.104449046538899E-003
  3.624858409153303E-003  1.421158927369368E-016  5.860959518731287E-007
 -0.150383693126403       0.499976953770897      -1.090289443378148E-003
  3.624858409153304E-003  2.941193998464590E-016  5.860959546483419E-007
 -0.148430658150735       0.499976953770897      -1.076129840217391E-003
  3.624858409153305E-003  4.322521116219239E-016  5.860959583040619E-007
 -0.146477623175068       0.499976953770897      -1.061970237056633E-003
  3.624858409153307E-003  6.145439655448887E-016  5.860959641902372E-007
 -0.144524588199400       0.499976953770897      -1.047810633895873E-003
  3.624858409153309E-003  8.250729281487602E-016  5.860959701730076E-007
 -0.142571553223733       0.499976953770897      -1.033651030735116E-003
  3.624858409153313E-003  1.049585131425251E-015  5.860959728896177E-007
 -0.140618518248065       0.499976953770896      -1.019491427574361E-003
  3.624858409153318E-003  1.306894047845407E-015  5.860959712668387E-007
 -0.138665483272397       0.499976953770896      -1.005331824413614E-003
  3.624858409153324E-003  1.515424795908101E-015  5.860959633830391E-007
 -0.136712448296730       0.499976953770896      -9.911722212528715E-004
  3.624858409153331E-003  1.690186074107919E-015  5.860959530565554E-007
 -0.134759413321062       0.499976953770896      -9.770126180921163E-004
  3.624858409153338E-003  1.826147299190592E-015  5.860959462143889E-007
 -0.132806378345395       0.499976953770896      -9.628530149313633E-004
  3.624858409153343E-003  1.946739741724010E-015  5.860959423228653E-007
 -0.130853343369727       0.499976953770897      -9.486934117706009E-004
  3.624858409153351E-003  2.048717821861535E-015  5.860959385022000E-007
 -0.128900308394059       0.499976953770897      -9.345338086098542E-004
  3.624858409153359E-003  2.130735769977876E-015  5.860959320002054E-007
 -0.126947273418392       0.499976953770897      -9.203742054491030E-004
  3.624858409153368E-003  2.180804506257265E-015  5.860959226892933E-007
 -0.124994238442724       0.499976953770897      -9.062146022883391E-004
  3.624858409153377E-003  2.205642818814719E-015  5.860959155169876E-007
 -0.123041203467057       0.499976953770896      -8.920549991275883E-004
  3.624858409153386E-003  2.195589109741244E-015  5.860959069574317E-007
 -0.121088168491389       0.499976953770896      -8.778953959668376E-004
  3.624858409153395E-003  2.154407511967514E-015  5.860958993312129E-007
 -0.119135133515722       0.499976953770896      -8.637357928060758E-004
  3.624858409153403E-003  2.084117848434181E-015  5.860958928905610E-007
 -0.117182098540054       0.499976953770896      -8.495761896453419E-004
  3.624858409153412E-003  2.000239819990962E-015  5.860958861183982E-007
 -0.115229063564386       0.499976953770896      -8.354165864845745E-004
  3.624858409153420E-003  1.880301355600976E-015  5.860958811801632E-007
 -0.113276028588719       0.499976953770897      -8.212569833238299E-004
  3.624858409153427E-003  1.737143195024140E-015  5.860958768860991E-007
 -0.111322993613051       0.499976953770897      -8.070973801630777E-004
  3.624858409153434E-003  1.587763758804522E-015  5.860958756262812E-007
 -0.109369958637384       0.499976953770897      -7.929377770023173E-004
  3.624858409153437E-003  1.425483241417142E-015  5.860958757640151E-007
 -0.107416923661716       0.499976953770897      -7.787781738415655E-004
  3.624858409153442E-003  1.277822525373744E-015  5.860958770442424E-007
 -0.105463888686049       0.499976953770897      -7.646185706808058E-004
  3.624858409153447E-003  1.139369076058386E-015  5.860958806895227E-007
 -0.103510853710381       0.499976953770897      -7.504589675200478E-004
  3.624858409153451E-003  1.017719974400169E-015  5.860958856900642E-007
 -0.101557818734714       0.499976953770897      -7.362993643592854E-004
  3.624858409153453E-003  9.178887528892343E-016  5.860958909860039E-007
 -9.960478375904606E-002  0.499976953770897      -7.221397611985402E-004
  3.624858409153457E-003  8.335669836380837E-016  5.860958947061345E-007
 -9.765174878337840E-002  0.499976953770897      -7.079801580377841E-004
  3.624858409153459E-003  7.602192546600749E-016  5.860958967988436E-007
 -9.569871380771082E-002  0.499976953770897      -6.938205548770242E-004
  3.624858409153462E-003  6.928489341854850E-016  5.860958968297838E-007
 -9.374567883204328E-002  0.499976953770897      -6.796609517162832E-004
  3.624858409153466E-003  6.192754083646452E-016  5.860958965647721E-007
 -9.179264385637570E-002  0.499976953770898      -6.655013485555423E-004
  3.624858409153468E-003  5.542346587574029E-016  5.860958992890245E-007
 -8.983960888070817E-002  0.499976953770898      -6.513417453947695E-004
  3.624858409153470E-003  5.123427763788165E-016  5.860959066329310E-007
 -8.788657390504058E-002  0.499976953770898      -6.371821422340173E-004
  3.624858409153472E-003  5.007736746819884E-016  5.860959158561845E-007
 -8.593353892937299E-002  0.499976953770899      -6.230225390732633E-004
  3.624858409153475E-003  5.330041944997143E-016  5.860959257067060E-007
 -8.398050395370540E-002  0.499976953770899      -6.088629359124952E-004
  3.624858409153477E-003  5.999676067427209E-016  5.860959367879747E-007
 -8.202746897803791E-002  0.499976953770898      -5.947033327517202E-004
  3.624858409153479E-003  7.105256219731416E-016  5.860959476075746E-007
 -8.007443400237034E-002  0.499976953770898      -5.805437295909616E-004
  3.624858409153481E-003  8.572456269446445E-016  5.860959551678878E-007
 -7.812139902670279E-002  0.499976953770897      -5.663841264302180E-004
  3.624858409153486E-003  1.024659876100157E-015  5.860959571916466E-007
 -7.616836405103519E-002  0.499976953770896      -5.522245232694714E-004
  3.624858409153491E-003  1.190929045596670E-015  5.860959558155615E-007
 -7.421532907536758E-002  0.499976953770896      -5.380649201087253E-004
  3.624858409153495E-003  1.342181754279712E-015  5.860959523256229E-007
 -7.226229409970002E-002  0.499976953770896      -5.239053169479755E-004
  3.624858409153501E-003  1.483787696693154E-015  5.860959489492771E-007
 -7.030925912403239E-002  0.499976953770896      -5.097457137872048E-004
  3.624858409153507E-003  1.623531205869774E-015  5.860959454908694E-007
 -6.835622414836481E-002  0.499976953770896      -4.955861106264456E-004
  3.624858409153514E-003  1.734705827043103E-015  5.860959395059672E-007
 -6.640318917269730E-002  0.499976953770895      -4.814265074656603E-004
  3.624858409153520E-003  1.816400288455330E-015  5.860959310256630E-007
 -6.445015419702974E-002  0.499976953770893      -4.672669043049043E-004
  3.624858409153527E-003  1.855170691059326E-015  5.860959159199988E-007
 -6.249711922136217E-002  0.499976953770891      -4.531073011441063E-004
  3.624858409153535E-003  1.822988008556226E-015  5.860958919818251E-007
 -6.054408424569465E-002  0.499976953770888      -4.389476979833629E-004
  3.624858409153542E-003  1.668785342457945E-015  5.860958555315557E-007
 -5.859104927002708E-002  0.499976953770884      -4.247880948225868E-004
  3.624858409153549E-003  1.347053857251281E-015  5.860958064013671E-007
 -5.663801429435956E-002  0.499976953770881      -4.106284916618294E-004
  3.624858409153554E-003  8.090929953892605E-016  5.860957444707918E-007
 -5.468497931869210E-002  0.499976953770877      -3.964688885010737E-004
  3.624858409153555E-003  1.149274556076941E-018  5.860956716892743E-007
 -5.273194434302465E-002  0.499976953770873      -3.823092853403144E-004
  3.624858409153553E-003 -1.105254149696426E-015  5.860955891361159E-007
 -5.077890936735718E-002  0.499976953770870      -3.681496821795921E-004
  3.624858409153546E-003 -2.548144158242420E-015  5.860954998824874E-007
 -4.882587439168967E-002  0.499976953770867      -3.539900790188372E-004
  3.624858409153533E-003 -4.348570844983399E-015  5.860954064019844E-007
 -4.687283941602222E-002  0.499976953770865      -3.398304758580808E-004
  3.624858409153513E-003 -6.517301132308786E-015  5.860953115887314E-007
 -4.491980444035479E-002  0.499976953770862      -3.256708726972980E-004
  3.624858409153484E-003 -9.056173287196523E-015  5.860952173275833E-007
 -4.296676946468736E-002  0.499976953770859      -3.115112695365495E-004
  3.624858409153442E-003 -1.196102331128818E-014  5.860951232270005E-007
 -4.101373448901992E-002  0.499976953770856      -2.973516663757957E-004
  3.624858409153389E-003 -1.523282522397943E-014  5.860950305308110E-007
 -3.906069951335254E-002  0.499976953770854      -2.831920632150454E-004
  3.624858409153324E-003 -1.885674468496739E-014  5.860949414329733E-007
 -3.710766453768514E-002  0.499976953770851      -2.690324600542854E-004
  3.624858409153242E-003 -2.282026393111549E-014  5.860948588762073E-007
 -3.515462956201781E-002  0.499976953770850      -2.548728568935417E-004
  3.624858409153146E-003 -2.709149743090588E-014  5.860947849251167E-007
 -3.320159458635041E-002  0.499976953770848      -2.407132537327873E-004
  3.624858409153031E-003 -3.163004894148864E-014  5.860947217059468E-007
 -3.124855961068306E-002  0.499976953770847      -2.265536505720413E-004
  3.624858409152898E-003 -3.639106717224565E-014  5.860946709955159E-007
 -2.929552463501569E-002  0.499976953770847      -2.123940474112881E-004
  3.624858409152746E-003 -4.132477972914220E-014  5.860946338362345E-007
 -2.734248965934828E-002  0.499976953770847      -1.982344442505528E-004
  3.624858409152573E-003 -4.635207588083394E-014  5.860946113347829E-007
 -2.538945468368091E-002  0.499976953770848      -1.840748410898033E-004
  3.624858409152382E-003 -5.146012167935445E-014  5.860946047682399E-007
 -2.343641970801353E-002  0.499976953770850      -1.699152379290500E-004
  3.624858409152172E-003 -5.655951052151006E-014  5.860946157439781E-007
 -2.148338473234613E-002  0.499976953770852      -1.557556347682959E-004
  3.624858409151941E-003 -6.158211859243401E-014  5.860946440932087E-007
 -1.953034975667877E-002  0.499976953770854      -1.415960316075484E-004
  3.624858409151690E-003 -6.645680544922385E-014  5.860946900145800E-007
 -1.757731478101138E-002  0.499976953770856      -1.274364284468036E-004
  3.624858409151421E-003 -7.112062767803673E-014  5.860947535085963E-007
 -1.562427980534397E-002  0.499976953770860      -1.132768252860612E-004
  3.624858409151136E-003 -7.550449420081284E-014  5.860948336287736E-007
 -1.367124482967654E-002  0.499976953770863      -9.911722212531481E-005
  3.624858409150832E-003 -7.954349550146161E-014  5.860949295077386E-007
 -1.171820985400910E-002  0.499976953770867      -8.495761896457173E-005
  3.624858409150515E-003 -8.317485880443403E-014  5.860950397919725E-007
 -9.765174878341642E-003  0.499976953770872      -7.079801580382549E-005
  3.624858409150184E-003 -8.635403365859289E-014  5.860951630312729E-007
 -7.812139902674168E-003  0.499976953770876      -5.663841264308384E-005
  3.624858409149841E-003 -8.902921943781164E-014  5.860952974514720E-007
 -5.859104927006676E-003  0.499976953770881      -4.247880948234290E-005
  3.624858409149488E-003 -9.116071661258713E-014  5.860954411681133E-007
 -3.906069951339164E-003  0.499976953770885      -2.831920632160051E-005
  3.624858409149126E-003 -9.271559836929817E-014  5.860955921217043E-007
 -1.953034975671633E-003  0.499976953770890      -1.415960316085968E-005
  3.624858409148761E-003 -9.367063248915674E-014  5.860957481247306E-007
 -4.078712675165636E-015  0.499976953770895      -1.228646260828247E-016
  3.624858409148394E-003 -9.401005676063689E-014  5.860959069065922E-007
  1.953034975663488E-003  0.499976953770900       1.415960316060930E-005
  3.624858409148027E-003 -9.372744044318663E-014  5.860960662806413E-007
  3.906069951331076E-003  0.499976953770905       2.831920632134024E-005
  3.624858409147664E-003 -9.282492984042336E-014  5.860962241551815E-007
  5.859104926998679E-003  0.499976953770910       4.247880948207547E-005
  3.624858409147304E-003 -9.131181725509182E-014  5.860963783097871E-007
  7.812139902666306E-003  0.499976953770914       5.663841264280185E-005
  3.624858409146949E-003 -8.920761877105061E-014  5.860965264966598E-007
  9.765174878333964E-003  0.499976953770919       7.079801580352800E-005
  3.624858409146605E-003 -8.653986986752292E-014  5.860966663387099E-007
  1.171820985400162E-002  0.499976953770923       8.495761896425204E-005
  3.624858409146274E-003 -8.334550594881128E-014  5.860967958757012E-007
  1.367124482966930E-002  0.499976953770927       9.911722212498231E-005
  3.624858409145956E-003 -7.966795868516949E-014  5.860969134024734E-007
  1.562427980533699E-002  0.499976953770931       1.132768252857060E-004
  3.624858409145652E-003 -7.555695362167028E-014  5.860970175996383E-007
  1.757731478100468E-002  0.499976953770935       1.274364284464428E-004
  3.624858409145365E-003 -7.106689053200656E-014  5.860971073853595E-007
  1.953034975667241E-002  0.499976953770937       1.415960316071666E-004
  3.624858409145097E-003 -6.625581502039877E-014  5.860971818622484E-007
  2.148338473234013E-002  0.499976953770940       1.557556347678914E-004
  3.624858409144848E-003 -6.118524902961820E-014  5.860972401372359E-007
  2.343641970800788E-002  0.499976953770942       1.699152379286015E-004
  3.624858409144617E-003 -5.594457862747429E-014  5.860972817698966E-007
  2.538945468367561E-002  0.499976953770943       1.840748410893272E-004
  3.624858409144408E-003 -5.054892016346848E-014  5.860973066880953E-007
  2.734248965934339E-002  0.499976953770945       1.982344442500492E-004
  3.624858409144221E-003 -4.508983955904360E-014  5.860973142178973E-007
  2.929552463501113E-002  0.499976953770945       2.123940474107873E-004
  3.624858409144056E-003 -3.963390956012024E-014  5.860973052680314E-007
  3.124855961067890E-002  0.499976953770945       2.265536505714932E-004
  3.624858409143911E-003 -3.423989599476392E-014  5.860972813129551E-007
  3.320159458634665E-002  0.499976953770945       2.407132537322046E-004
  3.624858409143788E-003 -2.897013696775336E-014  5.860972428906649E-007
  3.515462956201441E-002  0.499976953770945       2.548728568929247E-004
  3.624858409143685E-003 -2.387894458587774E-014  5.860971899196683E-007
  3.710766453768213E-002  0.499976953770944       2.690324600536550E-004
  3.624858409143600E-003 -1.902154376147804E-014  5.860971236875418E-007
  3.906069951334987E-002  0.499976953770943       2.831920632143804E-004
  3.624858409143536E-003 -1.444060874557264E-014  5.860970473381980E-007
  4.101373448901758E-002  0.499976953770941       2.973516663751086E-004
  3.624858409143489E-003 -1.017747627107739E-014  5.860969626885278E-007
  4.296676946468530E-002  0.499976953770938       3.115112695358292E-004
  3.624858409143456E-003 -6.254987954433194E-015  5.860968729293272E-007
  4.491980444035303E-002  0.499976953770936       3.256708726965434E-004
  3.624858409143439E-003 -2.692144255238051E-015  5.860967789850815E-007
  4.687283941602075E-002  0.499976953770934       3.398304758572595E-004
  3.624858409143437E-003  4.956860932308172E-016  5.860966817067185E-007
  4.882587439168840E-002  0.499976953770931       3.539900790179771E-004
  3.624858409143445E-003  3.300969045917391E-015  5.860965830029300E-007
  5.077890936735605E-002  0.499976953770928       3.681496821787140E-004
  3.624858409143463E-003  5.722068256414999E-015  5.860964857906162E-007
  5.273194434302374E-002  0.499976953770925       3.823092853394319E-004
  3.624858409143489E-003  7.770823772615642E-015  5.860963918506297E-007
  5.468497931869144E-002  0.499976953770922       3.964688885001458E-004
  3.624858409143525E-003  9.454892055017837E-015  5.860963013896137E-007
  5.663801429435911E-002  0.499976953770919       4.106284916608740E-004
  3.624858409143565E-003  1.079632846633880E-014  5.860962150128252E-007
  5.859104927002670E-002  0.499976953770916       4.247880948215752E-004
  3.624858409143608E-003  1.181756531656339E-014  5.860961364291435E-007
  6.054408424569432E-002  0.499976953770914       4.389476979822878E-004
  3.624858409143655E-003  1.254274904231087E-014  5.860960642655039E-007
  6.249711922136196E-002  0.499976953770912       4.531073011430213E-004
  3.624858409143705E-003  1.299083472798221E-014  5.860959965167755E-007
  6.445015419702953E-002  0.499976953770910       4.672669043037442E-004
  3.624858409143757E-003  1.319085673869125E-014  5.860959357870893E-007
  6.640318917269714E-002  0.499976953770908       4.814265074644510E-004
  3.624858409143807E-003  1.316891200882688E-014  5.860958829508112E-007
  6.835622414836470E-002  0.499976953770906       4.955861106251681E-004
  3.624858409143858E-003  1.295447411772131E-014  5.860958367943956E-007
  7.030925912403228E-002  0.499976953770906       5.097457137858812E-004
  3.624858409143910E-003  1.255880770595633E-014  5.860957956246302E-007
  7.226229409969988E-002  0.499976953770904       5.239053169466447E-004
  3.624858409143959E-003  1.202015461373445E-014  5.860957582765372E-007
  7.421532907536747E-002  0.499976953770902       5.380649201073508E-004
  3.624858409144004E-003  1.135338613317871E-014  5.860957290990471E-007
  7.616836405103497E-002  0.499976953770901       5.522245232680668E-004
  3.624858409144047E-003  1.058512174029649E-014  5.860957077545538E-007
  7.812139902670261E-002  0.499976953770900       5.663841264287892E-004
  3.624858409144090E-003  9.752775907191213E-015  5.860956927897089E-007
  8.007443400237027E-002  0.499976953770899       5.805437295895147E-004
  3.624858409144127E-003  8.863514598206090E-015  5.860956810674141E-007
  8.202746897803785E-002  0.499976953770898       5.947033327502340E-004
  3.624858409144160E-003  7.936002405436795E-015  5.860956730551757E-007
  8.398050395370543E-002  0.499976953770897       6.088629359109522E-004
  3.624858409144189E-003  6.983194293620986E-015  5.860956685855875E-007
  8.593353892937296E-002  0.499976953770897       6.230225390716782E-004
  3.624858409144212E-003  6.006500504188874E-015  5.860956683541798E-007
  8.788657390504047E-002  0.499976953770896       6.371821422323962E-004
  3.624858409144234E-003  5.055456653396875E-015  5.860956745683234E-007
  8.983960888070809E-002  0.499976953770896       6.513417453931210E-004
  3.624858409144253E-003  4.134301100814132E-015  5.860956840504172E-007
  9.179264385637563E-002  0.499976953770895       6.655013485538419E-004
  3.624858409144267E-003  3.256390075703501E-015  5.860956962922003E-007
  9.374567883204316E-002  0.499976953770895       6.796609517145597E-004
  3.624858409144276E-003  2.412243161272230E-015  5.860957138797655E-007
  9.569871380771074E-002  0.499976953770895       6.938205548752788E-004
  3.624858409144284E-003  1.668669732735565E-015  5.860957343700827E-007
  9.765174878337828E-002  0.499976953770895       7.079801580359840E-004
  3.624858409144288E-003  1.008797901446177E-015  5.860957568596121E-007
  9.960478375904584E-002  0.499976953770895       7.221397611967029E-004
  3.624858409144291E-003  4.360162973076891E-016  5.860957776762799E-007
  0.101557818734713       0.499976953770896       7.362993643574272E-004
  3.624858409144293E-003 -6.769121226543476E-017  5.860957951705887E-007
  0.103510853710381       0.499976953770896       7.504589675181601E-004
  3.624858409144293E-003 -5.025923403795969E-016  5.860958107786765E-007
  0.105463888686049       0.499976953770895       7.646185706788776E-004
  3.624858409144290E-003 -8.719010849027739E-016  5.860958275682908E-007
  0.107416923661716       0.499976953770895       7.787781738395955E-004
  3.624858409144286E-003 -1.176723333972913E-015  5.860958450633058E-007
  0.109369958637384       0.499976953770895       7.929377770003099E-004
  3.624858409144281E-003 -1.404305656035076E-015  5.860958626360631E-007
  0.111322993613051       0.499976953770895       8.070973801610387E-004
  3.624858409144276E-003 -1.572837982654489E-015  5.860958799947584E-007
  0.113276028588719       0.499976953770895       8.212569833217271E-004
  3.624858409144270E-003 -1.673078161489096E-015  5.860958983156845E-007
  0.115229063564386       0.499976953770896       8.354165864824469E-004
  3.624858409144263E-003 -1.708910478102250E-015  5.860959109857254E-007
  0.117182098540054       0.499976953770897       8.495761896431713E-004
  3.624858409144256E-003 -1.691803438281383E-015  5.860959212956866E-007
  0.119135133515721       0.499976953770897       8.637357928039204E-004
  3.624858409144250E-003 -1.649976133182319E-015  5.860959289950473E-007
  0.121088168491389       0.499976953770897       8.778953959646131E-004
  3.624858409144244E-003 -1.579997353228719E-015  5.860959377497775E-007
  0.123041203467057       0.499976953770897       8.920549991253342E-004
  3.624858409144238E-003 -1.474314415381389E-015  5.860959448088573E-007
  0.124994238442724       0.499976953770897       9.062146022860688E-004
  3.624858409144231E-003 -1.362008189931979E-015  5.860959525250791E-007
  0.126947273418392       0.499976953770897       9.203742054467676E-004
  3.624858409144226E-003 -1.191229732554790E-015  5.860959640023725E-007
  0.128900308394059       0.499976953770897       9.345338086074853E-004
  3.624858409144224E-003 -9.738101565871435E-016  5.860959754694369E-007
  0.130853343369727       0.499976953770897       9.486934117682080E-004
  3.624858409144221E-003 -7.161767315610013E-016  5.860959848172805E-007
  0.132806378345394       0.499976953770898       9.628530149289268E-004
  3.624858409144218E-003 -4.547426204528223E-016  5.860959908907409E-007
  0.134759413321062       0.499976953770898       9.770126180896435E-004
  3.624858409144216E-003 -1.527757590934821E-016  5.860959916227430E-007
  0.136712448296729       0.499976953770898       9.911722212503692E-004
  3.624858409144216E-003  1.537527931000586E-016  5.860959921953587E-007
  0.138665483272397       0.499976953770898       1.005331824411097E-003
  3.624858409144218E-003  4.644981203202426E-016  5.860959951398906E-007
  0.140618518248065       0.499976953770898       1.019491427571808E-003
  3.624858409144223E-003  8.041853959824183E-016  5.860959975138319E-007
  0.142571553223732       0.499976953770899       1.033651030732511E-003
  3.624858409144227E-003  1.128815681838890E-015  5.860959965797790E-007
  0.144524588199400       0.499976953770899       1.047810633893258E-003
  3.624858409144233E-003  1.444662475828997E-015  5.860959871221354E-007
  0.146477623175067       0.499976953770899       1.061970237053979E-003
  3.624858409144239E-003  1.699173659063263E-015  5.860959717084949E-007
  0.148430658150735       0.499976953770899       1.076129840214697E-003
  3.624858409144243E-003  1.921820551232358E-015  5.860959569858108E-007
  0.150383693126403       0.499976953770899       1.090289443375442E-003
  3.624858409144251E-003  2.055763954340367E-015  5.860959407395312E-007
  0.152336728102070       0.499976953770898       1.104449046536140E-003
  3.624858409144259E-003  2.143221260327690E-015  5.860959329965028E-007
  0.154289763077738       0.499976953770898       1.118608649696861E-003
  3.624858409144268E-003  2.203330399145076E-015  5.860959275387227E-007
  0.156242798053405       0.499976953770898       1.132768252857589E-003
  3.624858409144277E-003  2.247977692360806E-015  5.860959234666766E-007
  0.158195833029073       0.499976953770897       1.146927856018346E-003
  3.624858409144286E-003  2.278044173917445E-015  5.860959218526642E-007
  0.160148868004740       0.499976953770897       1.161087459179046E-003
  3.624858409144296E-003  2.326573188429928E-015  5.860959310167865E-007
  0.162101902980408       0.499976953770896       1.175247062339758E-003
  3.624858409144305E-003  2.425876658762499E-015  5.860959492887380E-007
  0.164054937956075       0.499976953770896       1.189406665500474E-003
  3.624858409144314E-003  2.591774606996010E-015  5.860959737545453E-007
  0.166007972931743       0.499976953770896       1.203566268661204E-003
  3.624858409144325E-003  2.876815228572193E-015  5.860960005970638E-007
  0.167961007907411       0.499976953770896       1.217725871821923E-003
  3.624858409144337E-003  3.261055658915138E-015  5.860960252605678E-007
  0.169914042883078       0.499976953770896       1.231885474982642E-003
  3.624858409144351E-003  3.734435285631755E-015  5.860960453572681E-007
  0.171867077858746       0.499976953770896       1.246045078143381E-003
  3.624858409144366E-003  4.261248182431686E-015  5.860960652810614E-007
  0.173820112834413       0.499976953770896       1.260204681304105E-003
  3.624858409144384E-003  4.893526478436512E-015  5.860960870746718E-007
  0.175773147810081       0.499976953770896       1.274364284464823E-003
  3.624858409144405E-003  5.601897992974965E-015  5.860961056473462E-007
  0.177726182785749       0.499976953770897       1.288523887625542E-003
  3.624858409144429E-003  6.374359283391215E-015  5.860961168272273E-007
  0.179679217761416       0.499976953770897       1.302683490786288E-003
  3.624858409144451E-003  7.181327189112219E-015  5.860961198251891E-007
  0.181632252737084       0.499976953770897       1.316843093947010E-003
  3.624858409144480E-003  7.988785799612371E-015  5.860961221941332E-007
  0.183585287712751       0.499976953770898       1.331002697107697E-003
  3.624858409144513E-003  8.793541639033951E-015  5.860961171359798E-007
  0.185538322688419       0.499976953770901       1.345162300268423E-003
  3.624858409144549E-003  9.540320874947133E-015  5.860960894727140E-007
  0.187491357664086       0.499976953770903       1.359321903429149E-003
  3.624858409144589E-003  1.011869945213382E-014  5.860960248819412E-007
  0.189444392639754       0.499976953770906       1.373481506589886E-003
  3.624858409144630E-003  1.035585264379204E-014  5.860959186713393E-007
  0.191397427615422       0.499976953770909       1.387641109750636E-003
  3.624858409144669E-003  1.010634560086104E-014  5.860957713773981E-007
  0.193350462591089       0.499976953770911       1.401800712911353E-003
  3.624858409144708E-003  9.195910503312932E-015  5.860955835432871E-007
  0.195303497566757       0.499976953770915       1.415960316072075E-003
  3.624858409144739E-003  7.435593678135348E-015  5.860953510969681E-007
  0.197256532542424       0.499976953770918       1.430119919232810E-003
  3.624858409144763E-003  4.694652026243228E-015  5.860950647181625E-007
  0.199209567518092       0.499976953770921       1.444279522393528E-003
  3.624858409144773E-003  7.177182839745970E-016  5.860947166677931E-007
  0.201162602493760       0.499976953770925       1.458439125554248E-003
  3.624858409144765E-003 -4.753922223786293E-015  5.860943000067285E-007
  0.203115637469427       0.499976953770928       1.472598728714977E-003
  3.624858409144734E-003 -1.198538944232893E-014  5.860938234519074E-007
  0.205068672445095       0.499976953770930       1.486758331875716E-003
  3.624858409144670E-003 -2.116863409755569E-014  5.860932970821776E-007
  0.207021707420763       0.499976953770931       1.500917935036411E-003
  3.624858409144567E-003 -3.248316876012421E-014  5.860927314067560E-007
  0.208974742396431       0.499976953770930       1.515077538197130E-003
  3.624858409144414E-003 -4.606068266111556E-014  5.860921468316017E-007
  0.210927777372098       0.499976953770927       1.529237141357851E-003
  3.624858409144206E-003 -6.192077645823120E-014  5.860915896462602E-007
  0.212880812347766       0.499976953770919       1.543396744518587E-003
  3.624858409143930E-003 -7.977793944473289E-014  5.860911172471742E-007
  0.214833847323433       0.499976953770906       1.557556347679292E-003
  3.624858409143580E-003 -9.917264141790447E-014  5.860908173306920E-007
  0.216786882299101       0.499976953770886       1.571715950840011E-003
  3.624858409143153E-003 -1.192407543699911E-013  5.860907913286890E-007
  0.218739917274768       0.499976953770858       1.585875554000735E-003
  3.624858409142649E-003 -1.386982978356731E-013  5.860911709639107E-007
  0.220692952250436       0.499976953770821       1.600035157161439E-003
  3.624858409142073E-003 -1.555980132111628E-013  5.860921127826698E-007
  0.222645987226103       0.499976953770775       1.614194760322127E-003
  3.624858409141439E-003 -1.674199266209931E-013  5.860937989078548E-007
  0.224599022201770       0.499976953770717       1.628354363482833E-003
  3.624858409140775E-003 -1.708904797502922E-013  5.860964281561425E-007
  0.226552057177437       0.499976953770648       1.642513966643537E-003
  3.624858409140123E-003 -1.619274174563148E-013  5.861002281161662E-007
  0.228505092153103       0.499976953770568       1.656673569804217E-003
  3.624858409139536E-003 -1.354040702699741E-013  5.861054337288815E-007
  0.230458127128769       0.499976953770479       1.670833172964916E-003
  3.624858409139096E-003 -8.547009074439560E-014  5.861122482648728E-007
  0.232411162104435       0.499976953770384       1.684992776125617E-003
  3.624858409138908E-003 -5.475183744485551E-015  5.861208466134410E-007
  0.234364197080100       0.499976953770290       1.699152379286312E-003
  3.624858409139102E-003  1.118196373675014E-013  5.861313309732095E-007
  0.236317232055765       0.499976953770203       1.713311982447015E-003
  3.624858409139840E-003  2.736765718468571E-013  5.861436660384077E-007
  0.238270267031430       0.499976953770137       1.727471585607735E-003
  3.624858409141307E-003  4.870350740891252E-013  5.861576447731945E-007
  0.240223302007095       0.499976953770106       1.741631188768451E-003
  3.624858409143718E-003  7.574861661632372E-013  5.861727908881343E-007
  0.242176336982759       0.499976953770131       1.755790791929161E-003
  3.624858409147306E-003  1.088112002922480E-012  5.861882715124397E-007
  0.244129371958424       0.499976953770237       1.769950395089896E-003
  3.624858409152299E-003  1.477812554219438E-012  5.862027835045528E-007
  0.246082406934089       0.499976953770454       1.784109998250657E-003
  3.624858409158920E-003  1.919374454768496E-012  5.862144607651021E-007
  0.248035441909756       0.499976953770815       1.798269601411450E-003
  3.624858409167342E-003  2.396996515045171E-012  5.862207608494896E-007
  0.249988476885424       0.499976953771358       1.812429204572278E-003
  3.624858409177658E-003  2.883451245658712E-012  5.862183747700254E-007
  0.251941511861094       0.499976953772121       1.826588807733141E-003
  3.624858409189827E-003  3.337026241114676E-012  5.862031492662262E-007
  0.253894546836769       0.499976953773141       1.840748410894059E-003
  3.624858409203610E-003  3.698003313719765E-012  5.861700494779128E-007
  0.255847581812447       0.499976953774447       1.854908014054988E-003
  3.624858409218494E-003  3.885363794360726E-012  5.861132283652666E-007
  0.257800616788132       0.499976953776055       1.869067617216055E-003
  3.624858409233604E-003  3.793850359982674E-012  5.860261476329893E-007
  0.259753651763823       0.499976953777958       1.883227220377175E-003
  3.624858409247602E-003  3.292344939563983E-012  5.859021883062345E-007
  0.261706686739522       0.499976953780119       1.897386823538228E-003
  3.624858409258588E-003  2.223464359620728E-012  5.857346298168916E-007
  0.263659721715231       0.499976953782453       1.911546426699479E-003
  3.624858409263999E-003  4.060880272771210E-013  5.855181894541131E-007
  0.265612756690948       0.499976953784813       1.925706029860623E-003
  3.624858409260527E-003 -2.358357335130982E-012  5.852494614845072E-007
  0.267565791666675       0.499976953786974       1.939865633021783E-003
  3.624858409244074E-003 -6.274161916864201E-012  5.849292087514647E-007
  0.269518826642408       0.499976953788613       1.954025236182810E-003
  3.624858409209760E-003 -1.153279457921635E-011  5.845636069280931E-007
  0.271471861618146       0.499976953789293       1.968184839343692E-003
  3.624858409152025E-003 -1.828562915148658E-011  5.841674543537020E-007
  0.273424896593885       0.499976953788447       1.982344442504265E-003
  3.624858409064854E-003 -2.660623355318994E-011  5.837663142368184E-007
  0.275377931569616       0.499976953785369       1.996504045664445E-003
  3.624858408942180E-003 -3.644045834247039E-011  5.834005685845901E-007
  0.277330966545329       0.499976953779218       2.010663648824074E-003
  3.624858408778495E-003 -4.754336046147650E-011  5.831281203381894E-007
  0.279284001521010       0.499976953769037       2.024823251982981E-003
  3.624858408569743E-003 -5.940248273615672E-011  5.830285597375486E-007
  0.281237036496643       0.499976953753792       2.038982855140966E-003
  3.624858408314535E-003 -7.114887283567833E-011  5.832052266611224E-007
  0.283190071472204       0.499976953732448       2.053142458297875E-003
  3.624858408015732E-003 -8.145896211580424E-011  5.837876676016782E-007
  0.285143106447668       0.499976953704088       2.067302061453522E-003
  3.624858407682418E-003 -8.845369111998045E-011  5.849304615867320E-007
  0.287096141423007       0.499976953668072       2.081461664607836E-003
  3.624858407332256E-003 -8.960490999787409E-011  5.868104230602574E-007
  0.289049176398190       0.499976953624271       2.095621267760837E-003
  3.624858406994178E-003 -8.166429812221709E-011  5.896176310259824E-007
  0.291002211373188       0.499976953573362       2.109780870912604E-003
  3.624858406711258E-003 -6.063592084129179E-011  5.935417243791991E-007
  0.292955246347975       0.499976953517203       2.123940474063420E-003
  3.624858406543589E-003 -2.182102797891299E-011  5.987483096394366E-007
  0.294908281322538       0.499976953459269       2.138100077213957E-003
  3.624858406570760E-003  4.002870534564081E-011  6.053466959481259E-007
  0.296861316296881       0.499976953405160       2.152259680365126E-003
  3.624858406893472E-003  1.304055577532172E-010  6.133438038654901E-007
  0.298814351271032       0.499976953363131       2.166419283518351E-003
  3.624858407633559E-003  2.545364821261577E-010  6.225857628997355E-007
  0.300767386245060       0.499976953344619       2.180578886675499E-003
  3.624858408931561E-003  4.166138502178509E-010  6.326832204219957E-007
  0.302720421219087       0.499976953364675       2.194738489839045E-003
  3.624858410940655E-003  6.187094034830091E-010  6.429240007722277E-007
  0.304673456193297       0.499976953442213       2.208898093012122E-003
  3.624858413815673E-003  8.593201284664239E-010  6.521727251233166E-007
  0.306626491167958       0.499976953599928       2.223057696198323E-003
  3.624858417695632E-003  1.131511531927169E-009  6.587662985645193E-007
  0.308579526143434       0.499976953863696       2.237217299401827E-003
  3.624858422678237E-003  1.420653759474927E-009  6.604120809356558E-007
  0.310532561120193       0.499976954261229       2.251376902626970E-003
  3.624858428784788E-003  1.701795265381001E-009  6.541072811293706E-007
  0.312485596098810       0.499976954819716       2.265536505878057E-003
  3.624858435914306E-003  1.936793640797406E-009  6.360995525094118E-007
  0.314438631079962       0.499976955562142       2.279696109158566E-003
  3.624858443786317E-003  2.071424908318896E-009  6.019212880359084E-007
  0.316391666064397       0.499976956501983       2.293855712470445E-003
  3.624858451872868E-003  2.032830573130267E-009  5.465355754196283E-007
  0.318344701052888       0.499976957635967       2.308015315813014E-003
  3.624858459322047E-003  1.727834770073264E-009  4.646447546950025E-007
  0.320297736046145       0.499976958934708       2.322174919181469E-003
  3.624858464877817E-003  1.042872845917113E-009  3.512170573576045E-007
  0.322250771044695       0.499976960331141       2.336334522565171E-003
  3.624858466804255E-003 -1.534890289384549E-010  2.022975270589832E-007
  0.324203806048709       0.499976961706966       2.350494125945736E-003
  3.624858462826679E-003 -2.004209491062852E-009  1.616587928747376E-008
  0.326156841057768       0.499976962877678       2.364653729294695E-003
  3.624858450107375E-003 -4.652126793177506E-009 -2.050989779097325E-007
  0.328109876070582       0.499976963577337       2.378813332571470E-003
  3.624858425279878E-003 -8.221344509675133E-009 -4.536113644349868E-007
  0.330062911084638       0.499976963444945       2.392972935721516E-003
  3.624858384572415E-003 -1.278989613111772E-008 -7.132255441959816E-007
  0.332015946095812       0.499976962015266       2.407132538675152E-003
  3.624858324057902E-003 -1.835204629286134E-008 -9.566997308326427E-007
  0.333968981097955       0.499976958718063       2.421292141347577E-003
  3.624858240073545E-003 -2.476899076395570E-008 -1.142627316103355E-006
  0.335922016082506       0.499976952891021       2.435451743641443E-003
  3.624858129856543E-003 -3.170755165089919E-008 -1.212419104385852E-006
  0.337875051038183       0.499976943813051       2.449611345451506E-003
  3.624857992441355E-003 -3.856788384496142E-008 -1.087787036289385E-006
  0.339828085950872       0.499976930765973       2.463770946674371E-003
  3.624857829856090E-003 -4.440338382383261E-008 -6.693999087376440E-007
  0.341781120803810       0.499976913133632       2.477930547222686E-003
  3.624857648637356E-003 -4.783909486480528E-008  1.623641417948637E-007
  0.343734155578255       0.499976890547903       2.492090147046397E-003
  3.624857461650528E-003 -4.699908412966716E-008  1.543348404505970E-006
  0.345687190254833       0.499976863090338       2.506249746161386E-003
  3.624857290151417E-003 -3.945861143306330E-008  3.616716392585229E-006
  0.347640224815784       0.499976831555789       2.520409344686576E-003
  3.624857165951258E-003 -2.224338715690916E-008  6.517426164333566E-006
  0.349593259248367       0.499976797779435       2.534568942888984E-003
  3.624857133445530E-003  8.094387479100033E-009  1.034810697984256E-005
  0.351546293549660       0.499976765020391       2.548728541236359E-003
  3.624857251136010E-003  5.528569257824582E-008  1.514434959430307E-005
  0.353499327732936       0.499976738382433       2.562888140453493E-003
  3.624857592114188E-003  1.229952345360713E-007  2.082770302414706E-005
  0.355452361835695       0.499976725234476       2.577047741577513E-003
  3.624858242787503E-003  2.142625750768158E-007  2.714538307816479E-005
  0.357405395929252       0.499976735569425       2.591207346003088E-003
  3.624859298928786E-003  3.306820608305550E-007  3.359704220809172E-005
  0.359358430129452       0.499976782209573       2.605366955505680E-003
  3.624860857934602E-003  4.712750583695208E-007  3.935111599884100E-005
  0.361311464607693       0.499976880730141       2.619526572224372E-003
  3.624863006023183E-003  6.310237513849097E-007  4.315648923211615E-005
  0.363264499600826       0.499977048931491       2.633686198583028E-003
  3.624865799036956E-003  7.990664961788340E-007  4.325970157706274E-005
  0.365217535417777       0.499977305648237       2.647845837122188E-003
  3.624869235606643E-003  9.566056869188448E-007  3.734380223367413E-005
  0.367170572439819       0.499977668645694       2.662005490209127E-003
  3.624873221773570E-003  1.074655835163629E-006  2.251227152957982E-005
  0.369123611110400       0.499978151329833       2.676165159592766E-003
  3.624877526865430E-003  1.111867416229626E-006 -4.650016096709439E-006
  0.371076651909356       0.499978757998759       2.690324845770375E-003
  3.624881731608191E-003  1.012804935234141E-006 -4.789754371117256E-005
  0.373029695305345       0.499979477409295       2.704484547141083E-003
  3.624885171273356E-003  7.072366914247183E-007 -1.109763601853012E-004
  0.374982741679642       0.499980274543483       2.718644258935177E-003
  3.624886879240877E-003  1.112049047905719E-007 -1.970503687781856E-004
  0.376935791214353       0.499981080663583       2.732803971937697E-003
  3.624885539809104E-003 -8.691236276174240E-007 -3.078415190345059E-004
  0.378888843739056       0.499981782070458       2.746963671066779E-003
  3.624879463443156E-003 -2.329597580960927E-006 -4.424286707369647E-004
  0.380841898532339       0.499982208459967       2.761123333927649E-003
  3.624866602839537E-003 -4.354796062835743E-006 -5.956670820568932E-004
  0.382794954079486       0.499982122432120       2.775282929547749E-003
  3.624844633930310E-003 -6.997815704568471E-006 -7.562255361893231E-004
  0.384748007795194       0.499981212564382       2.789442417602555E-003
  3.624811131709316E-003 -1.025172253513678E-005 -9.042976113248513E-004
  0.386701055731632       0.499979093508400       2.803601748569761E-003
  3.624763875620154E-003 -1.401164837611689E-005 -1.009134618846216E-003
  0.388654092307977       0.499975317768107       2.817760865389704E-003
  3.624701321802958E-003 -1.802732686742275E-005 -1.026677028103026E-003
  0.390607110118197       0.499969405073025       2.831919707355539E-003
  3.624623277774815E-003 -2.184726815097215E-005 -8.977338349849671E-004
  0.392560099899277       0.499960896405120       2.846078217080601E-003
  3.624531806480937E-003 -2.475793714209476E-005 -5.473765781882991E-004
  0.394513050771310       0.499949440503583       2.860236351462389E-003
  3.624432367791914E-003 -2.572439468296117E-005  1.135288243588365E-004
  0.396465950891805       0.499934920668954       2.874394097536560E-003
  3.624335172542803E-003 -2.334300992142000E-005  1.183449500730989E-003
  0.398418788695020       0.499917628382324       2.888551493921330E-003
  3.624256672883132E-003 -1.582209182810102E-005  2.760497567150936E-003
  0.400371554907014       0.499898486959943       2.902708658120850E-003
  3.624221038950731E-003 -1.012493020132784E-006  4.926239967045699E-003
  0.402324245528725       0.499879322347823       2.916865819183253E-003
  3.624261372563217E-003  2.348296820902703E-005  7.721246321724698E-003
  0.404276865950229       0.499863168293043       2.931023353998414E-003
  3.624420282761443E-003  6.008578807366390E-005  1.111079096008024E-002
  0.406229436282695       0.499854578565133       2.945181823770158E-003
  3.624749298511403E-003  1.108630532174392E-004  1.493969692058378E-002
  0.408181997850498       0.499859898845107       2.959342004828927E-003
  3.625306429629158E-003  1.769510749471076E-004  1.887645858297033E-002
  0.410134620552122       0.499887424946151       2.973504904939642E-003
  3.626151025836868E-003  2.577427676292895E-004  2.234871595930563E-002
  0.412087410452085       0.499947342518517       2.987671752673020E-003
  3.627334955618482E-003  3.498136449429955E-004  2.447509965592679E-002
  0.414040516488070       0.500051307884738       3.001843943451453E-003
  3.628889076437581E-003  4.455886128455988E-004  2.400262361332908E-002
  0.415994134558084       0.500211493540683       3.016022921986878E-003
  3.630804059529011E-003  5.317978871231280E-004  1.926430500565589E-002
  0.417948506499946       0.500438891078898       3.030209977696268E-003
  3.633004949832765E-003  5.878406424840236E-004  8.178523121241539E-003
  0.419903910627606       0.500740648101991       3.044405928400128E-003
  3.635319488635166E-003  5.842741904259467E-004 -1.168047297992377E-002
  0.421860639627154       0.501116227421015       3.058610669691140E-003
  3.637441322822042E-003  4.817776261801553E-004 -4.290318592578960E-002
  0.423818960882496       0.501552234412332       3.072822574806588E-003
  3.638890895657308E-003  2.311014593100565E-004 -8.791137459723918E-002
  0.425779053918397       0.502015884475048       3.087037745124303E-003
  3.638979172037829E-003 -2.252978491121372E-004 -0.148420399818234     
  0.427740919935430       0.502447303723667       3.101249137362955E-003
  3.636782465799684E-003 -9.490431946321385E-004 -0.224648162733228     
  0.429704259794627       0.502751201017301       3.115445633167910E-003
  3.631140490758387E-003 -1.997970644989784E-003 -0.314231704715026     
  0.431668319826834       0.502788945008898       3.129611172623977E-003
  3.620694186872485E-003 -3.413431307460805E-003 -0.410837446080983     
  0.433631710121621       0.502372744791868       3.143724146948756E-003
  3.603984490368288E-003 -5.201607251995372E-003 -0.502496632218122     
  0.435592208164333       0.501264467950565       3.157757336637195E-003
  3.579637317544204E-003 -7.307943363661170E-003 -0.569770559476421     
  0.437546572456885       0.499182605425880       3.171678785623720E-003
  3.546662493842776E-003 -9.584402424223397E-003 -0.583957136506618     
  0.439490406492707       0.495821930253348       3.185454110152876E-003
  3.504893543582308E-003 -1.175034906285535E-002 -0.505696329418959     
  0.441418133138565       0.490891348994212       3.199050836060803E-003
  3.455588931741646E-003 -1.334961616054432E-002 -0.284518413485025     
  0.443323162333501       0.484176069211451       3.212445413191800E-003
  3.402200679867592E-003 -1.370885498966453E-002  0.139899597610407     
  0.445198359110773       0.475630145064181       3.225633531694202E-003
  3.351289904318114E-003 -1.190572780494169E-002  0.833763462022582     
  0.447036940683440       0.465504221084712       3.238644209163360E-003
  3.313527116456439E-003 -6.759887320537888E-003   1.86124341291883     
  0.448833944894779       0.454510233125715       3.251557763284529E-003
  3.304654671098009E-003  3.135143754375287E-003   3.27121224341303     
  0.450588409154367       0.444019179139092       3.264527153409796E-003
  3.346207180381813E-003  1.931553263116900E-002   5.07722819052884     
  0.452306367327881       0.436278999376171       3.277801182707566E-003
  3.465682927859494E-003  4.325733017101210E-002   7.22959441431170     
  0.454004696921276       0.434626296445033       3.291746623274095E-003
  3.695739223650173E-003  7.606103926836587E-002   9.57897706194136     
  0.455715712481071       0.443647486599774       3.306864409637354E-003
  4.071857386984907E-003  0.117978467972719        11.8323007565880     
  0.457492184145563       0.469221907459026       3.323792647401356E-003
  4.627807758138718E-003  0.167756249657946        13.5036647500556     
  0.459412144668124       0.518352211458791       3.343286406551861E-003
  5.388172973614848E-003  0.221786657416524        13.8660328791178     
  0.461582421630720       0.598658265920485       3.366161366385201E-003
  6.357204815371894E-003  0.273086529654599        11.9135988436863     
  0.464139294077879       0.717384041301610       3.393185817678430E-003
  7.503459629947142E-003  0.310173838221913        6.35005756596824     
  0.467244046465992       0.879749671058139       3.424904056588569E-003
  8.740060731099706E-003  0.315983050242495       -4.37563893431449     
  0.471070533943504        1.08648359425218       3.461374920856757E-003
  9.901169597510534E-003  0.267058106803637       -21.9575897406549     
  0.475781287035596        1.33040710990812       3.501813613203075E-003
  1.071641470095116E-002  0.133385889936137       -48.0104479373841     
  0.481488341915133        1.59203469737224       3.544134916432858E-003
  1.078672330706390E-002 -0.120621271601341       -83.6969318975862     
  0.488195137160236        1.83432069364982       3.584413636775156E-003
  9.567290298040973E-003 -0.533330970398664       -129.166435457677     
  0.495716814662077        1.99695088794344       3.616305943750483E-003
  6.366290323776194E-003  -1.14048189465532       -182.774184419590     
  0.503578540693791        1.99096917905069       3.630515276575860E-003
  3.712620996627297E-004  -1.96627540436502       -240.071359368830     
  0.510895539514054        1.69505988407416       3.614439854738777E-003
 -9.281460569868406E-003  -3.01011410815175       -292.595656149887     
  0.516244953005686       0.955474051875904       3.552204971152710E-003
 -2.337593101869282E-002  -4.22836362035912       -326.554863132699     
  0.517548893502508      -0.407637906541294       3.425358522758283E-003
 -4.240453032057698E-002  -5.51104613406865       -321.588839754389     
  0.512000424913634       -2.58392223842280       3.214584361615558E-003
 -6.625616835108135E-002  -6.65433419845822       -249.921630910058     
  0.496079546016965       -5.74229389179037       2.902850214115872E-003
 -9.379240422354111E-002  -7.33123258573578       -76.3751617817654     
  0.465723688188031       -9.98159183979097       2.480431776257370E-003
 -0.122312529742076       -7.06503423491518        240.098353491091     
  0.416734791835919       -15.2581738220503       1.952208514840514E-003
 -0.146932082252345       -5.21308233747824        742.515218050412     
  0.345519133891712       -21.2877089065222       1.347464769577553E-003
 -0.159935613958327      -0.972030641123137        1468.57512951750     
  0.250261130177520       -27.4216675668406       7.320963718711877E-004
 -0.150216290264259        6.58004421662646        2438.89681011719     
  0.132620235754788       -32.5046669416685       2.225552759142213E-004
 -0.102983136707831        18.3851475682756        3639.76797403833     
  9.875975561107289E-017  -34.7276007042660       0.000000000000000E+000
  0.000000000000000E+000   35.2276403371688        4999.77602938757     
