   1.00000000000000        1.00000000000000        1.00000000000000     
   1.00000000000000        1.00000000000000        1.00000000000000     
   1.00000000000000        1.00000000000000        1.00000000000000     
   1.00000000000000        1.00000000000000        1.00000000000000     
   1.00000000000000        1.00000000000000        1.00000000000000     
   1.00000000000000        1.00000000000000        1.00000000000000     
   1.00000000000000        1.00000000000000        1.00000000000000     
   1.00000000000000        1.00000000000000        1.00000000000000     
   1.00000000000000        1.00000000000000        1.00000000000000     
   1.00000000000000        1.00000000000000        1.00000000000000     
   1.00000000000000        1.00000000000000        1.00000000000000     
   1.00000000000000        1.00000000000000        1.00000000000000     
   1.00000000000000        1.00000000000000        1.00000000000000     
   1.00000000000000        1.00000000000000        1.00000000000000     
   1.00000000000000        1.00000000000000        1.00000000000000     
   1.00000000000000        1.00000000000000        1.00000000000000     
   1.00000000000000        1.00000000000000        1.00000000000000     
   1.00000000000000        1.00000000000000        1.00000000000000     
   1.00000000000000        1.00000000000000        1.00000000000000     
   1.00000000000000        1.00000000000000        1.00000000000000     
   1.00000000000000        1.00000000000000        1.00000000000000     
   1.00000000000000        1.00000000000000        1.00000000000000     
   1.00000000000000        1.00000000000000        1.00000000000000     
   1.00000000000000        1.00000000000000        1.00000000000000     
   1.00000000000000        1.00000000000000        1.00000000000000     
   1.00000000000000        1.00000000000000        1.00000000000000     
   1.00000000000000        1.00000000000000        1.00000000000000     
   1.00000000000000        1.00000000000000        1.00000000000000     
   1.00000000000000        1.00000000000000        1.00000000000000     
   1.00000000000000        1.00000000000000        1.00000000000000     
   1.00000000000000        1.00000000000000        1.00000000000000     
   1.00000000000000        1.00000000000000        1.00000000000000     
   1.00000000000000        1.00000000000000        1.00000000000000     
   1.00000000000000        1.00000000000000        1.00000000000000     
   1.00000000000000        1.00000000000000        1.00000000000000     
   1.00000000000000        1.00000000000000        1.00000000000000     
   1.00000000000000        1.00000000000000        1.00000000000000     
   1.00000000000000        1.00000000000000        1.00000000000000     
   1.00000000000000        1.00000000000000        1.00000000000000     
   1.00000000000000        1.00000000000000        1.00000000000000     
   1.00000000000000        1.00000000000000        1.00000000000000     
   1.00000000000000        1.00000000000000        1.00000000000000     
   1.00000000000000        1.00000000000000        1.00000000000000     
   1.00000000000000        1.00000000000000        1.00000000000000     
   1.00000000000000        1.00000000000000        1.00000000000000     
   1.00000000000000        1.00000000000000        1.00000000000000     
   1.00000000000000        1.00000000000000        1.00000000000000     
   1.00000000000000        1.00000000000000        1.00000000000000     
   1.00000000000000        1.00000000000000        1.00000000000000     
   1.00000000000000        1.00000000000000        1.00000000000000     
   1.00000000000000        1.00000000000000        1.00000000000000     
   1.00000000000000        1.00000000000000        1.00000000000000     
   1.00000000000000        1.00000000000000        1.00000000000000     
   1.00000000000000        1.00000000000000        1.00000000000000     
   1.00000000000000        1.00000000000000        1.00000000000000     
   1.00000000000000        1.00000000000000        1.00000000000000     
   1.00000000000000        1.00000000000000        1.00000000000000     
   1.00000000000000        1.00000000000000        1.00000000000000     
   1.00000000000000        1.00000000000000        1.00000000000000     
   1.00000000000000        1.00000000000000        1.00000000000000     
   1.00000000000000        1.00000000000000        1.00000000000000     
   1.00000000000000        1.00000000000000        1.00000000000000     
   1.00000000000000        1.00000000000000        1.00000000000000     
   1.00000000000000        1.00000000000000        1.00000000000000     
   1.00000000000000        1.00000000000000        1.00000000000000     
   1.00000000000000        1.00000000000000        1.00000000000000     
   1.00000000000000        1.00000000000000        1.00000000000000     
   1.00000000000000        1.00000000000000        1.00000000000000     
   1.00000000000000        1.00000000000000        1.00000000000000     
   1.00000000000000        1.00000000000000        1.00000000000000     
   1.00000000000000        1.00000000000000        1.00000000000000     
   1.00000000000000        1.00000000000000        1.00000000000000     
   1.00000000000000        1.00000000000000        1.00000000000000     
   1.00000000000000        1.00000000000000        1.00000000000000     
   1.00000000000000        1.00000000000000        1.00000000000000     
   1.00000000000000        1.00000000000000        1.00000000000000     
   1.00000000000000        1.00000000000000        1.00000000000000     
   1.00000000000000        1.00000000000000        1.00000000000000     
   1.00000000000000        1.00000000000000        1.00000000000000     
   1.00000000000000        1.00000000000000        1.00000000000000     
   1.00000000000000        1.00000000000000        1.00000000000000     
   1.00000000000000        1.00000000000000        1.00000000000000     
   1.00000000000000        1.00000000000000        1.00000000000000     
   1.00000000000000        1.00000000000000        1.00000000000000     
   1.00000000000000        1.00000000000000        1.00000000000000     
   1.00000000000000        1.00000000000000        1.00000000000000     
   1.00000000000000        1.00000000000000        1.00000000000000     
   1.00000000000000        1.00000000000000        1.00000000000000     
   1.00000000000000        1.00000000000000        1.00000000000000     
   1.00000000000000        1.00000000000000        1.00000000000000     
   1.00000000000000        1.00000000000000        1.00000000000000     
   1.00000000000000        1.00000000000000        1.00000000000000     
   1.00000000000000        1.00000000000000        1.00000000000000     
   1.00000000000000        1.00000000000000        1.00000000000000     
   1.00000000000000        1.00000000000000        1.00000000000000     
   1.00000000000000        1.00000000000000        1.00000000000000     
   1.00000000000000        1.00000000000000        1.00000000000000     
   1.00000000000000        1.00000000000000        1.00000000000000     
   1.00000000000000        1.00000000000000        1.00000000000000     
   1.00000000000000        1.00000000000000        1.00000000000000     
   1.00000000000000        1.00000000000000        1.00000000000000     
   1.00000000000000        1.00000000000000        1.00000000000000     
   1.00000000000000        1.00000000000000        1.00000000000000     
   1.00000000000000        1.00000000000000        1.00000000000000     
   1.00000000000000        1.00000000000000        1.00000000000000     
   1.00000000000000        1.00000000000000        1.00000000000000     
   1.00000000000000        1.00000000000000        1.00000000000000     
   1.00000000000000        1.00000000000000        1.00000000000000     
   1.00000000000000        1.00000000000000        1.00000000000000     
   1.00000000000000        1.00000000000000        1.00000000000000     
   1.00000000000000        1.00000000000000        1.00000000000000     
   1.00000000000000        1.00000000000000        1.00000000000000     
   1.00000000000000        1.00000000000000        1.00000000000000     
   1.00000000000000        1.00000000000000        1.00000000000000     
   1.00000000000000        1.00000000000000        1.00000000000000     
   1.00000000000000        1.00000000000000        1.00000000000000     
   1.00000000000000        1.00000000000000        1.00000000000000     
   1.00000000000000        1.00000000000000        1.00000000000000     
   1.00000000000000        1.00000000000000        1.00000000000000     
   1.00000000000000        1.00000000000000        1.00000000000000     
   1.00000000000000        1.00000000000000        1.00000000000000     
   1.00000000000000        1.00000000000000        1.00000000000000     
   1.00000000000000        1.00000000000000        1.00000000000000     
   1.00000000000000        1.00000000000000        1.00000000000000     
   1.00000000000000        1.00000000000000        1.00000000000000     
   1.00000000000000        1.00000000000000        1.00000000000000     
   1.00000000000000        1.00000000000000        1.00000000000000     
   1.00000000000000        1.00000000000000        1.00000000000000     
   1.00000000000000        1.00000000000000        1.00000000000000     
   1.00000000000000        1.00000000000000        1.00000000000000     
   1.00000000000000        1.00000000000000        1.00000000000000     
   1.00000000000000        1.00000000000000        1.00000000000000     
   1.00000000000000        1.00000000000000        1.00000000000000     
   1.00000000000000        1.00000000000000       0.999999999999999     
