 ERR MEANS RELATIVE ERROR
 ********************************************
 TEST OF THE VALUES OF THE UNSCALED FUNCTIONS
 ********************************************
   X   A        ERR(KIA)        ERR(KIAP)        ERR(LIA)        ERR(LIAP)
   1  150 0.155431223D-14  0.111022302D-13  0.721644966D-14  0.333066907D-14
   2  140 0.111022302D-15  0.544009282D-14  0.222044605D-15  0.111022302D-14
   4  130 0.111022302D-14  0.488498131D-14  0.133226763D-14  0.321964677D-14
   6  120 0.250910404D-13  0.888178420D-15  0.577315973D-14  0.244249065D-14
   8  110 0.247579734D-13  0.164313008D-13  0.355271368D-14  0.843769499D-14
  10  100 0.233146835D-14  0.208721929D-13  0.111022302D-14  0.455191440D-14
  20   90 0.921485110D-14  0.810462808D-14  0.555111512D-15  0.167643677D-13
  30   80 0.233146835D-14  0.440758541D-13  0.111022302D-14  0.754951657D-14
  40   70 0.821565038D-14  0.999200722D-15  0.432986980D-14  0.266453526D-14
  50   60 0.754951657D-14  0.122124533D-14  0.255351296D-14  0.477395901D-14
  60   50 0.139888101D-13  0.421884749D-14  0.643929354D-14  0.555111512D-15
  70   40 0.410782519D-14  0.677236045D-14  0.666133815D-14  0.284217094D-13
  80   30 0.000000000D+00  0.111022302D-14  0.133226763D-14  0.421884749D-14
  90   20 0.168753900D-13  0.378586051D-13  0.821565038D-14  0.532907052D-14
 100   10 0.145439216D-13  0.810462808D-14  0.135447209D-13  0.117683641D-13
 110    8 0.199840144D-14  0.190958360D-13  0.666133815D-15  0.666133815D-14
 120    6 0.532907052D-14  0.610622664D-14  0.666133815D-14  0.621724894D-14
 130    4 0.255351296D-14  0.943689571D-14  0.865973959D-14  0.438538095D-13
 140    2 0.321964677D-14  0.281996648D-13  0.166533454D-13  0.310862447D-14
 150    1 0.244249065D-14  0.488498131D-14  0.102140518D-13  0.444089210D-15
 ******************************************
 TEST OF THE VALUES OF THE SCALED FUNCTIONS
 ******************************************
   X   A        ERR(KIA)        ERR(KIAP)        ERR(LIA)        ERR(LIAP)
  10 1000 0.222044605D-14  0.432986980D-14  0.162092562D-13  0.133226763D-14
  30  600 0.444089210D-14  0.176525461D-13  0.153210777D-13  0.444089210D-15
  50  550 0.399680289D-14  0.488498131D-14  0.244249065D-14  0.283106871D-13
  70  500 0.777156117D-14  0.421884749D-14  0.262012634D-13  0.107691633D-13
  90  450 0.122124533D-14  0.643929354D-14  0.111022302D-15  0.111022302D-14
 110  400 0.155431223D-14  0.599520433D-14  0.128785871D-13  0.842548253D-12
 130  350 0.268673972D-13  0.999200722D-15  0.355271368D-13  0.111022302D-15
 150  300 0.599520433D-14  0.259792188D-13  0.621724894D-14  0.122124533D-13
 170  230 0.333066907D-13  0.599520433D-14  0.140998324D-13  0.932587341D-14
 190  210 0.186517468D-13  0.250910404D-13  0.643929354D-14  0.365263375D-13
 210  190 0.308642001D-13  0.466293670D-14  0.865973959D-14  0.799360578D-14
 230  170 0.444089210D-15  0.621724894D-14  0.117683641D-13  0.521804822D-14
 300  150 0.155431223D-14  0.599520433D-14  0.145439216D-13  0.732747196D-14
 350  130 0.643929354D-14  0.510702591D-14  0.152100554D-13  0.175415238D-13
 400  110 0.177635684D-14  0.666133815D-15  0.199840144D-13  0.135447209D-13
 450   90 0.444089210D-14  0.888178420D-15  0.102140518D-13  0.147659662D-13
 500   70 0.222044605D-15  0.377475828D-14  0.193178806D-13  0.310862447D-14
 550   50 0.832667268D-14  0.588418203D-14  0.290878432D-13  0.377475828D-14
 600   30 0.910382880D-14  0.421884749D-14  0.177635684D-14  0.133226763D-13
1000   10 0.124344979D-13  0.444089210D-15  0.368594044D-13  0.710542736D-14
  
 *********************************************
 TEST OF THE WRONSKIAN RELATION FOR DKIA, DLIA
 *********************************************
  
 MAXIMUM VALUE OF THE WRONSKIAN CHECK = 6.814548925149211E-13
