   0.0000000000000000        0.0000000000000000        1.0000000000000000     
  0.33516947375216605        0.0000000000000000       0.50000000028301461     
  0.41906525783522186        0.0000000000000000       0.49999996266143981     
  0.44929834289272474        0.0000000000000000       0.49998421833300305     
  0.46165655502065717        0.0000000000000000       0.49981319529564761     
  0.46932822866733248        0.0000000000000000       0.49913502484823813     
  0.47532445538459134        0.0000000000000000       0.49714465787726436     
  0.48039831979642467        0.0000000000000000       0.49222052996229643     
  0.48484935969049947        0.0000000000000000       0.48156672113267812     
  0.48795605652258950        0.0000000000000000       0.46699801401090418     
  0.49102230606161490        0.0000000000000000       0.44304200259650983     
  0.49415593629746546        0.0000000000000000       0.40517213838012434     
  0.49680481873599575        0.0000000000000000       0.36181422870211172     
  0.49947767666702975        0.0000000000000000       0.31043697694054523     
  0.50222396758224641        0.0000000000000000       0.25623974594031168     
  0.50614366712287717        0.0000000000000000       0.19056127317255378     
  0.51100875758809128        0.0000000000000000       0.13983732499566939     
  0.51564134237367543        0.0000000000000000       0.11678246079368888     
  0.52176793964916790        0.0000000000000000       0.10507891687638160     
  0.52864102980064398        0.0000000000000000       0.10129694429900954     
  0.53986085696212682        0.0000000000000000       0.10013792410415040     
  0.55306904347233721        0.0000000000000000       0.10000982948515200     
  0.56358102912919594        0.0000000000000000       0.10000120082761493     
  0.57123492136494369        0.0000000000000000       0.10000025982028553     
  0.57731347596948623        0.0000000000000000       0.10000007703652951     
  0.58322701931396348        0.0000000000000000       0.10000002360765876     
  0.58772241454496243        0.0000000000000000       0.10000000960700167     
  0.59145287766508747        0.0000000000000000       0.10000000455579279     
  0.59505478182353899        0.0000000000000000       0.10000000221669808     
  0.59836582694868712        0.0000000000000000       0.10000000114317527     
  0.60195479746521741        0.0000000000000000       0.10000000055767196     
  0.60601735800524670        0.0000000000000000       0.10000000024746244     
  0.60942527524491763        0.0000000000000000       0.10000000012517034     
  0.61448550190317963        0.0000000000000000       0.10000000004549627     
  0.61987671582697423        0.0000000000000000       0.10000000001547750     
  0.62591847818947655        0.0000000000000000       0.10000000000462296     
  0.63334899453206506        0.0000000000000000       0.10000000000104596     
  0.64343441352833508        0.0000000000000000       0.10000000000013916     
  0.65904777925992020        0.0000000000000000       0.10000000000000614     
  0.69139752393185860        0.0000000000000000       0.10000000000000001     
   1.0000000000000000        0.0000000000000000       0.10000000000000001     
   0.0000000000000000       0.33333333333333331        1.0000000000000000     
  0.33516947375216605       0.33333333333333331       0.99999994208177823     
  0.41906525783522186       0.33333333333333331        1.0000000941371832     
  0.44929834289272474       0.33333333333333331       0.99999847433579836     
  0.46165655502065717       0.33333333333333331       0.99996555835071654     
  0.46932822866733248       0.33333333333333331       0.99976619889809426     
  0.47532445538459134       0.33333333333333331       0.99895524984962425     
  0.48039831979642467       0.33333333333333331       0.99630563692024432     
  0.48484935969049947       0.33333333333333331       0.98892655397895202     
  0.48795605652258950       0.33333333333333331       0.97653414137057348     
  0.49102230606161490       0.33333333333333331       0.95208408194417926     
  0.49415593629746546       0.33333333333333331       0.90584274055113023     
  0.49680481873599575       0.33333333333333331       0.84485697058042097     
  0.49947767666702975       0.33333333333333331       0.76629948527085268     
  0.50222396758224641       0.33333333333333331       0.68223841192152435     
  0.50614366712287717       0.33333333333333331       0.58856436256987288     
  0.51100875758809128       0.33333333333333331       0.52998108529640398     
  0.51564134237367543       0.33333333333333331       0.50982009678599371     
  0.52176793964916790       0.33333333333333331       0.50215599595233518     
  0.52864102980064398       0.33333333333333331       0.50038810847391324     
  0.53986085696212682       0.33333333333333331       0.50002115471401765     
  0.55306904347233721       0.33333333333333331       0.49996731632192104     
  0.56358102912919594       0.33333333333333331       0.49972560044481673     
  0.57123492136494369       0.33333333333333331       0.49873473388725637     
  0.57731347596948623       0.33333333333333331       0.49576444415610732     
  0.58322701931396348       0.33333333333333331       0.48650201390273284     
  0.58772241454496243       0.33333333333333331       0.46838559115279677     
  0.59145287766508747       0.33333333333333331       0.43870463845692464     
  0.59505478182353899       0.33333333333333331       0.39155954895367906     
  0.59836582694868712       0.33333333333333331       0.33239550972074572     
  0.60195479746521741       0.33333333333333331       0.26139441650450074     
  0.60601735800524670       0.33333333333333331       0.19234314189842966     
  0.60942527524491763       0.33333333333333331       0.15272359185180229     
  0.61448550190317963       0.33333333333333331       0.12091874455861135     
  0.61987671582697423       0.33333333333333331       0.10737073715381668     
  0.62591847818947655       0.33333333333333331       0.10223041534804816     
  0.63334899453206506       0.33333333333333331       0.10050688599345081     
  0.64343441352833508       0.33333333333333331       0.10006755401470277     
  0.65904777925992020       0.33333333333333331       0.10000296143628856     
  0.69139752393185860       0.33333333333333331        9.9999887074464139E-002
   1.0000000000000000       0.33333333333333331       0.10000000000000001     
   0.0000000000000000       0.66666666666666663        1.0000000000000000     
  0.48006922811536584       0.66666666666666663        1.0000000077439528     
  0.60970487076646185       0.66666666666666663       0.99999989951893731     
  0.67317479545978265       0.66666666666666663       0.99999995371539518     
  0.69492322217314173       0.66666666666666663       0.99999909629975359     
  0.70342002751074428       0.66666666666666663       0.99997995456911171     
  0.70836784362112903       0.66666666666666663       0.99984007607507097     
  0.71181393618612465       0.66666666666666663       0.99928190217817392     
  0.71453564192995955       0.66666666666666663       0.99761155116258693     
  0.71723358933299841       0.66666666666666663       0.99210574741036528     
  0.71912960636848233       0.66666666666666663       0.98178719462709441     
  0.72078934480129331       0.66666666666666663       0.96253399304800946     
  0.72274394319005997       0.66666666666666663       0.91494764548555496     
  0.72404912190996684       0.66666666666666663       0.85790442237305020     
  0.72545031529360815       0.66666666666666663       0.76581597032752957     
  0.72703623707201970       0.66666666666666663       0.62415986804390400     
  0.72865362625735841       0.66666666666666663       0.46252270809238932     
  0.73053156921375273       0.66666666666666663       0.30245708465429155     
  0.73298006817334904       0.66666666666666663       0.17940221148179325     
  0.73553176271443110       0.66666666666666663       0.12695343836299827     
  0.73854354284910118       0.66666666666666663       0.10720358183175074     
  0.74232641167009272       0.66666666666666663       0.10137332701573587     
  0.74846564734403109       0.66666666666666663       0.10010625796764741     
  0.75701347740975178       0.66666666666666663       0.10000628084850965     
  0.78656538272631227       0.66666666666666663        9.9999944488773251E-002
   1.0000000000000000       0.66666666666666663       0.10000000000000001     
   0.0000000000000000        1.0000000000000000        1.0000000000000000     
  0.44855764187842384        1.0000000000000000       0.99999989478389928     
  0.69071021299938162        1.0000000000000000        1.0000002105866748     
  0.81107655286389135        1.0000000000000000        1.0000000339364230     
  0.86613377516595780        1.0000000000000000       0.99999995720477886     
  0.88109623468633658        1.0000000000000000       0.99999856072360105     
  0.88797561395954416        1.0000000000000000       0.99997271676336696     
  0.89224887160506805        1.0000000000000000       0.99981449559935820     
  0.89554733975570033        1.0000000000000000       0.99918284029341697     
  0.89860388039690431        1.0000000000000000       0.99677596276220548     
  0.90107031420564188        1.0000000000000000       0.99028938489072948     
  0.90284103656512471        1.0000000000000000       0.97873697916842572     
  0.90462590284673305        1.0000000000000000       0.95387070302223043     
  0.90612737356668682        1.0000000000000000       0.91361456253834206     
  0.90770622263974843        1.0000000000000000       0.84009321659068426     
  0.90923822072329652        1.0000000000000000       0.72914733036687074     
  0.91077899365271819        1.0000000000000000       0.58356267322231004     
  0.91298381349293389        1.0000000000000000       0.37086526339120018     
  0.91535824979364322        1.0000000000000000       0.21595914678218947     
  0.91799209954572736        1.0000000000000000       0.13892819329611095     
  0.92102276126636573        1.0000000000000000       0.11028449072907889     
  0.92588695656679665        1.0000000000000000       0.10116407803500857     
  0.93098245429927551        1.0000000000000000       0.10011801827101613     
  0.94365273141740924        1.0000000000000000       0.10000044654511048     
   1.0000000000000000        1.0000000000000000       0.10000000000000002     
