3 -1 -1

2.369540504374079199857278071952632327758 1.118884638537371394503966441514780512827
-9.413181383148633756434756789443512300291e-1 -1.098062811305637155009674417092153508975e-1
-1.661664025591748615177954403430280084944 -3.998527630647871677994877950275607437519e-1
7.894741607053107116305054505197882488981e-1 1.609567103739162208587570669135265383431e-1

9.413335903120812918637501039524541807583e-1 -2.755254681359177882703729131810366492926e-1
-7.312148983672597655949863713812148175605e-1 9.199710519221297946304540050998694405532e-1
-1.270971448628041593969642878462803342154e-1 -1.193853751189834329294561488206860630969
2.779438892040115272584382382612348486262e-1 8.976711420866484033377516286440316725304e-1

-1.705859604876173328073391510289781102304 -4.629250320896042293711887244194122061186e-1
1.870204827169639876553611325921526494157 3.564338239496220511265879669524233759371e-1
-7.738305799818125308493704509694320236444e-1 -1.895222781110909227644768439462770080900
2.342985362557762245632778805056610996156e-1 1.510779514940125936661703570090039583892


1 4
5.100535973295311608299769436919110798363692627788510889417052309922528556069873863156198673100550638769593277198044047697149989000653406335623053445432709534376483292046093779721729305568065029175077163184542261993913217964789225144882627048375726705987145807734499878594696237379657943592509177156755428953689e-1 5.913610829118230262511636319442898614939964400479921323947814666609545229879904075529039512506794090755451477406869118148600202748066313072386407521912176604030569841945850650226449986820381286598191616834196315085919960080821387581758753916221374395387928600321048110831419967328722887940055330060430232419914e-1
3.762875636087204416046120326134877450075966829065595886809734880721705012771228732801607335556595230153172397550252056153422929182355463706276891164403511198404600938972026381453995065168672992185911020513874671676909275456460320893058810512847031915192125239573530205090974791277390678660998407874846641223593e-1 9.573356641641659917729389131560310432225383568720972272353677374670471528183326448848952917260404681314689365512260191610083553165472044879878911617561096785149615179653502159749850431824828435339541788282294779704028633001632302479168070606217180652444897749974789721982821451365867197253813480627619946757210e-1
6.538166074614130792042207736590632284384730800300616012425479796822771589568040280769560275451879369852759459759270902648794370731319496718418946473386809672308078927185765904214036958951929533470954834835923461960819314748246946888520641496553889118423066842509079585137615737189472570556503455357571279580066e-1 8.655791796989442774325813665641294906090002977718126075381240464587867146755773245806828898364267893110283189472614643642191078318178046888474252399893832600384719281564046105854815487675105113022620475082724333280529674864312781439187672443380150730314969919768660083098670684030164571013530924401311505609583e-1
7.042876102805449800110057201353869836621151420513015469791897250010824829580608912151939047648364748874818678872576354081792214403297579246813778396321165533695779853909632420870990575457584233048288164476116817214782718759361049468338772611998529969018814767194741824163857520199119132030522926554629206091429e-1 7.054104638571256589612740897116078745305804100442434997736434867310797224725555243858567297695990145879169542181181655261084680716017829121230731347187119749801436758114077123415841386529810043248389913855893460780589004535714932251305085181380054016814816738729267223210933757514948662430158125000084368846692e-1


1 4
9.312106568180284788829645379906333613802523477640050919308207631526231445515619586008736281328363437772748197055776575583011261793880037201801236704278775003647821398503575322077386733850691915054927258325263110027682252060045429737171647881454463833616420953864250484522338880225556894425488443233524030727262e-2 3.136496598551931643092292272500164650088204912950960271046256985106888350699626895658121114765848672189775365538544750465544437148617247161970598842229924816953916098245270898157897679101777425091163660209111749015375580802815512885980317469889272316252433393466960341452423355591258315365640389770931926409726e-1
-3.069229941005762741349711420348435234053204550798928075920823457407841314539161326368829677914777003653999520545573506379821402426212288572165763534494493855443155802417425049090878243492847542015108246329741946204455289867962372844441904923600891164026042965499828823357950873979330669060447056339095927930978e-1 2.210346955494766522559916725589457434540714027296439688267178479827766162921532277222027724634699106959106059392366566085756304945208311275953972811771996939931428133781103188419008553135839544531399674925436481714253016054685993442683853322149128199049387780454019404699469956511918638904818408616994192083506e-1
-4.968931351470746757644299018660034646807155661890446458905354230776404245492785100787226973667029331041970955860023882780449049672619967494532434666899468602565311920954685402505375044319802055967526051177234294155166889281413749526831183658401537782513087336757477708556509804086221579263818741668079994000767e-1 1.987821056156046140430182228451557236626723952104185237515259230752146098182384731947187838011078317117045533347587740954819898268688134387763443518085870873496561213706934032362315650048421976614833055402708895560654869019370067254555306454600667439630759952966750272231425076941123897252223708616803222843620e-1
-2.413193518616646561840218099908810921821638526900190686685979961948324064423192194685403111991194754134346483970553173900479736947076146292085896687197187754972582527076083547317578475268520120568988560764248565138625631462931319868114089211395913339400822320848765687907659582874020710380817606197938596644928e-1 -6.365863289472202123148273967641941288208608333906840533624609060998382191020870642069844432699970917294551277442270141819387064612981393065533319472354563830374152540275118543636606906155526290908385024717646729393057494966458489612916552819154729255383511540547379291267529967369330237388176287412583547211583e-1


