8 2 -1

-6.1184200105199320 3.9381096706750283
-1.1132948945389565e1 1.2794661525624100e1
-1.1577069942766094e1 -7.2444803185193809
-8.1971532174118771 4.6122814660326377
-1.0597414320266626e1 6.8210060353874873
3.0151676720225856e-170 -3.1471314296757239e-172

-6.7561002679073279e-1 -7.1387691849207346e-1
6.6149319083525671e-2 1.0618983297971756
2.4294887435265675 5.7464104045411490e-1
-2.1334915086508416e-1 -2.1695976920006173
-1.1701908925045195 -1.2364710931789773
2.9468817426501449e-175 9.0498680344320175e-177

4.5058163165781595e-1 3.6199931696109666e-1
7.2410725942438359e-1 9.3530711421519830e-1
1.7036458974299279e-1 3.6231749524279222e-1
9.4613459485739493e-1 -6.0866445732247643e-1
3.1424712027918561e-174 -3.4760983247262277e-174
-7.8043027898862261e-1 -6.2700120928184955e-1

7.4742977552394363e-1 6.1286182312349791e-1
5.9155375550862782e-2 -1.4426037450673668e-1
-6.5658033226026613e-1 -1.1292311547930711
1.0546708045922437 -2.6057990237388529e-1
4.5659307262406016e-175 1.2655555408490501e-174
-1.2945863462972711 -1.0615078156691888

-5.5652239708574536e-1 -9.9254588945752831e-1
1.4943906401653888 2.5584343966911440
1.6460732648771805 1.3028507997954066
2.6238672803089251 -2.0639436714586372
2.6842614868368636e-107 2.8765747196927986e-107
-9.6392506730253258e-1 -1.7191399093840816

1.1263543204523825 3.3439421220575527
2.5636690811426162 2.5338084302592092
1.5683399543224530e-1 6.2377691967010609
-5.4119341179240887 6.8509277064089891e-1
-7.5593011364043895e-172 1.0200224522502740e-171
1.9509029103482431 5.7918776529733691

3.6170463407522535e-1 2.9696810267253615e-1
1.4265671229466298e-1 5.8602987195878020e-1
8.8961943459205739e-1 2.8275319877768168e-1
-1.8786014352870939e-1 -5.0311427530923747e-1
-6.2649080355139941e-1 -5.1436384205616359e-1
9.3361145436661571e-175 7.7575939072953289e-175

7.7868805948415409e-1 4.4046459919517922e-1
-1.9129171965171503 -5.8960745183897467e-1
-3.5391239597001101e-1 -1.5334177117313357
-8.3224810570736363e-1 3.5882049124072823e-1
-1.3487272822737708 -7.6290706474151193e-1
-2.3293370366795696e-175 1.3256136787178386e-175


2 6
4.051981835579704690468661550022558143730336421158125331149215824151848000023922419569647389922936200767030314665100838121802656548488286324296562706782681880404736294410876949560107895047648604720369471894010451090664974732235760102967488269834129136317294477581164116290666586527304317561330853956235568408820e-1 2.639365360168896754195329729758712598661263100638605145841979496374602825960231663714971924493724753358734132770869478174298362019954594936416156375181290879246290060839017047285928414348273490829611972377923097290234458285203096437136321917633229594011355766657658593520173382292631358890357113360549987400878e-1
-4.505748580302729538304748726031334389575780036071862343264959730038057952533314809517654338887412866307410465019816443649337545349999352464869673097043900635946189698386073106681714409966371142368730172179173511726072530445563855358509262644521470005921471689697096849369908149639776208502176931340999166775561e-1 -6.254837540553932096861744594587165488281655768620194729969629817819590255139976115566998011305181034373262268268139234392638194927683117474341612004026109212199211221865906424795944257671102065627256401588641120263192696662278719354078218954024132867007491997500558416808593511396214443353730014153388195518522e-1
4.226849495359149099496780479561302120039109076175894973742134495070200413520186011406215610320750594437545377138456833796692374059832415666833923382680405014901981771525002010426617092932269830876515727254385359967550037687986609537436481489717732061295122216905612114011425118199720671414942345025765647541248e-1 3.249756192756577491349115538784620518259435712871093920678786423360925086772918186703648451444737639054910482076480145517045654454661931904104042169766049754540282762646954580810706004056578967401529840746216820991191783146673551253161295541154260869291685056462358257806166272810212543069496953903826931041910e-1
-6.483139671213196993740800377786941545213756165504737599598908331586085540820554601165549955790846251393951591264205383226228353647355390701529283864678148491439862839460098171743977766172974348720246926617747088133682604992717980872576339848635170969984486707625343888440868566865434696810506803172611799772339e-1 -6.233251043126016864432996014144885293536467237763259423281739278299499942792435151764938068809358782036300789836716987288487171683025905293137325464054841543421874931257739846447520763349822682681080600469922198303293208340870241308394013167600596143488349746851079611112802265661323206497771930263042130624064e-2
1.187125448953866173192857504540539314322275780232773703277737853310721755087927022509373019744216938321659996722891125105408717307588279977624007192266513721519914849895484788617907838701145325926704877613537891037906545429639511524414940755316476469942338318731056690660763973381287009223747369525820181304816 -2.538314908372401161891027895228055678020910576209184473901571109970706572512298949243594801323469182775094394906190634849595769997433228526257872909530422105439476187553317056974113014389320080489726112633151550442405882664019536460963142128328653934629166001804999065818582889740188665446590098914699885816784e-3
-3.139603225418384436775558868186799985598115629643076430454699791115218102699220805898532725807233275420883008289372097070009205591381914234597378311658654146352367076546303692396910640359446312772786950785285097055827954173084931089390257318542389470057316212944886199080168641251001185891217325229387172149261e-1 1.694679765072363532196727064730339763434894216666832468984104928806983309438282895183871696393510663685793513457889064355750480472200278405437383685658320128691911303652758312187503338693251454996576068848149094879606979098614593360729272435759342351598624123350575084148175193944749100767627521255801264026211e-1

6.467297957707379179311169074608194619750366953110582085917670565610108726042154618314671943842510916771385571406533098116149993072924721352002961432352620451757341976054162838731127679702291601071253602770010044235002574067182199744838758550769344612384916980341860103771851201115181175541836588863146367780553e-1 3.118768132428796940677210825479873894060790168126046365387067834408657150982295003851234265148032200924688913734536564294338908729379706057403940633749488939830981712717942456187388479307455445858409934262715745042832756146206925174028230685495234291306606628569900298783399785544536550029438983128423709319190e-1
7.054378413628679110694704084659481511035774426582404955107710076596830186773172256719479191742252789422934943568355451383847566281375611233938892002803959030092988221774261545951675149717007038531037576152835074715407305554837700317489731233388238454685200348675898865978382653331055124047175099745367769448376e-1 -1.098789494830037836635788766436478343581650911204270929445206307566873790271354320936050277924121297015391453279284539204585355434021674688530265645795881843243563667352691480466419844460060211961973827299236648559946025104371463313446800162186672598914103072186814824330970311689692431320333092967895394385358e-1
-1.494482227719106029904875247039558861134000219848060740399918993429614541842766637237936035782237172577277642127261345630214275890155463297521712736402449085541569838700407460774599290675130214127534497884531663105688126644853564886404164191068374017603888968818213656870144852040420475791953591929782509286277 7.664669706055352365953597768325876153833651545900748127492544664076950225361469619009966427109307620969551755093367565205306477609439455545826041139529280744776381180035421643590220157446242731477611390619487064023942790151582336513183256869504927372245827190904207173813791419767691219884735950158834635368114e-2
-9.235331239405636001172046920428274562682041899353069304990639616996745502808520839968585285627747882738760641360540849631214528803040173703594887922936317663994047227423130371277435092803596295620781192427606191932941479434537963663113989398855818773064105048023496891106729397764996430187144084561507549020239e-1 1.398900067187177783964456355231880112121993535531268226576614151735353595909899014925925335581980847600570084342321258867831627763705118516801444709771967715555486798033857069124681764627542320958372677220121397585676487711157618432854283318604989756338967174102179589587923590662333727103978866066461198582719
2.708410419633450681048022976712927606779313233925025096568148583511909694988206613026851794850294060261675828091592471221488752562513123126797267682233292647814986630370385501813183745179071692449967054994358306017746090586289705806456432694771434784305219822964985546170070811896925295945892279325208148708851e-1 6.556347479931888758948020045892762153811907794722256389259208658668830848547376641551788496711276906808231655505055285992376795190007850326394952857448121616567806551902314054726710033644561710612979961018585212203507010217074672378819905179577045289422854956396042256557996018351290282625639654204233408929578e-1
1.826057128150600829793840935615455552834419525088542029917763747053056515829734294260853542975999558675097610057324148410025887465382594697298029432301526272582633678258987431499777003736523335506009251858194456834542087092019111072529844754155432729324838609757042349166920465475971814194246829705998632628107 1.495571045793259617995859193482733420691162360945953740056462823977219540617870965503292298115930325052316215585666760421820116846097110223823837663476582437844516559439483431550443334637740220620666682001423131309899700965321522491212354953859402713747923374888707529866500885622070912317657372777874188935404


1 6
5.259477117771178897576406236555301538775375339888575836124494336982578318329446026381557760536743667021974025446538130266408075764602013097555057111774678866033361468705383242607269972220610265000796571151380052609773569823885563875179077492087228653033003199919632655260507171945842667702755480938807612460652e-1 -5.173549140287000423146875013531782686147765930110055071634032718012230876401075072586591783190889346559405157163194793745513405682755024917129655854612874293718977083038560778777439491672350131675173118445862303458232359990618995854635835117344601890165853076888360195046171661804840351493950494548126171655109e-1
-1.885555691878134330658880716376912188481957632800394668235747322246560092869606516837383609778526440123839355916688698576267628217588717207426792650297569371400519233598321238151645270687637213884006032899010515059209267875488142149938728406840577633237144935182143213078136744015850514880738854160040869737179e-1 -2.026248179741765897909185721743661581151351330007563921025166926949480982210953035039324598773996863980206836722455576654478705110805333181852298079728775187526129960287133592463037587124852329208084169499568757854574418571922797234379545800894246540972291511112169660477439149761967558776314893225200943186073e-1
3.584423416423688491079316539698001267670684390882236969690574792432122695576157953913710186156315817107278839826466391400601962513916563918707131113462251444352679676171756912556327672209098935836698887264839257088611079480403582037943391688086943762963924003343087233867435704093849169355536503126980037814358e-1 -4.860048207862371348824899233170393868146602446275484599415486791986477095379849452415991962279274852641271913028323784773812713302035578536473314215496769057415917213537513276217629674878092498751383745580442964318572881361972183134852789758999548527890922440809551830059749097510110284258138439109656952548368e-3
1.660716857997404377305880899791798376951522978445351262763822699699592900426708251781536238272699761254783045910140884074655383096574875454577686244595911134006044983774852463583875588616152967534303631132429287473501305918985018977115671108989782924658884161825579976233693064294301768227135892544753600098241e-1 1.413697384297208773347641206254283956235434710959060885523821719023551464096009379734611807580307352019913367660352296223038149961756698654966516988362415968333861667309532135983346218373560198353163577650702129087001411742173277408602322315036059117860348474948940162036960343259518195455967409464737779087342e-1
-3.381972056030903676973033843432262627671655351733377613397219690845220410516406389654822217601116480910807039496257045939737336755932833609680324648285219198322674620295938288659559551259754467373301192789226535802709864268473695887143378774048506383595306309161195929657821628657546528093453877617394547693513e-1 -1.511945265328442893792856636060748049194418216918797951074722087209089524095288261098297217615067807854892754434005522018349303039547085030694315213718236602370172648425626271335530419358278021564856274449835609970440162201735933350793411270004851129066632318348432921504062650036294488106386870127050407603248e-2
-2.964684756617187612141330332429424049800478126200379410324972267225297291886533780111073491298320489671033333147910158116471963796684280610880873977903938684282731660188270543583659580340195067543987636131266521918091607035050370752674479442962867202484825922433417035517043246799032122299181601725988981940572e-1 -2.331593810683537147262626927992568811602912825977803072698126257217735821655753680014074819460311395884342542185040619443241550848713865655976098303096352832009792108616560346998841857890740518251575420811693976582037207402809053806448160057182345316813642124684769964652387522017942140690243248499296552991408e-2


