     n    m        integral          rel error    err const

     1    1   0.16904066964116D+01   0.2376E+00   0.4276D-03
     2    3   0.22011951368759D+01   0.7196E-02   0.3995D-04
     3    5   0.22168095642127D+01   0.1536E-03   0.4279D-05
     4    7   0.22171438690047D+01   0.2811E-05   0.4785D-06
     5    9   0.22171499969530D+01   0.4689E-07   0.5462D-07
     6   11   0.22171500993576D+01   0.7007E-09   0.6305D-08
     7   13   0.22171501008772D+01   0.1533E-10   0.7332D-09
     8   15   0.22171501009074D+01   0.1703E-11   0.8568D-10
     9   17   0.22171501009114D+01   0.7892E-13   0.1005D-10
    10   19   0.22171501009114D+01   0.1022E-12   0.1181D-11
