  0.000000000000000E+000   4.00000000000000     
  0.100000000000000        4.02665520518825     
  0.200000000000000        4.12609426541893     
  0.300000000000000        4.22417233790565     
  0.400000000000000        2.35662657115305     
  0.500000000000000        2.44867146014904     
  0.600000000000000        2.53607646505942     
  0.700000000000000        2.61852626921383     
  0.800000000000000        2.69520432825077     
  0.900000000000000        2.41402530179343     
   1.00000000000000        2.47617695461953     
   1.10000000000000        2.53036414794923     
   1.20000000000000        2.57557823671831     
   1.30000000000000        2.61191017989994     
   1.40000000000000        2.58886447767469     
   1.50000000000000        2.60631554869675     
   1.60000000000000        2.61301025840762     
   1.70000000000000        2.60988582956177     
   1.80000000000000        2.59681579420977     
   1.90000000000000        2.58154988753867     
   2.00000000000000        2.54909314773751     
   2.10000000000000        2.50726420914973     
   2.20000000000000        2.45581655944144     
   2.30000000000000        2.39708792019031     
   2.40000000000000        2.32711714563523     
   2.50000000000000        2.25348119127833     
   2.60000000000000        2.17339260293584     
   2.70000000000000        2.08753696184056     
   2.80000000000000        1.99676081624943     
   2.90000000000000        2.05525658502841     
   3.00000000000000        1.95810315774423     
   3.10000000000000        1.85900120755058     
   3.20000000000000        1.75905022986241     
   3.30000000000000        1.65926440844832     
   3.40000000000000        1.31008425052527     
   3.50000000000000        1.21359519150127     
   3.60000000000000        1.12008349270790     
   3.70000000000000        1.03044585543646     
   3.80000000000000       0.945644866506429     
   3.90000000000000        1.00754933235347     
   4.00000000000000       0.935301181190726     
   4.10000000000000       0.870396320718617     
   4.20000000000000       0.813315779939270     
   4.30000000000000       0.764101793370315     
   4.40000000000000       0.861408321893188     
   4.50000000000000       0.830425116004627     
   4.60000000000000       0.808862133086928     
   4.70000000000000       0.797707890909910     
   4.80000000000000       0.796868377659884     
   4.90000000000000       0.842781888413190     
   5.00000000000000       0.861339141144917     
   5.10000000000000       0.889289902476611     
   5.20000000000000       0.927114629662155     
   5.30000000000000       0.974224247265832     
   5.40000000000000       0.998956080119940     
   5.50000000000000        1.06247636498410     
   5.60000000000000        1.13289766369116     
   5.70000000000000        1.21054768775255     
   5.80000000000000        1.29420705684560     
   5.90000000000000        1.43396713565678     
   6.00000000000000        1.52695357310502     
   6.10000000000000        1.62304544215219     
   6.20000000000000        1.72135717499253     
   6.30000000000000        1.82111324147189     
   6.40000000000000        1.93588128476619     
   6.50000000000000        2.03514941469339     
   6.60000000000000        2.13314399153141     
   6.70000000000000        2.22818140481325     
   6.80000000000000        2.31975643417778     
   6.90000000000000        2.39091242088400     
   7.00000000000000        2.47284146683804     
   7.10000000000000        2.54783657689410     
   7.20000000000000        2.61716769005303     
   7.30000000000000        2.67757150629888     
   7.40000000000000        2.75431420627030     
   7.50000000000000        2.79796980835990     
   7.60000000000000        2.83204968389554     
   7.70000000000000        2.85748576614888     
   7.80000000000000        2.87314328571937     
   7.90000000000000        2.91740924571514     
   8.00000000000000        2.91222369574726     
   8.10000000000000        2.89720180409512     
   8.20000000000000        2.87206627312808     
   8.30000000000000        2.83828185245590     
   8.40000000000000        2.81001447504282     
   8.50000000000000        2.75796931355344     
   8.60000000000000        2.69764111263462     
   8.70000000000000        2.62922685197379     
   8.80000000000000        2.55449812590813     
   8.90000000000000        2.47428794853911     
   9.00000000000000        2.38768185829946     
   9.10000000000000        2.29668303558497     
   9.20000000000000        2.20164686929360     
   9.30000000000000        2.10415087736767     
   9.40000000000000        1.99484169272764     
   9.50000000000000        1.89487743503836     
   9.60000000000000        1.79509456716649     
   9.70000000000000        1.69665242062097     
   9.80000000000000        1.60065270459789     
   9.90000000000000        1.47492843934081     
   10.0000000000000        1.38581731876598     
   10.1000000000000        1.30242046673091     
   10.2000000000000        1.22494320130763     
   10.3000000000000        1.15358102396284     
   10.4000000000000        1.13637191476827     
   10.5000000000000        1.08008598621977     
   10.6000000000000        1.03267062627891     
   10.7000000000000       0.993882890835630     
   10.8000000000000       0.965558810566948     
   10.9000000000000       0.962920615682204     
   11.0000000000000       0.952742649379949     
   11.1000000000000       0.953049508428968     
   11.2000000000000       0.961819129884786     
   11.3000000000000       0.981520384907092     
   11.4000000000000        1.03096188858874     
   11.5000000000000        1.06951243270375     
   11.6000000000000        1.11798528693519     
   11.7000000000000        1.17521490852082     
   11.8000000000000        1.24038797361671     
   11.9000000000000        1.30792003043576     
   12.0000000000000        1.38691861716269     
   12.1000000000000        1.47128654982681     
   12.2000000000000        1.56041235326853     
   12.3000000000000        1.65365347332208     
   12.4000000000000        1.77179973521418     
   12.5000000000000        1.87040800671201     
   12.6000000000000        1.97026189900823     
   12.7000000000000        2.07021957703930     
   12.8000000000000        2.16937905779759     
   12.9000000000000        2.25610882381414     
   13.0000000000000        2.35058448171466     
   13.1000000000000        2.44132393295945     
   13.2000000000000        2.52735039579047     
   13.3000000000000        2.60795184185601     
   13.4000000000000        2.67434519480073     
   13.5000000000000        2.74117017586055     
   13.6000000000000        2.80076670957317     
   13.7000000000000        2.85206072615841     
   13.8000000000000        2.89454425537000     
   13.9000000000000        2.92937641722474     
   14.0000000000000        2.95279713646220     
   14.1000000000000        2.96602658654385     
   14.2000000000000        2.96930851381366     
   14.3000000000000        2.96365345852203     
   14.4000000000000        2.95360578548874     
   14.5000000000000        2.92816209454090     
   14.6000000000000        2.89263415284358     
   14.7000000000000        2.84889191884833     
   14.8000000000000        2.79606202047432     
   14.9000000000000        2.74016582584537     
   15.0000000000000        2.67031049963724     
   15.1000000000000        2.59462157727119     
   15.2000000000000        2.51297653223234     
   15.3000000000000        2.42540115177159     
   15.4000000000000        2.31024622247965     
   15.5000000000000        2.21502881521121     
   15.6000000000000        2.11743772924643     
   15.7000000000000        2.01810063012577     
   15.8000000000000        1.91810753812662     
   15.9000000000000        1.83252418083477     
   16.0000000000000        1.73455913244159     
   16.1000000000000        1.63870115498029     
   16.2000000000000        1.54633283275895     
   16.3000000000000        1.45811062055397     
   16.4000000000000        1.36060884357427     
   16.5000000000000        1.28345049573795     
   16.6000000000000        1.21359359557933     
   16.7000000000000        1.15048330356169     
   16.8000000000000        1.09513950354027     
   16.9000000000000        1.05523944179524     
   17.0000000000000        1.01752700242470     
   17.1000000000000       0.989766871571949     
   17.2000000000000       0.971206214600073     
   17.3000000000000       0.963219355058668     
   17.4000000000000       0.953271576289026     
   17.5000000000000       0.964971561892335     
   17.6000000000000       0.986372050960381     
   17.7000000000000        1.01788503360334     
   17.8000000000000        1.05820565330734     
   17.9000000000000        1.11908498715522     
   18.0000000000000        1.17768490468520     
   18.1000000000000        1.24404366675592     
   18.2000000000000        1.31746753076425     
   18.3000000000000        1.39707379557790     
   18.4000000000000        1.48882481117809     
   18.5000000000000        1.57886966495326     
   18.6000000000000        1.67288468482066     
   18.7000000000000        1.76974096281809     
   18.8000000000000        1.86856911461182     
   18.9000000000000        1.96816187243883     
   19.0000000000000        2.06804744480566     
   19.1000000000000        2.16710662433429     
   19.2000000000000        2.26403861525747     
   19.3000000000000        2.35793650229453     
   19.4000000000000        2.44336627847995     
   19.5000000000000        2.52902099519884     
   19.6000000000000        2.60853936408955     
   19.7000000000000        2.68216117287434     
   19.8000000000000        2.74754265639024     
   19.9000000000000        2.79655037622138     
   20.0000000000000        2.84554447314947     
   20.1000000000000        2.88674256486488     
   20.2000000000000        2.91914852186795     
   20.3000000000000        2.94019769660401     
   20.4000000000000        2.95252695035517     
   20.5000000000000        2.95415823543432     
   20.6000000000000        2.94634026878619     
   20.7000000000000        2.92792446085492     
   20.8000000000000        2.90086934750283     
   20.9000000000000        2.86077720712624     
   21.0000000000000        2.81536589308972     
   21.1000000000000        2.76092869704815     
   21.2000000000000        2.69804209234642     
   21.3000000000000        2.62792985391000     
   21.4000000000000        2.55967853445412     
   21.5000000000000        2.47649049919474     
   21.6000000000000        2.38816671848948     
   21.7000000000000        2.29582630702791     
   21.8000000000000        2.19998352673774     
   21.9000000000000        2.10376551223638     
   22.0000000000000        2.00416364548232     
   22.1000000000000        1.90417378513763     
   22.2000000000000        1.80483451649695     
   22.3000000000000        1.70700158878048     
   22.4000000000000        1.62479311661618     
   22.5000000000000        1.53270659039524     
   22.6000000000000        1.44527710557801     
   22.7000000000000        1.36321226256841     
   22.8000000000000        1.28751005476166     
   22.9000000000000        1.22109136422414     
   23.0000000000000        1.16009356427482     
   23.1000000000000        1.10699556531041     
   23.2000000000000        1.06219227820889     
   23.3000000000000        1.02660890344430     
   23.4000000000000       0.990509989324476     
   23.5000000000000       0.974027350201893     
   23.6000000000000       0.967298557343235     
   23.7000000000000       0.971142658050103     
   23.8000000000000       0.984858262631506     
   23.9000000000000        1.01325674566192     
   24.0000000000000        1.04528641535953     
   24.1000000000000        1.08784509044606     
   24.2000000000000        1.13922704156925     
   24.3000000000000        1.19800770678798     
   24.4000000000000        1.27246774979687     
   24.5000000000000        1.34721836879107     
   24.6000000000000        1.42771765489747     
   24.7000000000000        1.51368029379560     
   24.8000000000000        1.60393924853032     
   24.9000000000000        1.70366867149454     
