  0.000000000000000E+000   4.00000000000000     
  0.100000000000000        4.10000000000000     
  0.200000000000000        4.19950041652780     
  0.300000000000000        4.29750707431193     
  0.400000000000000        2.98224156200432     
  0.500000000000000        3.07434766140461     
  0.600000000000000        3.16210591759365     
  0.700000000000000        3.24463947908462     
  0.800000000000000        3.32112369781306     
  0.900000000000000        2.52223058069218     
   1.00000000000000        2.58439157751925     
   1.10000000000000        2.63842180810606     
   1.20000000000000        2.68378142024862     
   1.30000000000000        2.72001719569629     
   1.40000000000000        2.60597540211554     
   1.50000000000000        2.62297211640556     
   1.60000000000000        2.63004583657233     
   1.70000000000000        2.62712588434220     
   1.80000000000000        2.61424143491265     
   1.90000000000000        2.60187995082849     
   2.00000000000000        2.56955099414214     
   2.10000000000000        2.52793631048743     
   2.20000000000000        2.47745170002744     
   2.30000000000000        2.41860158830191     
   2.40000000000000        2.34556417441342     
   2.50000000000000        2.27182480285930     
   2.60000000000000        2.19171044130461     
   2.70000000000000        2.10602156596771     
   2.80000000000000        2.01561435176601     
   2.90000000000000        2.35721891897808     
   3.00000000000000        2.26012310246312     
   3.10000000000000        2.16112385280308     
   3.20000000000000        2.06121033777575     
   3.30000000000000        1.96138086019628     
   3.40000000000000       0.808393726161660     
   3.50000000000000       0.711713906903714     
   3.60000000000000       0.618068238174635     
   3.70000000000000       0.528392396541220     
   3.80000000000000       0.443582393370179     
   3.90000000000000        1.18246235545953     
   4.00000000000000        1.10986912503951     
   4.10000000000000        1.04450476295315     
   4.20000000000000       0.987022368299823     
   4.30000000000000       0.937996286165753     
   4.40000000000000        1.14536462170984     
   4.50000000000000        1.11463133471199     
   4.60000000000000        1.09355175476892     
   4.70000000000000        1.08233650207541     
   4.80000000000000        1.08109763572912     
   4.90000000000000       0.926849194717349     
   5.00000000000000       0.945500431659606     
   5.10000000000000       0.973866650205929     
   5.20000000000000        1.01166442447723     
   5.30000000000000        1.05851609160726     
   5.40000000000000       0.826169058141469     
   5.50000000000000       0.889638345735733     
   5.60000000000000       0.960505323164859     
   5.70000000000000        1.03806191101588     
   5.80000000000000        1.12153318949980     
   5.90000000000000        1.88513158999307     
   6.00000000000000        1.97787943306747     
   6.10000000000000        2.07389646173251     
   6.20000000000000        2.17222330557677     
   6.30000000000000        2.27187751527909     
   6.40000000000000        2.24298934284805     
   6.50000000000000        2.34230783472387     
   6.60000000000000        2.43996659729668     
   6.70000000000000        2.53498985649253     
   6.80000000000000        2.62642817131606     
   6.90000000000000        2.23831880209360     
   7.00000000000000        2.31989131210613     
   7.10000000000000        2.39528153754046     
   7.20000000000000        2.46373620418474     
   7.30000000000000        2.52457133563797     
   7.40000000000000        3.23149794497668     
   7.50000000000000        3.27535267773411     
   7.60000000000000        3.31001620951762     
   7.70000000000000        3.33514219377584     
   7.80000000000000        3.35047957997963     
   7.90000000000000        4.04429219615552     
   8.00000000000000        4.03969198359156     
   8.10000000000000        4.02514198021070     
   8.20000000000000        4.00078756483712     
   8.30000000000000        3.96687207873874     
   8.40000000000000        3.65758999336084     
   8.50000000000000        3.60566112794917     
   8.60000000000000        3.54545993768069     
   8.70000000000000        3.47758793294869     
   8.80000000000000        3.40272326838895     
   8.90000000000000        2.78317685842144     
   9.00000000000000        2.69663333749733     
   9.10000000000000        2.60552031130887     
   9.20000000000000        2.51074815109575     
   9.30000000000000        2.41326378895534     
   9.40000000000000        1.90102738370628     
   9.50000000000000        1.80105807950276     
   9.60000000000000        1.70134086388312     
   9.70000000000000        1.60287207830371     
   9.80000000000000        1.50663559032058     
   9.90000000000000        1.07769831856801     
   10.0000000000000       0.988779203305478     
   10.1000000000000       0.904872050397833     
   10.2000000000000       0.826815232380914     
   10.3000000000000       0.755388667178194     
   10.4000000000000        1.38934961352924     
   10.5000000000000        1.33325118778651     
   10.6000000000000        1.28569749498692     
   10.7000000000000        1.24716367590973     
   10.8000000000000        1.21803474773760     
   10.9000000000000        1.09346569604426     
   11.0000000000000        1.08392281094417     
   11.1000000000000        1.08436538074297     
   11.2000000000000        1.09478898342954     
   11.3000000000000        1.11508946981142     
   11.4000000000000        1.25067878661374     
   11.5000000000000        1.29002787324853     
   11.6000000000000        1.33835834912383     
   11.7000000000000        1.39518731210063     
   11.8000000000000        1.45994694596602     
   11.9000000000000        1.30191327944054     
   12.0000000000000        1.38052030905464     
   12.1000000000000        1.46490570492789     
   12.2000000000000        1.55422631607882     
   12.3000000000000        1.64758968048629     
   12.4000000000000        2.35955897406784     
   12.5000000000000        2.45817820429572     
   12.6000000000000        2.55795803221358     
   12.7000000000000        2.65790149076368     
   12.8000000000000        2.75700997794511     
   12.9000000000000        2.03767825976791     
   13.0000000000000        2.13216426358390     
   13.1000000000000        2.22290894172892     
   13.2000000000000        2.30900560337515     
   13.3000000000000        2.38959399913919     
   13.4000000000000        2.18272080404896     
   13.5000000000000        2.24994011240431     
   13.6000000000000        2.30943217873529     
   13.7000000000000        2.36060257798061     
   13.8000000000000        2.40294003242568     
   13.9000000000000        2.77782319293581     
   14.0000000000000        2.80131817478979     
   14.1000000000000        2.81499189661057     
   14.2000000000000        2.81870773508966     
   14.3000000000000        2.81242856279725     
   14.4000000000000        3.17546906360071     
   14.5000000000000        3.14948732797934     
   14.6000000000000        3.11399490130046     
   14.7000000000000        3.06934641215924     
   14.8000000000000        3.01598797350033     
   14.9000000000000        3.21998646013251     
   15.0000000000000        3.15088924206060     
   15.1000000000000        3.07492045077472     
   15.2000000000000        2.99283914132545     
   15.3000000000000        2.90546544302435     
   15.4000000000000        1.45270964808194     
   15.5000000000000        1.35741435639322     
   15.6000000000000        1.25956901011133     
   15.7000000000000        1.16015124759295     
   15.8000000000000        1.06015441825801     
   15.9000000000000        2.02431086189463     
   16.0000000000000        1.92614910753399     
   16.1000000000000        1.83038315950165     
   16.2000000000000        1.73796987949434     
   16.3000000000000        1.64983263045811     
   16.4000000000000        1.10962937092568     
   16.5000000000000        1.03263457487147     
   16.6000000000000       0.962394869121200     
   16.7000000000000       0.899612065596562     
   16.8000000000000       0.844913469317138     
   16.9000000000000        1.07599573441212     
   17.0000000000000        1.03901890802581     
   17.1000000000000        1.01150257422065     
   17.2000000000000       0.993721667108337     
   17.3000000000000       0.985853847635153     
   17.4000000000000       0.890676327689675     
   17.5000000000000       0.902770687682523     
   17.6000000000000       0.924714684003669     
   17.7000000000000       0.956289059495593     
   17.8000000000000       0.997178333435481     
   17.9000000000000        1.31682401007580     
   18.0000000000000        1.37502843531602     
   18.1000000000000        1.44106010614042     
   18.2000000000000        1.51425925592132     
   18.3000000000000        1.59389450295051     
   18.4000000000000        1.66374288290643     
   18.5000000000000        1.75380690014491     
   18.6000000000000        1.84775938951973     
   18.7000000000000        1.94466160881364     
   18.8000000000000        2.04354534308305     
   18.9000000000000        2.03393884054893     
   19.0000000000000        2.13381163727328     
   19.1000000000000        2.23268209909195     
   19.2000000000000        2.32956234503267     
   19.3000000000000        2.42348437970236     
   19.4000000000000        2.25348720411839     
   19.5000000000000        2.33871643650494     
   19.6000000000000        2.41829793348633     
   19.7000000000000        2.49143654305088     
   19.8000000000000        2.55740148838823     
   19.9000000000000        2.06350638410387     
   20.0000000000000        2.11322496359099     
   20.1000000000000        2.15403316977233     
   20.2000000000000        2.18552326054112     
   20.3000000000000        2.20738059731965     
   20.4000000000000        2.69118715268273     
   20.5000000000000        2.69322223701590     
   20.6000000000000        2.68526588028804     
   20.7000000000000        2.66739757978557     
   20.8000000000000        2.63979586966062     
   20.9000000000000        2.59182880911373     
   21.0000000000000        2.54568213867214     
   21.1000000000000        2.49090921264971     
   21.2000000000000        2.42805730401774     
   21.3000000000000        2.35775440827120     
   21.4000000000000        2.96899745831847     
   21.5000000000000        2.88596734744761     
   21.6000000000000        2.79778817469348     
   21.7000000000000        2.70534099720207     
   21.8000000000000        2.60954951661190     
   21.9000000000000        2.27875161326756     
   22.0000000000000        2.17916672888498     
   22.1000000000000        2.07917064624552     
   22.2000000000000        1.97976249315259     
   22.3000000000000        1.88193552301194     
   22.4000000000000        2.06697764093737     
   22.5000000000000        1.97521983588418     
   22.6000000000000        1.88788937187483     
   22.7000000000000        1.80585882603808     
   22.8000000000000        1.72994782047224     
   22.9000000000000        1.27034618374715     
   23.0000000000000        1.20888096886570     
   23.1000000000000        1.15559766683236     
   23.2000000000000        1.11102866678793     
   23.3000000000000        1.07561928744829     
   23.4000000000000       0.815293528554855     
   23.5000000000000       0.799169732122436     
   23.6000000000000       0.792979202722994     
   23.7000000000000       0.796783794079971     
   23.8000000000000       0.810545491974159     
   23.9000000000000        1.05785308138830     
   24.0000000000000        1.09101837110862     
   24.1000000000000        1.13343627184232     
   24.2000000000000        1.18468295794676     
   24.3000000000000        1.24424638947428     
   24.4000000000000        1.38442629452029     
   24.5000000000000        1.45876065078991     
   24.6000000000000        1.53940160018113     
   24.7000000000000        1.62554340498400     
   24.8000000000000        1.71632536475962     
   24.9000000000000        1.86074036827922     
