  0.000000000000000E+000   2.00000000000000     
  0.100000000000000        2.09983341664683     
  0.200000000000000        2.19866933079506     
  0.300000000000000        2.29552020666134     
  0.400000000000000        2.38941834230865     
  0.500000000000000        2.47942553860420     
  0.600000000000000        2.56464247339504     
  0.700000000000000        2.64421768723769     
  0.800000000000000        2.71735609089952     
  0.900000000000000        2.78332690962748     
   1.00000000000000        2.84147098480790     
   1.10000000000000        2.89120736006144     
   1.20000000000000        2.93203908596723     
   1.30000000000000        2.96355818541719     
   1.40000000000000        2.98544972998846     
   1.50000000000000        2.99749498660405     
   1.60000000000000        2.99957360304150     
   1.70000000000000        2.99166481045247     
   1.80000000000000        2.97384763087820     
   1.90000000000000        2.94630008768741     
   2.00000000000000        2.90929742682568     
   2.10000000000000        2.86320936664887     
   2.20000000000000        2.80849640381959     
   2.30000000000000        2.74570521217672     
   2.40000000000000        2.67546318055115     
   2.50000000000000        2.59847214410396     
   2.60000000000000        2.51550137182146     
   2.70000000000000        2.42737988023383     
   2.80000000000000        2.33498815015590     
   2.90000000000000        2.23924932921398     
   3.00000000000000        2.14112000805987     
   3.10000000000000        2.04158066243329     
   3.20000000000000        1.94162585657242     
   3.30000000000000        1.84225430585675     
   3.40000000000000        1.74445889797317     
   3.50000000000000        1.64921677231038     
   3.60000000000000        1.55747955670515     
   3.70000000000000        1.47016385909151     
   3.80000000000000        1.38814210905728     
   3.90000000000000        1.31223384081603     
   4.00000000000000        1.24319750469207     
   4.10000000000000        1.18172288893559     
   4.20000000000000        1.12842422758641     
   4.30000000000000        1.08383406325055     
   4.40000000000000        1.04839792611048     
   4.50000000000000        1.02246988233490     
   4.60000000000000        1.00630899636654     
   4.70000000000000        1.00007674243590     
   4.80000000000000        1.00383539116416     
   4.90000000000000        1.01754738737567     
   5.00000000000000        1.04107572533686     
   5.10000000000000        1.07418531767227     
   5.20000000000000        1.11654534427985     
   5.30000000000000        1.16773255777610     
   5.40000000000000        1.22723551244401     
   5.50000000000000        1.29445967442961     
   5.60000000000000        1.36873336212768     
   5.70000000000000        1.44931445740236     
   5.80000000000000        1.53539782058624     
   5.90000000000000        1.62612333516976     
   6.00000000000000        1.72058450180107     
   6.10000000000000        1.81783749572790     
   6.20000000000000        1.91691059718250     
   6.30000000000000        2.01681390048435     
   6.40000000000000        2.11654920485049     
   6.50000000000000        2.21511998808782     
   6.60000000000000        2.31154136351338     
   6.70000000000000        2.40484992061660     
   6.80000000000000        2.49411335113861     
   6.90000000000000        2.57843976438820     
   7.00000000000000        2.65698659871879     
   7.10000000000000        2.72896904012588     
   7.20000000000000        2.79366786384915     
   7.30000000000000        2.85043662062856     
   7.40000000000000        2.89870809581163     
   7.50000000000000        2.93799997677474     
   7.60000000000000        2.96791967203149     
   7.70000000000000        2.98816823387700     
   7.80000000000000        2.99854334537461     
   7.90000000000000        2.99894134183977     
   8.00000000000000        2.98935824662338     
   8.10000000000000        2.96988981084509     
   8.20000000000000        2.94073055667977     
   8.30000000000000        2.90217183375629     
   8.40000000000000        2.85459890808828     
   8.50000000000000        2.79848711262349     
   8.60000000000000        2.73439709787411     
   8.70000000000000        2.66296923008218     
   8.80000000000000        2.58491719289176     
   8.90000000000000        2.50102085645788     
   9.00000000000000        2.41211848524176     
   9.10000000000000        2.31909836234935     
   9.20000000000000        2.22288991410025     
   9.30000000000000        2.12445442350706     
   9.40000000000000        2.02477542545336     
   9.50000000000000        1.92484887953819     
   9.60000000000000        1.82567321877702     
   9.70000000000000        1.72823937358906     
   9.80000000000000        1.63352087074807     
   9.90000000000000        1.54246410622468     
   10.0000000000000        1.45597888911063     
   10.1000000000000        1.37492935110712     
   10.2000000000000        1.30012531240646     
   10.3000000000000        1.23231419023642     
   10.4000000000000        1.17217353091435     
   10.5000000000000        1.12030424002833     
   10.6000000000000        1.07722457838719     
   10.7000000000000        1.04336498372981     
   10.8000000000000        1.01906376993351     
   10.9000000000000        1.00456374669362     
   11.0000000000000        1.00000979344930     
   11.1000000000000        1.00544741179601     
   11.2000000000000        1.02082227084868     
   11.3000000000000        1.04598075009791     
   11.4000000000000        1.08067147433532     
   11.5000000000000        1.12454782531157     
   11.6000000000000        1.17717140503129     
   11.7000000000000        1.23801641608097     
   11.8000000000000        1.30647491522288     
   11.9000000000000        1.38186288776297     
   12.0000000000000        1.46342708199957     
   12.1000000000000        1.55035253546540     
   12.2000000000000        1.64177071776317     
   12.3000000000000        1.73676820863420     
   12.4000000000000        1.83439582455169     
   12.5000000000000        1.93367810264880     
   12.6000000000000        2.03362304722114     
   12.7000000000000        2.13323204141994     
   12.8000000000000        2.23150982510154     
   12.9000000000000        2.32747443913769     
   13.0000000000000        2.42016703682664     
   13.1000000000000        2.50866146437238     
   13.2000000000000        2.59207351470722     
   13.3000000000000        2.66956976219660     
   13.4000000000000        2.74037588995245     
   13.5000000000000        2.80378442655162     
   13.6000000000000        2.85916181485650     
   13.7000000000000        2.90595474230846     
   13.8000000000000        2.94369566944410     
   13.9000000000000        2.97200750139498     
   14.0000000000000        2.99060735569487     
   14.1000000000000        2.99930938874792     
   14.2000000000000        2.99802665271636     
   14.3000000000000        2.98677196427461     
   14.4000000000000        2.96565777654928     
   14.5000000000000        2.93489505552468     
   14.6000000000000        2.89479117214050     
   14.7000000000000        2.84574683114293     
   14.8000000000000        2.78825206737532     
   14.9000000000000        2.72288134951198     
   15.0000000000000        2.65028784015712     
   15.1000000000000        2.57119686965999     
   15.2000000000000        2.48639868885380     
   15.3000000000000        2.39674057313061     
   15.4000000000000        2.30311835674570     
   15.5000000000000        2.20646748193780     
   15.6000000000000        2.10775365229944     
   15.7000000000000        2.00796318378594     
   15.8000000000000        1.90809314977232     
   15.9000000000000        1.80914141862581     
   16.0000000000000        1.71209668333493     
   16.1000000000000        1.61792858281599     
   16.2000000000000        1.52757801360153     
   16.3000000000000        1.44194772871322     
   16.4000000000000        1.36189331765205     
   16.5000000000000        1.28821465763088     
   16.6000000000000        1.22164792146570     
   16.7000000000000        1.16285822198025     
   16.8000000000000        1.11243296641850     
   16.9000000000000        1.07087598726563     
   17.0000000000000        1.03860250812044     
   17.1000000000000        1.01593499491836     
   17.2000000000000        1.00309993395840     
   17.3000000000000        1.00022556892699     
   17.4000000000000        1.00734061952937     
   17.5000000000000        1.02437399453184     
   17.6000000000000        1.05115550208188     
   17.7000000000000        1.08741755020882     
   17.8000000000000        1.13279782051442     
   17.9000000000000        1.18684288833851     
   18.0000000000000        1.24901275322832     
   18.1000000000000        1.31868623444450     
   18.2000000000000        1.39516717759372     
   18.3000000000000        1.47769141037327     
   18.4000000000000        1.56543437792811     
   18.5000000000000        1.65751938153039     
   18.6000000000000        1.75302633826338     
   18.7000000000000        1.85100097418580     
   18.8000000000000        1.95046435912163     
   18.9000000000000        2.05042268780681     
   19.0000000000000        2.14987720966295     
   19.1000000000000        2.24783420798296     
   19.2000000000000        2.34331492881990     
   19.3000000000000        2.43536536037289     
   19.4000000000000        2.52306576515770     
   19.5000000000000        2.60553986971960     
   19.6000000000000        2.68196362006814     
   19.7000000000000        2.75157341535215     
   19.8000000000000        2.81367373750711     
   19.9000000000000        2.86764410064167     
   20.0000000000000        2.91294525072763     
   20.1000000000000        2.94912455364789     
   20.2000000000000        2.97582051776698     
   20.3000000000000        2.99276640583591     
   20.4000000000000        2.99979290014267     
   20.5000000000000        2.99682979427880     
   20.6000000000000        2.98390669461862     
   20.7000000000000        2.96115272450212     
   20.8000000000000        2.92879523407724     
   20.9000000000000        2.88715752869235     
   21.0000000000000        2.83665563853606     
   21.1000000000000        2.77779416180109     
   21.2000000000000        2.71116122290598     
   21.3000000000000        2.63742259615024     
   21.4000000000000        2.55731505351766     
   21.5000000000000        2.47163900309420     
   21.6000000000000        2.38125049165494     
   21.7000000000000        2.28705265132773     
   21.8000000000000        2.18998667579544     
   21.9000000000000        2.09102241619984     
   22.0000000000000        1.99114869070960     
   22.1000000000000        1.89136340457592     
   22.2000000000000        1.79266357939324     
   22.3000000000000        1.69603539118895     
   22.4000000000000        1.60244431687856     
   22.5000000000000        1.51282548753949     
   22.6000000000000        1.42807434489044     
   22.7000000000000        1.34903769433375     
   22.8000000000000        1.27650524395575     
   22.9000000000000        1.21120171402458     
   23.0000000000000        1.15377959582483     
   23.1000000000000        1.10481263218032     
   23.2000000000000        1.06479008480546     
   23.3000000000000        1.03411184576393     
   23.4000000000000        1.01308444187935     
   23.5000000000000        1.00191797202060     
   23.6000000000000        1.00072400786337     
   23.7000000000000        1.00951447910284     
   23.8000000000000        1.02820155425614     
   23.9000000000000        1.05659851824545     
   24.0000000000000        1.09442163799338     
   24.1000000000000        1.14129299739007     
   24.2000000000000        1.19674427330605     
   24.3000000000000        1.26022141492211     
   24.4000000000000        1.33109017962198     
   24.5000000000000        1.40864247013488     
   24.6000000000000        1.49210340960938     
   24.7000000000000        1.58063908392677     
   24.8000000000000        1.67336487389528     
   24.9000000000000        1.76935429407261     
