  1  100  100 0.01 3   5
  2  100  100 0.01 3  13
  3  100  100 0.01 3  21
  4  100  100 0.02 3   5
  5  100  100 0.02 3  13
  6  100  100 0.02 3  21
  7  100  100 0.03 3   5
  8  100  100 0.03 3  13
  9  100  100 0.03 3  21
 10  100  100 0.04 3   5
 11  100  100 0.04 3  13
 12  100  100 0.04 3  21
 13  100  100 0.05 3   5
 14  100  100 0.05 3  13
 15  100  100 0.05 3  21
 16  100 1000 0.01 3   5
 17  100 1000 0.01 3  13
 18  100 1000 0.01 3  21
 19  100 1000 0.02 3   5
 20  100 1000 0.02 3  13
 21  100 1000 0.02 3  21
 22  100 1000 0.03 3   5
 23  100 1000 0.03 3  13
 24  100 1000 0.03 3  21
 25  100 1000 0.04 3   5
 26  100 1000 0.04 3  13
 27  100 1000 0.04 3  21
 28  100 1000 0.05 3   5
 29  100 1000 0.05 3  13
 30  100 1000 0.05 3  21
 31 1000 1000 0.01 3   5
 32 1000 1000 0.01 3  13
 33 1000 1000 0.01 3  21
 34 1000 1000 0.02 3   5
 35 1000 1000 0.02 3  13
 36 1000 1000 0.02 3  21
 37 1000 1000 0.03 3   5
 38 1000 1000 0.03 3  13
 39 1000 1000 0.03 3  21
 40 1000 1000 0.04 3   5
 41 1000 1000 0.04 3  13
 42 1000 1000 0.04 3  21
 43 1000 1000 0.05 3   5
 44 1000 1000 0.05 3  13
 45 1000 1000 0.05 3  21
