           X            C(x)           S(x)           g(x)           f(x)
 -6.0000000E+00 -4.9953147E-01 -4.4696076E-01  9.9953147E-01  9.4696076E-01
 -5.5000000E+00 -4.7842141E-01 -5.5368406E-01 -1.3071710E+00 -5.9905147E-01
 -5.0000000E+00 -5.6363119E-01 -4.9919139E-01  9.9919139E-01 -1.0636312E+00
 -4.5000000E+00 -5.2602592E-01 -4.3427298E-01  1.3054551E+00  4.7051256E-01
 -4.0000000E+00 -4.9842604E-01 -4.2051575E-01  9.9842604E-01  9.2051575E-01
 -3.5000000E+00 -5.3257244E-01 -4.1524801E-01  1.3042228E+00  4.5043054E-01
 -3.0000000E+00 -6.0572079E-01 -4.9631300E-01  9.9631300E-01 -1.1057208E+00
 -2.5000000E+00 -4.5741301E-01 -6.1918176E-01 -1.3128266E+00 -6.6760302E-01
 -2.0000000E+00 -4.8825341E-01 -3.4341568E-01  9.8825341E-01  8.4341568E-01
 -1.5000000E+00 -4.4526118E-01 -6.9750496E-01 -1.3315728E+00 -7.4461453E-01
 -1.0000000E+00 -7.7989340E-01 -4.3825915E-01  9.3825915E-01 -1.2798934E+00
 -5.0000000E-01 -4.9234423E-01 -6.4732433E-02  1.1329203E+00  1.4199104E-01
   .0000000E+00   .0000000E+00   .0000000E+00  5.0000000E-01  5.0000000E-01
  5.0000000E-01  4.9234423E-01  6.4732433E-02  1.7364270E-01  3.9920506E-01
  1.0000000E+00  7.7989340E-01  4.3825915E-01  6.1740853E-02  2.7989340E-01
  1.5000000E+00  4.4526118E-01  6.9750496E-01  2.5009797E-02  2.0341843E-01
  2.0000000E+00  4.8825341E-01  3.4341568E-01  1.1746594E-02  1.5658432E-01
  2.5000000E+00  4.5741301E-01  6.1918176E-01  6.2636346E-03  1.2640692E-01
  3.0000000E+00  6.0572079E-01  4.9631300E-01  3.6870010E-03  1.0572079E-01
  3.5000000E+00  5.3257244E-01  4.1524801E-01  2.3401756E-03  9.0765558E-02
  4.0000000E+00  4.9842603E-01  4.2051575E-01  1.5739670E-03  7.9484246E-02
  4.5000000E+00  5.2602592E-01  4.3427298E-01  1.1078333E-03  7.0683540E-02
  5.0000000E+00  5.6363119E-01  4.9919138E-01  8.0861808E-04  6.3631189E-02
  5.5000000E+00  4.7842141E-01  5.5368406E-01  6.0798832E-04  5.7855374E-02
  6.0000000E+00  4.9953147E-01  4.4696076E-01  4.6853214E-04  5.3039239E-02
