Requested percentage is 30%
Requested accuracy is 1e-08
Number of the roots that the program has calculated is 7128
Estimated percentage of the calculated roots is 43%
Estimated total number of roots in the interval (-200.5,100) is 16777.
The roots are: 
-200.49944
-200.45532
-200.44459
-200.4083
-200.38973
-200.35342
-200.33485
-200.29854
-200.2878
-200.24363
-200.23289
-200.18871
-200.17797
-200.13378
-200.12303
-200.07883
-200.06808
-200.02387
-200.01312
-199.96889
-199.95813
-199.91389
-199.90314
-199.85889
-199.84813
-199.80386
-199.7931
-199.74882
-199.73806
-199.69377
-199.683
-199.6387
-199.62793
-199.58361
-199.57284
-199.52851
-199.51773
-199.4734
-199.46262
-199.41827
-199.40748
-199.36312
-199.34445
-199.30796
-199.28929
-199.2449
-199.23411
-199.18971
-199.17891
-199.1345
-199.1237
-199.07927
-199.06847
-199.02403
-199.01323
-198.96878
-198.95007
-198.91351
-198.8948
-198.85032
-198.83951
-198.79502
-198.7842
-198.7397
-198.72888
-198.68436
-198.66563
-198.62111
-198.61028
-198.56574
-198.55491
-198.51036
-198.49161
-198.44704
-198.43621
-198.39163
-198.38079
-198.3362
-198.32535
-198.28075
-198.26198
-198.21736
-198.20651
-198.16188
-198.1431
-198.09846
-198.0876
-198.04294
-198.03209
-197.98742
-197.96862
-197.92393
-197.91307
-197.86837
-197.84956
-197.80485
-197.79398
-197.74926
-197.73044
-197.6857
-197.67482
-197.63007
-197.61124
-197.56648
-197.55559
-197.51081
-197.49197
-197.44718
-197.43629
-197.39148
-197.37263
-197.32781
-197.31691
-197.27208
-197.25321
-197.20837
-197.19746
-197.14464
-197.13373
-197.08885
-197.06997
-197.02508
-197.01417
-196.96129
-196.95038
-196.90546
-196.88656
-196.84163
-196.8307
-196.77778
-196.76685
-196.72189
-196.70298
-196.658
-196.63908
-196.59409
-196.58316
-196.53016
-196.51922
-196.47421
-196.45527
-196.41024
-196.39129
-196.34625
-196.32729
-196.28223
-196.27128
-196.2182
-196.20724
-196.15415
-196.14319
-196.09008
-196.07911
-196.03399
-196.01501
-195.96988
-195.95089
-195.90574
-195.88675
-195.84159
-195.82259
-195.77741
-195.7584
-195.71322
-195.6942
-195.649
-195.62998
-195.58476
-195.56573
-195.5205
-195.50146
-195.45621
-195.43717
-195.38387
-195.37287
-195.31954
-195.30853
-195.2552
-195.24418
-195.19083
-195.17176
-195.12644
-195.10737
-195.06203
-195.04295
-194.98954
-194.97851
-194.92508
-194.91405
-194.8606
-194.8415
-194.7961
-194.777
-194.72351
-194.71247
-194.65897
-194.63985
-194.5944
-194.57528
-194.52174
-194.51068
-194.45713
-194.43799
-194.39249
-194.37335
-194.31975
-194.3006
-194.25508
-194.23592
-194.18229
-194.16312
-194.11756
-194.09839
-194.04472
-194.02554
-193.97995
-193.96076
-193.90705
-193.88786
-193.84224
-193.82304
-193.76929
-193.75009
-193.69632
-193.67711
-193.63143
-193.61221
-193.55841
-193.53918
-193.48536
-193.46612
-193.4204
-193.40116
-193.34729
-193.32805
-193.27416
-193.25491
-193.201
-193.18174
-193.12782
-193.10855
-193.06274
-193.04346
-192.9895
-192.97021
-192.91623
-192.89694
-192.84293
-192.82364
-192.76961
-192.75031
-192.69626
-192.67695
-192.62288
-192.60356
-192.54947
-192.53015
-192.47604
-192.4567
-192.40258
-192.38323
-192.32909
-192.30974
-192.2474
-192.22804
-192.17384
-192.15448
-192.10027
-192.08089
-192.02666
-192.00728
-191.94484
-191.92545
-191.87117
-191.85178
-191.79748
-191.77808
-191.71556
-191.69615
-191.64181
-191.62239
-191.56803
-191.5486
-191.48601
-191.46658
-191.41217
-191.39273
-191.33009
-191.31064
-191.25619
-191.22851
-191.17404
-191.15457
-191.09185
-191.07238
-191.01786
-190.99015
-190.93561
-190.91612
-190.85332
-190.83382
-190.771
-190.75149
-190.69688
-190.66913
-190.61449
-190.59497
-190.53207
-190.51253
-190.44961
-190.43007
-190.36711
-190.34756
-190.28458
-190.26502
-190.20201
-190.18244
-190.11941
-190.09983
-190.03677
-190.01718
-189.95409
-189.92623
-189.87138
-189.84351
-189.78036
-189.76075
-189.69757
-189.67795
-189.61474
-189.58683
-189.5236
-189.50396
-189.4407
-189.41276
-189.34947
-189.32981
-189.26649
-189.23853
-189.17518
-189.1555
-189.09212
-189.06413
-189.00072
-188.98103
-188.90928
-188.88958
-188.82611
-188.79808
-188.73458
-188.70654
-188.64301
-188.61495
-188.55139
-188.53166
-188.45973
-188.43998
-188.36802
-188.34827
-188.27627
-188.24816
-188.18448
-188.15635
-188.09264
-188.0645
-188.00075
-187.9726
-187.90046
-187.88066
-187.80848
-187.7803
-187.71646
-187.68826
-187.61602
-187.58781
-187.5239
-187.49567
-187.42335
-187.39511
-187.33114
-187.30289
-187.23049
-187.20222
-187.12979
-187.1015
-187.02903
-187.00073
-186.92822
-186.8999
-186.82735
-186.79902
-186.72643
-186.69809
-186.62546
-186.5971
-186.52443
-186.49605
-186.42334
-186.38653
-186.31377
-186.28537
-186.21258
-186.18415
-186.10288
-186.07444
-186.00157
-185.96467
-185.89175
-185.86328
-185.78187
-185.75338
-185.67192
-185.64341
-185.5619
-185.53338
-185.45183
-185.42329
-185.34168
-185.31313
-185.23147
-185.2029
-185.1212
-185.08412
-185.00237
-184.97376
-184.89195
-184.85483
-184.77298
-184.73583
-184.65392
-184.62526
-184.5433
-184.50611
-184.4241
-184.38688
-184.29629
-184.26757
-184.17693
-184.13966
-184.05749
-184.0202
-183.92943
-183.89211
-183.80983
-183.77249
-183.6816
-183.64423
-183.55327
-183.51588
-183.42486
-183.38745
-183.29636
-183.25892
-183.16777
-183.12172
-183.03051
-182.99301
-182.89314
-182.85562
-182.76427
-182.71812
-182.6267
-182.58052
-182.48043
-182.44281
-182.34264
-182.29639
-182.19614
-182.15847
-182.05814
-182.01181
-181.91141
-181.86504
-181.75591
-181.70951
-181.60893
-181.56249
-181.45318
-181.40669
-181.29729
-181.25077
-181.14127
-181.0947
-180.98511
-180.92982
-180.82013
-180.76479
-180.655
-180.59961
-180.48102
-180.42558
-180.30687
-180.25137
-180.13255
-180.077
-179.95806
-179.89372
-179.77466
-179.71026
-179.58233
-179.52661
-179.3898
-179.33402
-179.19705
-179.13245
-178.99533
-178.93065
-178.79337
-178.71983
-178.5736
-178.50877
-178.36236
-178.28864
-178.13324
-178.05942
-177.90382
-177.82108
-177.65642
-177.57357
-177.40868
-177.31685
-177.14286
-177.05089
-176.86776
-176.77564
-176.58333
-176.48217
-176.27171
-176.17037
-175.95062
-175.83122
-175.6021
-175.47352
-175.21703
-175.0792
-174.79518
-174.63902
-174.31824
-174.1346
-173.74962
-173.51106
-172.99762
-172.63069
-169.94713
-169.57359
-169.06678
-168.8216
-168.44313
-168.25307
-167.93881
-167.77627
-167.49862
-167.35443
-167.10428
-166.96916
-166.74669
-166.62071
-166.40722
-166.29987
-166.09542
-165.98787
-165.80199
-165.70373
-165.52702
-165.42859
-165.2611
-165.16251
-165.00426
-164.91505
-164.75656
-164.66722
-164.51804
-164.43812
-164.28873
-164.20869
-164.06868
-163.99811
-163.85791
-163.77767
-163.64688
-163.57613
-163.44518
-163.37435
-163.24324
-163.18194
-163.05067
-162.9893
-162.86753
-162.79644
-162.68418
-162.61301
-162.50062
-162.43904
-162.32653
-162.26489
-162.15226
-162.09055
-161.97779
-161.91602
-161.81285
-161.75101
-161.64774
-161.59556
-161.48246
-161.43022
-161.32674
-161.27446
-161.17088
-161.11855
-161.01487
-160.96248
-160.86847
-160.81603
-160.71216
-160.65967
-160.56548
-160.51295
-160.41867
-160.37589
-160.28153
-160.2289
-160.13446
-160.09159
-159.99707
-159.94435
-159.85956
-159.8068
-159.72194
-159.67896
-159.58419
-159.54118
-159.45618
-159.40328
-159.31821
-159.27513
-159.18999
-159.14687
-159.06166
-159.01851
-158.93322
-158.89004
-158.80469
-158.76147
-158.68595
-158.64269
-158.55721
-158.51392
-158.43829
-158.39496
-158.30935
-158.27592
-158.19024
-158.14685
-158.07103
-158.02761
-157.95174
-157.91823
-157.84231
-157.79882
-157.72284
-157.67933
-157.60329
-157.56971
-157.49362
-157.45003
-157.37389
-157.34026
-157.26405
-157.2304
-157.15414
-157.12047
-157.04416
-157.01046
-156.93409
-156.90037
-156.82395
-156.7902
-156.71374
-156.67996
-156.61347
-156.56964
-156.5031
-156.46929
-156.39266
-156.35882
-156.29219
-156.25832
-156.19165
-156.14771
-156.08099
-156.04708
-155.98031
-155.94638
-155.87958
-155.84562
-155.77877
-155.7448
-155.67791
-155.64391
-155.57697
-155.54295
-155.47598
-155.44193
-155.37491
-155.34085
-155.27378
-155.2397
-155.18271
-155.1486
-155.08145
-155.04732
-154.99027
-154.95612
-154.88888
-154.85471
-154.79758
-154.76339
-154.69608
-154.67202
-154.60466
-154.57043
-154.5132
-154.47894
-154.42167
-154.3874
-154.3301
-154.2958
-154.22828
-154.20415
-154.13659
-154.11245
-154.04485
-154.02069
-153.96325
-153.92887
-153.8714
-153.837
-153.77949
-153.74508
-153.68754
-153.66332
-153.59552
-153.57129
-153.51369
-153.47921
-153.42157
-153.39731
-153.33964
-153.30512
-153.24741
-153.22313
-153.16539
-153.13084
-153.07306
-153.04875
-152.99095
-152.95635
-152.89852
-152.87418
-152.81631
-152.79195
-152.73405
-152.6994
-152.65175
-152.61708
-152.56941
-152.53472
-152.47672
-152.45231
-152.39428
-152.36986
-152.3118
-152.28737
-152.22928
-152.20483
-152.1467
-152.12224
-152.06409
-152.03961
-151.98143
-151.95694
-151.90906
-151.87422
-151.82632
-151.8018
-151.74353
-151.719
-151.66069
-151.63615
-151.58817
-151.55326
-151.50525
-151.48069
-151.42228
-151.39771
-151.34965
-151.31468
-151.2666
-151.242
-151.1835
-151.15889
-151.11076
-151.08613
-151.03797
-151.00293
-150.95475
-150.9301
-150.88189
-150.85723
-150.79858
-150.7739
-150.72565
-150.70096
-150.65268
-150.62798
-150.56925
-150.54453
-150.4962
-150.47147
-150.42312
-150.39838
-150.35001
-150.32525
-150.2664
-150.24164
-150.19321
-150.16843
-150.11998
-150.09519
-150.04672
-150.02192
-149.97342
-149.94861
-149.90009
-149.87526
-149.82672
-149.80188
-149.75331
-149.72846
-149.67987
-149.655
-149.60639
-149.58151
-149.53287
-149.50798
-149.46983
-149.44493
-149.39625
-149.37134
-149.32263
-149.29771
-149.24898
-149.22404
-149.17529
-149.15034
-149.11209
-149.08713
-149.03833
-149.01336
-148.96454
-148.93956
-148.90126
-148.87626
-148.82739
-148.80239
-148.75349
-148.72848
-148.69012
-148.66509
-148.61615
-148.59111
-148.55272
-148.52767
-148.47869
-148.45362
-148.4152
-148.39012
-148.34109
-148.31601
-148.27755
-148.25245
-148.20337
-148.17826
-148.13976
-148.11464
-148.06552
-148.051
-148.00185
-147.97671
-147.93816
-147.913
-147.86382
-147.84927
-147.80006
-147.77488
-147.73628
-147.71109
-147.67247
-147.64727
-147.598
-147.58343
-147.53413
-147.5089
-147.47023
-147.445
-147.40631
-147.38106
-147.34236
-147.3171
-147.26771
-147.25311
-147.2037
-147.18909
-147.13966
-147.12505
-147.07559
-147.05029
-147.0115
-146.98618
-146.94738
-146.92205
-146.88323
-146.85789
-146.81905
-146.7937
-146.75484
-146.72948
-146.6906
-146.66523
-146.62634
-146.60096
-146.56205
-146.53666
-146.49773
-146.48305
-146.43338
-146.41869
-146.369
-146.35431
-146.3046
-146.2899
-146.25091
-146.22546
-146.18645
-146.16099
-146.12197
-146.0965
-146.05745
-146.04273
-145.99291
-145.97818
-145.9391
-145.9136
-145.87451
-145.849
-145.80988
-145.79514
-145.74523
-145.73048
-145.69133
-145.66579
-145.62663
-145.61186
-145.5619
-145.54712
-145.50793
-145.48235
-145.44314
-145.42836
-145.37833
-145.36354
-145.3243
-145.29869
-145.25943
-145.24462
-145.20535
-145.17972
-145.14043
-145.12561
-145.0863
-145.06065
-145.02133
-145.0065
-144.96716
-144.94149
-144.90214
-144.88729
-144.84792
-144.82223
-144.78284
-144.76799
-144.72858
-144.70287
-144.66345
-144.64858
-144.60915
-144.58341
-144.54396
-144.52908
-144.48961
-144.47473
-144.43525
-144.40948
-144.36998
-144.35508
-144.31557
-144.30066
-144.26113
-144.23534
-144.19579
-144.18087
-144.14131
-144.12639
-144.08681
-144.06098
-144.02139
-144.00645
-143.96684
-143.9519
-143.91228
-143.88642
-143.84677
-143.83182
-143.79216
-143.77721
-143.73753
-143.72257
-143.68288
-143.66791
-143.62821
-143.6023
-143.56257
-143.54759
-143.50786
-143.49287
-143.45312
-143.43813
-143.39836
-143.38336
-143.34358
-143.32857
-143.28877
-143.2628
-143.23395
-143.20797
-143.16814
-143.15312
-143.11327
-143.09824
-143.05838
-143.04335
-143.00347
-142.98843
-142.94853
-142.93349
-142.89358
-142.87853
-142.83861
-142.82355
-142.78361
-142.76855
-142.72859
-142.71353
-142.67356
-142.65848
-142.6185
-142.60342
-142.56342
-142.54833
-142.50832
-142.49322
-142.45319
-142.4381
-142.39805
-142.38295
-142.34288
-142.32777
-142.28769
-142.27258
-142.24353
-142.21737
-142.1883
-142.17318
-142.13306
-142.11793
-142.07779
-142.06265
-142.0225
-142.00736
-141.96719
-141.95204
-141.91185
-141.8967
-141.86757
-141.84134
-141.8122
-141.79703
-141.7568
-141.74163
-141.70139
-141.68621
-141.64595
-141.63077
-141.60159
-141.5753
-141.54611
-141.53092
-141.49061
-141.47541
-141.43509
-141.41989
-141.39066
-141.36434
-141.3351
-141.31989
-141.27952
-141.2643
-141.22392
-141.20869
-141.17942
-141.16419
-141.12378
-141.10854
-141.06811
-141.05287
-141.02357
-141.00832
-140.96786
-140.95261
-140.91214
-140.89688
-140.86754
-140.85227
-140.81178
-140.7965
-140.76715
-140.74071
-140.71134
-140.69606
-140.65552
-140.64023
-140.61084
-140.59554
-140.55497
-140.53967
-140.51026
-140.49496
-140.45435
-140.43904
-140.40961
-140.38311
-140.35366
-140.33834
-140.29769
-140.28237
-140.2529
-140.23757
-140.19689
-140.18155
-140.15207
-140.13672
-140.09602
-140.08067
-140.05116
-140.03581
-139.99507
-139.97971
-139.95018
-139.93482
-139.89405
-139.87868
-139.84913
-139.83375
-139.80419
-139.78881
-139.74801
-139.73262
-139.70304
-139.68764
-139.64681
-139.63141
-139.60181
-139.5864
-139.55679
-139.54138
-139.5005
-139.48509
-139.45545
-139.44003
-139.39912
-139.3837
-139.35404
-139.33861
-139.30895
-139.29351
-139.25256
-139.23711
-139.20743
-139.19198
-139.16229
-139.14683
-139.10584
-139.09038
-139.06066
-139.0452
-139.01547
-139
-138.95896
-138.94349
-138.91374
-138.89826
-138.8685
-138.85302
-138.76666
-138.75116
-138.72138
-138.70587
-138.67607
-138.66057
-138.61943
-138.60391
-138.57409
-138.55857
-138.52874
-138.51322
-138.48338
-138.46785
-138.438
-138.42247
-138.38126
-138.36572
-138.33584
-138.3203
-138.29042
-138.27487
-138.24498
-138.22942
-138.19952
-138.18396
-138.14268
-138.12711
-138.09718
-138.08161
-138.05168
-138.0361
-138.00616
-137.99058
-137.96062
-137.94503
-137.91507
-137.89948
-137.81253
-137.79692
-137.76693
-137.75132
-137.72131
-137.7057
-137.67568
-137.66006
-137.63004
-137.61441
-137.58438
-137.56875
-137.5387
-137.52307
-137.49301
-137.47737
-137.44731
-137.43166
-137.40158
-137.38593
-137.35585
-137.34019
-137.29866
-137.29443
-137.2071
-137.20288
-137.11548
-137.11125
-137.0238
-137.01957
-136.93206
-136.92783
-136.84026
-136.83603
-136.7484
-136.74416
-136.71393
-136.6982
-136.66797
-136.65223
-136.62199
-136.60624
-136.57599
-136.56024
-136.52998
-136.51422
-136.48395
-136.46819
-136.4379
-136.42214
-136.39184
-136.37608
-136.34577
-136.33
-136.29968
-136.2839
-136.25357
-136.24932
-136.17285
-136.15706
-136.1267
-136.1109
-136.08054
-136.06473
-136.03436
-136.01855
-135.98816
-135.97234
-135.94195
-135.92613
-135.86104
-135.84521
-135.81478
-135.79895
-135.76851
-135.75267
-135.72223
-135.70638
-135.67592
-135.66007
-135.62961
-135.62533
-135.59486
-135.579
-135.54851
-135.53265
-135.50215
-135.48628
-135.42098
-135.4051
-135.37457
-135.35869
-135.32815
-135.31226
-135.28171
-135.26582
-135.20041
-135.1845
-135.15393
-135.13802
-135.10743
-135.09152
-135.06092
-135.05663
-135.02602
-135.0101
-134.97948
-134.96355
-134.93293
-134.92863
-134.898
-134.88206
-134.85141
-134.83546
-134.80481
-134.78886
-134.76985
-134.75389
-134.72322
-134.70726
-134.67657
-134.66061
-134.5949
-134.57893
-134.54821
-134.53223
-134.46647
-134.45047
-134.41973
-134.40373
-134.38467
-134.36867
-134.33791
-134.3219
-134.29113
-134.28681
-134.25603
-134.24001
-134.20922
-134.1932
-134.1624
-134.15808
-134.12727
-134.11124
-134.08042
-134.06438
-134.04527
-134.02922
-133.99838
-133.98234
-133.9163
-133.90024
-133.86937
-133.86504
-133.83417
-133.8181
-133.78721
-133.77114
-133.75199
-133.73591
-133.705
-133.68892
-133.62274
-133.60664
-133.57571
-133.57137
-133.54042
-133.52432
-133.45806
-133.44195
-133.41097
-133.40663
-133.37564
-133.35952
-133.32853
-133.3124
-133.29318
-133.27704
-133.24603
-133.22989
-133.21066
-133.19452
-133.16349
-133.14734
-133.12809
-133.11194
-133.08089
-133.06473
-133.04547
-133.02931
-132.9628
-132.94663
-132.91554
-132.91118
-132.88008
-132.8639
-132.79731
-132.78111
-132.74998
-132.74562
-132.71448
-132.69828
-132.67897
-132.66276
-132.6316
-132.61539
-132.59607
-132.57985
-132.54867
-132.5443
-132.51312
-132.49689
-132.43011
-132.41388
-132.39453
-132.37828
-132.34706
-132.34268
-132.31145
-132.29519
-132.22832
-132.21205
-132.19268
-132.17641
-132.14514
-132.14075
-132.10947
-132.09319
-132.0738
-132.05751
-131.99052
-131.97422
-131.9429
-131.93851
-131.90718
-131.89088
-131.87145
-131.85515
-131.78805
-131.77173
-131.75228
-131.73596
-131.70459
-131.70019
-131.6688
-131.65247
-131.63301
-131.61667
-131.51362
-131.49727
-131.47778
-131.46143
-131.42999
-131.42558
-131.39413
-131.37776
-131.35826
-131.34189
-131.27452
-131.25814
-131.23862
-131.22224
-131.19074
-131.18632
-131.15481
-131.15039
-131.11888
-131.10248
-131.08293
-131.06653
-130.96305
-130.94662
-130.92706
-130.91063
-130.87906
-130.87463
-130.84305
-130.83862
-130.80703
-130.79059
-130.771
-130.75455
-130.73496
-130.71851
-130.61475
-130.59829
-130.57867
-130.5622
-130.53054
-130.5261
-130.49443
-130.48999
-130.45832
-130.45387
-130.42219
-130.4057
-130.38605
-130.36956
-130.22934
-130.21283
-130.19315
-130.17664
-130.15695
-130.14043
-130.10867
-130.10422
-130.07245
-130.06799
-130.03621
-130.03176
-129.99997
-129.98343
-129.96371
-129.94717
-129.92745
-129.9109
-129.89118
-129.87462
-129.69754
-129.68096
-129.6612
-129.64462
-129.62485
-129.60826
-129.58849
-129.5719
-129.54
-129.53552
-129.50362
-129.49914
-129.46722
-129.46275
-129.43082
-129.42634
-129.39441
-129.38993
-129.35798
-129.3535
-129.32155
-129.30492
-129.2851
-129.26847
-129.24865
-129.23201
-129.21218
-129.19554
-129.17571
-129.15906
-129.13922
-129.12257
-127.8188
-127.80198
-127.78193
-127.7651
-127.74505
-127.72821
-127.70815
-127.69131
-127.67125
-127.6544
-127.63433
-127.61748
-127.59741
-127.59286
-127.56047
-127.55593
-127.52352
-127.51898
-127.48656
-127.48202
-127.44959
-127.44505
-127.41261
-127.40806
-127.37562
-127.37107
-127.35096
-127.33407
-127.31395
-127.29706
-127.27693
-127.26003
-127.2399
-127.223
-127.02986
-127.01293
-126.99276
-126.97582
-126.95564
-126.9387
-126.91852
-126.91395
-126.88138
-126.87682
-126.84424
-126.83967
-126.80708
-126.80251
-126.78231
-126.76534
-126.74513
-126.72816
-126.57151
-126.55451
-126.53427
-126.51727
-126.49702
-126.49244
-126.45976
-126.45518
-126.42249
-126.41791
-126.38521
-126.38063
-126.36035
-126.34333
-126.32305
-126.30603
-126.1862
-126.16916
-126.14885
-126.1318
-126.11149
-126.10689
-126.07411
-126.06952
-126.03673
-126.03213
-126.0118
-125.99474
-125.9744
-125.95733
-125.87461
-125.85752
-125.83716
-125.82007
-125.79971
-125.7951
-125.76225
-125.75764
-125.72477
-125.72016
-125.69978
-125.68267
-125.56224
-125.54512
-125.52471
-125.52009
-125.48716
-125.48254
-125.46212
-125.44498
-125.42456
-125.40741
-125.32433
-125.30717
-125.28672
-125.26955
-125.2491
-125.24447
-125.21147
-125.20684
-125.18638
-125.1692
-125.08596
-125.06876
-125.04828
-125.03108
-125.01059
-125.00595
-124.97289
-124.96825
-124.94774
-124.93053
-124.84713
-124.82991
-124.80938
-124.80474
-124.77162
-124.76697
-124.74644
-124.7292
-124.64566
-124.62841
-124.60785
-124.6032
-124.57003
-124.56537
-124.5448
-124.52754
-124.44386
-124.42658
-124.40599
-124.40133
-124.36811
-124.36344
-124.34284
-124.32555
-124.24174
-124.22443
-124.2038
-124.19914
-124.16586
-124.16119
-124.14055
-124.12323
-124.07727
-124.05994
-124.03929
-124.03461
-124.00129
-123.99661
-123.97595
-123.9586
-123.87455
-123.85719
-123.8365
-123.83182
-123.81113
-123.79376
-123.70959
-123.69221
-123.67149
-123.66681
-123.64609
-123.62869
-123.54441
-123.53972
-123.50626
-123.50157
-123.48083
-123.46341
-123.37902
-123.37432
-123.34082
-123.33612
-123.31534
-123.2979
-123.25163
-123.23419
-123.2134
-123.20869
-123.1879
-123.17044
-123.08584
-123.08113
-123.04755
-123.04284
-123.02202
-123.00454
-122.95816
-122.94067
-122.91983
-122.91511
-122.89427
-122.87677
-122.79197
-122.78725
-122.75359
-122.74887
-122.66398
-122.65926
-122.62556
-122.62083
-122.53586
-122.51831
-122.49739
-122.49266
-122.47175
-122.45419
-122.4076
-122.39003
-122.3691
-122.36436
-122.34342
-122.32584
-122.27921
-122.26162
-122.24066
-122.23592
-122.21496
-122.19736
-122.15068
-122.13307
-122.1121
-122.10735
-122.02202
-122.01727
-121.98339
-121.97864
-121.89322
-121.88846
-121.86744
-121.8498
-121.80298
-121.78532
-121.76428
-121.75952
-121.73848
-121.72081
-121.67395
-121.65627
-121.63521
-121.63045
-121.54478
-121.54001
-121.51893
-121.50123
-121.45428
-121.43657
-121.41548
-121.4107
-121.3896
-121.37188
-121.32488
-121.3201
-121.28603
-121.28125
-121.23422
-121.21648
-121.19534
-121.19056
-121.10458
-121.09979
-121.07864
-121.06088
-121.01375
-120.99598
-120.97481
-120.97001
-120.92286
-120.90507
-120.88388
-120.87908
-120.85789
-120.84009
-120.79289
-120.78809
-120.76688
-120.74907
-120.70182
-120.69702
-120.66278
-120.65797
-120.61069
-120.59286
-120.57161
-120.56681
-120.48038
-120.47557
-120.45431
-120.43645
-120.38909
-120.38427
-120.36299
-120.34512
-120.29772
-120.2929
-120.2716
-120.25372
-120.20628
-120.20146
-120.16707
-120.16225
-120.11477
-120.10995
-120.07553
-120.07071
-120.0232
-120.01837
-119.98393
-119.9791
-119.93155
-119.92671
-119.89225
-119.88741
-119.83983
-119.83499
-119.8005
-119.79566
-119.74804
-119.7432
-119.70868
-119.70384
-119.65619
-119.65134
-119.6168
-119.61195
-119.56426
-119.55941
-119.53798
-119.51999
-119.47226
-119.46741
-119.44596
-119.42795
-119.38019
-119.37533
-119.28805
-119.28319
-119.23536
-119.21733
-119.19583
-119.19097
-119.14311
-119.12506
-119.10355
-119.09868
-119.05079
-119.04592
-119.02439
-119.00633
-118.95839
-118.95352
-118.86592
-118.86104
-118.81305
-118.79495
-118.77338
-118.7685
-118.72047
-118.71559
-118.694
-118.67588
-118.62782
-118.62293
-118.57484
-118.5567
-118.53509
-118.5302
-118.48207
-118.47718
-118.45555
-118.4374
-118.38923
-118.38433
-118.33615
-118.31797
-118.29632
-118.29142
-118.24319
-118.23829
-118.19004
-118.17185
-118.15016
-118.14526
-118.09697
-118.09206
-118.07037
-118.05215
-118.00383
-117.99892
-117.95057
-117.94566
-117.92393
-117.9057
-117.85731
-117.85239
-117.80399
-117.79907
-117.77732
-117.75906
-117.71061
-117.70569
-117.65722
-117.6523
-117.63052
-117.61224
-117.56373
-117.5588
-117.51028
-117.50534
-117.48354
-117.46523
-117.41667
-117.41173
-117.36314
-117.3582
-117.30959
-117.29126
-117.26942
-117.26447
-117.21583
-117.21088
-117.16221
-117.15726
-117.13539
-117.11703
-117.06832
-117.06337
-117.01464
-117.00969
-116.96093
-116.94254
-116.92063
-116.91568
-116.86688
-116.86192
-116.81311
-116.80814
-116.75931
-116.74089
-116.71894
-116.71397
-116.6651
-116.66013
-116.61123
-116.60626
-116.55733
-116.53888
-116.53038
-116.51192
-116.46296
-116.45798
-116.409
-116.40402
-116.35501
-116.35003
-116.30099
-116.2825
-116.26047
-116.25548
-116.20641
-116.20142
-116.15233
-116.14734
-116.09822
-116.09323
-116.04409
-116.02556
-116.00348
-115.99848
-115.9493
-115.9443
-115.8951
-115.8901
-115.84087
-115.83587
-115.78662
-115.78161
-115.73234
-115.71376
-115.69161
-115.6866
-115.63729
-115.63228
-115.58294
-115.57793
-115.52857
-115.52355
-115.47417
-115.46915
-115.41975
-115.41472
-115.3653
-115.34665
-115.33806
-115.31941
-115.26995
-115.26492
-115.21542
-115.21039
-115.16088
-115.15584
-115.1063
-115.10127
-115.05171
-115.04667
-114.99708
-114.99204
-114.94243
-114.93739
-114.88775
-114.88271
-114.83305
-114.828
-114.77832
-114.77327
-114.75095
-114.70482
-114.69618
-114.65003
-114.62768
-114.62263
-114.57286
-114.5678
-114.518
-114.51294
-114.46312
-114.45806
-114.40822
-114.40315
-114.35328
-114.34822
-114.29833
-114.29325
-114.24334
-114.23827
-114.18833
-114.18325
-114.13329
-114.12821
-114.07823
-114.07315
-114.02314
-114.01805
-113.96802
-113.96293
-113.91287
-113.90778
-113.8577
-113.85261
-113.8025
-113.79741
-113.74728
-113.71456
-113.70584
-113.65929
-113.65057
-113.61782
-113.56761
-113.56251
-113.51227
-113.50717
-113.45691
-113.4518
-113.40152
-113.3964
-113.3461
-113.34098
-113.29065
-113.28553
-113.23517
-113.23006
-113.17967
-113.17455
-113.12414
-113.11902
-113.06859
-113.03567
-112.9991
-112.99397
-112.94349
-112.93835
-112.88784
-112.88271
-112.83217
-112.82703
-112.77647
-112.77133
-112.72074
-112.7156
-112.67893
-112.6459
-112.59525
-112.59011
-112.53944
-112.53429
-112.48359
-112.47844
-112.42772
-112.42256
-112.37182
-112.3387
-112.30191
-112.29674
-112.24594
-112.24078
-112.18995
-112.18478
-112.13393
-112.12876
-112.0919
-112.0587
-112.00779
-112.00261
-111.95168
-111.9465
-111.89554
-111.89036
-111.85342
-111.82014
-111.76913
-111.76394
-111.7129
-111.70771
-111.65664
-111.62331
-111.58627
-111.58108
-111.52995
-111.52476
-111.4736
-111.4684
-111.40312
-111.39792
-111.34671
-111.3415
-111.29027
-111.28506
-111.21967
-111.21446
-111.16316
-111.15795
-111.10663
-111.07313
-111.03592
-111.0307
-110.97931
-110.97409
-110.92268
-110.9033
-110.85186
-110.84663
-110.79516
-110.78993
-110.72425
-110.71902
-110.66749
-110.66225
-110.6107
-110.59126
-110.53967
-110.53443
-110.48282
-110.46335
-110.4117
-110.40645
-110.35478
-110.32106
-110.28359
-110.27833
-110.2266
-110.22134
-110.15533
-110.15006
-110.09827
-110.09301
-110.02691
-110.02164
-109.96979
-109.96452
-109.89835
-109.89307
-109.84116
-109.82158
-109.76964
-109.76435
-109.71238
-109.69278
-109.64077
-109.63548
-109.59778
-109.56382
-109.51175
-109.50646
-109.44001
-109.43472
-109.38258
-109.36292
-109.31076
-109.30546
-109.26764
-109.23358
-109.18135
-109.17604
-109.10939
-109.10408
-109.05179
-109.03207
-108.97975
-108.97443
-108.90765
-108.90233
-108.84995
-108.83019
-108.77777
-108.77244
-108.70554
-108.70021
-108.63327
-108.62793
-108.57541
-108.55561
-108.50305
-108.49771
-108.43064
-108.4253
-108.35819
-108.35284
-108.30019
-108.28033
-108.22764
-108.22229
-108.15505
-108.14969
-108.08241
-108.07704
-108.00972
-108.00435
-107.95153
-107.9316
-107.87875
-107.85881
-107.80592
-107.80054
-107.73304
-107.72766
-107.66011
-107.65473
-107.58714
-107.58175
-107.51411
-107.50872
-107.44104
-107.43564
-107.38254
-107.36251
-107.30938
-107.28933
-107.23616
-107.21611
-107.1629
-107.14283
-107.08958
-107.0695
-107.01621
-106.99612
-106.9428
-106.92269
-106.86933
-106.84921
-106.79582
-106.77568
-106.72225
-106.7021
-106.6339
-106.62847
-106.56022
-106.55478
-106.48649
-106.48105
-106.41271
-106.40726
-106.33888
-106.33343
-106.26499
-106.24476
-106.19106
-106.17081
-106.11707
-106.09681
-106.02822
-106.02275
-105.95412
-105.94865
-105.87997
-105.85966
-105.80576
-105.78544
-105.71665
-105.71117
-105.64233
-105.63684
-105.56796
-105.54759
-105.49354
-105.47315
-105.40416
-105.39866
-105.32962
-105.3092
-105.25503
-105.23459
-105.16545
-105.15993
-105.09074
-105.07027
-105.00102
-104.9955
-104.92619
-104.90569
-104.83633
-104.8308
-104.76139
-104.74086
-104.68639
-104.66585
-104.59632
-104.57576
-104.50618
-104.50063
-104.431
-104.4104
-104.34071
-104.33515
-104.26541
-104.24478
-104.17498
-104.15433
-104.09956
-104.0789
-104.00898
-103.98831
-103.91833
-103.91275
-103.84272
-103.82201
-103.75192
-103.73119
-103.66104
-103.6403
-103.57008
-103.56449
-103.49422
-103.47344
-103.40312
-103.38232
-103.31193
-103.29111
-103.22067
-103.19983
-103.12932
-103.10846
-103.03789
-103.01702
-102.94638
-102.92549
-102.85479
-102.84915
-102.76312
-102.75747
-102.67136
-102.65041
-102.57952
-102.55856
-102.48761
-102.46662
-102.3956
-102.3746
-102.30352
-102.2825
-102.21135
-102.19031
-102.1191
-102.09804
-102.01137
-102.00569
-101.91894
-101.89784
-101.82642
-101.8053
-101.73383
-101.71269
-101.62569
-101.60452
-101.5329
-101.51172
-101.44004
-101.41884
-101.33158
-101.31036
-101.23853
-101.21729
-101.12986
-101.1086
-101.03662
-101.01534
-100.92774
-100.90643
-100.81873
-100.7974
-100.72521
-100.70386
-100.61599
-100.59461
-100.50664
-100.48525
-100.41283
-100.37576
-100.30326
-100.28182
-100.19358
-100.17212
-100.08378
-100.06229
-99.973853
-99.952341
-99.863808
-99.842272
-99.753641
-99.732082
-99.643353
-99.621769
-99.532943
-99.495549
-99.42241
-99.384974
-99.295935
-99.274276
-99.185138
-99.163455
-99.074217
-99.03665
-98.947298
-98.925562
-98.83611
-98.798452
-98.708884
-98.687096
-98.597427
-98.559679
-98.469894
-98.448053
-98.342195
-98.320325
-98.230322
-98.192432
-98.102311
-98.064371
-97.974132
-97.936143
-97.845786
-97.807747
-97.717271
-97.679182
-97.588587
-97.550448
-97.443615
-97.421544
-97.314569
-97.276322
-97.185352
-97.147054
-97.039776
-97.017614
-96.910193
-96.871786
-96.764204
-96.725739
-96.617994
-96.579472
-96.487844
-96.44927
-96.341215
-96.302582
-96.178032
-96.139333
-96.03093
-95.992172
-95.883602
-95.844784
-95.736048
-95.680754
-95.571831
-95.532887
-95.407332
-95.36832
-95.25904
-95.203469
-95.093999
-95.038332
-94.912123
-94.872908
-94.746479
-94.707195
-94.580544
-94.524575
-94.397679
-94.341601
-94.214459
-94.158272
-94.030882
-93.974585
-93.846946
-93.790539
-93.645876
-93.589348
-93.444374
-93.387724
-93.242436
-93.185663
-93.04006
-92.966269
-92.820322
-92.76329
-92.600061
-92.525919
-92.362271
-92.304957
-92.123867
-92.066404
-91.884844
-91.810124
-91.628056
-91.553126
-91.353353
-91.278198
-91.077822
-90.985177
-90.784154
-90.691209
-90.472172
-90.361524
-90.124259
-90.013184
-89.774998
-89.645969
-89.37166
-89.224445
-88.913509
-88.747837
-88.399694
-88.197444
-87.75767
-87.482144
-86.803826
-86.106704
-85.196503
-84.486119
-83.821037
-83.532527
-83.086967
-82.890704
-82.536888
-82.358389
-82.059723
-81.918543
-81.656749
-81.514871
-81.271107
-81.147914
-80.922458
-80.818172
-80.611281
-80.506592
-80.298899
-80.193802
-80.024564
-79.919107
-79.749286
-79.643464
-79.492816
-79.386653
-79.235517
-79.148857
-78.997266
-78.910344
-78.758294
-78.691072
-78.538598
-78.471188
-78.318286
-78.250686
-78.117463
-78.029561
-77.895959
-77.827992
-77.694044
-77.625901
-77.511871
-77.443567
-77.308953
-77.260804
-77.125871
-77.057225
-76.942352
-76.893973
-76.758395
-76.7099
-76.594507
-76.525384
-76.430267
-76.360996
-76.245075
-76.196253
-76.080081
-76.031153
-75.914728
-75.865694
-75.769749
-75.699873
-75.603717
-75.554481
-75.45814
-75.387976
-75.291422
-75.241981
-75.14524
-75.095703
-74.998773
-74.949139
-74.852019
-74.802288
-74.704977
-74.655148
-74.557645
-74.507718
-74.431128
-74.381116
-74.283253
-74.233141
-74.135083
-74.106071
-74.007844
-73.957546
-73.880386
-73.830001
-73.752708
-73.702235
-73.60347
-73.574248
-73.47531
-73.446037
-73.346927
-73.317602
-73.218318
-73.188942
-73.089483
-73.060055
-72.981947
-72.930941
-72.852694
-72.801597
-72.723211
-72.693635
-72.615133
-72.563869
-72.485226
-72.455552
-72.376792
-72.325359
-72.246456
-72.216685
-72.137663
-72.107847
-72.028706
-71.977024
-71.89774
-71.867824
-71.788418
-71.758457
-71.67893
-71.648923
-71.569275
-71.539221
-71.459451
-71.429351
-71.349458
-71.319312
-71.239295
-71.209103
-71.128962
-71.098722
-71.018457
-70.988171
-70.90778
-70.877446
-70.79693
-70.766549
-70.708125
-70.655477
-70.596962
-70.566494
-70.485623
-70.455107
-70.396425
-70.365871
-70.284769
-70.254166
-70.172934
-70.142283
-70.083339
-70.052648
-69.971183
-69.940443
-69.881328
-69.850549
-69.791358
-69.760539
-69.678732
-69.647863
-69.5885
-69.557591
-69.475545
-69.467201
-69.385049
-69.354049
-69.294434
-69.263394
-69.203701
-69.17262
-69.112849
-69.081727
-68.999115
-68.967942
-68.907993
-68.876779
-68.816751
-68.785495
-68.725387
-68.694089
-68.633901
-68.602562
-68.542294
-68.510913
-68.450564
-68.419141
-68.358711
-68.327245
-68.266734
-68.235226
-68.174633
-68.143083
-68.082407
-68.050814
-67.990057
-67.981531
-67.920712
-67.889043
-67.828141
-67.796429
-67.735444
-67.703689
-67.642619
-67.610821
-67.549667
-67.541086
-67.47987
-67.447994
-67.386693
-67.354774
-67.293388
-67.284774
-67.223324
-67.191327
-67.129791
-67.09775
-67.036129
-67.027481
-66.965795
-66.933675
-66.871903
-66.863234
-66.801397
-66.769197
-66.707273
-66.675028
-66.636592
-66.604314
-66.542235
-66.509911
-66.47138
-66.43902
-66.376788
-66.368055
-66.305755
-66.273315
-66.210927
-66.202171
-66.139716
-66.107194
-66.068428
-66.035872
-65.973259
-65.964472
-65.901791
-65.869152
-65.830246
-65.797572
-65.734732
-65.725913
-65.663004
-65.630247
-65.591199
-65.558405
-65.495336
-65.486485
-65.423346
-65.414486
-65.351277
-65.318363
-65.279129
-65.246178
-65.182807
-65.173914
-65.110472
-65.101569
-65.038056
-65.029143
-64.96556
-64.93245
-64.892983
-64.859836
-64.820324
-64.78714
-64.747584
-64.714363
-64.674762
-64.641504
-64.577539
-64.568562
-64.504525
-64.495538
-64.431428
-64.422431
-64.358249
-64.349241
-64.284986
-64.275968
-64.211639
-64.202611
-64.138209
-64.129171
-64.064694
-64.055646
-63.991095
-63.982036
-63.917411
-63.908342
-63.843643
-63.834563
-63.794416
-63.760698
-63.720505
-63.686748
-63.646508
-63.612712
-63.572425
-63.538589
-63.498255
-63.489126
-63.423999
-63.414859
-63.349656
-63.340505
-63.275225
-63.266064
-63.225556
-63.191534
-63.150979
-63.116917
-63.076314
-63.067123
-63.00156
-62.992359
-62.926718
-62.917506
-62.876773
-62.842563
-62.801782
-62.792552
-62.726701
-62.71746
-62.65153
-62.642278
-62.601366
-62.567006
-62.526045
-62.516774
-62.450633
-62.44135
-62.400307
-62.365836
-62.324743
-62.315442
-62.249087
-62.239774
-62.198598
-62.164015
-62.122788
-62.113457
-62.046886
-62.037543
-61.996233
-61.961536
-61.920175
-61.910813
-61.844024
-61.834651
-61.793204
-61.783823
-61.716897
-61.707504
-61.665972
-61.63109
-61.589507
-61.580095
-61.538477
-61.503523
-61.461853
-61.452422
-61.410717
-61.37569
-61.333934
-61.324483
-61.257054
-61.247591
-61.205747
-61.196276
-61.128706
-61.119223
-61.077291
-61.0678
-61.000088
-60.990585
-60.948565
-60.939054
-60.896998
-60.861675
-60.819566
-60.810035
-60.76789
-60.732492
-60.690293
-60.680741
-60.638506
-60.628947
-60.560744
-60.551172
-60.508846
-60.499266
-60.456904
-60.421324
-60.378908
-60.369307
-60.326854
-60.317245
-60.248689
-60.239068
-60.196523
-60.186893
-60.144311
-60.108546
-60.065909
-60.056258
-60.013584
-60.003924
-59.961213
-59.925338
-59.882571
-59.87289
-59.830085
-59.820396
-59.777553
-59.741569
-59.698669
-59.688959
-59.646022
-59.636303
-59.593328
-59.583601
-59.5142
-59.504459
-59.461389
-59.45164
-59.408531
-59.398774
-59.355627
-59.319386
-59.276181
-59.266401
-59.223158
-59.21337
-59.170087
-59.160291
-59.116969
-59.107164
-59.037203
-59.027384
-58.983965
-58.974137
-58.930679
-58.920842
-58.877345
-58.867499
-58.823962
-58.787394
-58.743798
-58.73393
-58.690294
-58.680417
-58.636741
-58.626855
-58.583139
-58.573244
-58.529489
-58.519584
-58.475789
-58.439002
-58.395146
-58.385219
-58.341322
-58.331386
-58.287449
-58.277504
-58.233526
-58.223571
-58.179552
-58.169589
-58.125529
-58.115556
-58.071456
-58.061473
-58.017332
-57.980254
-57.963157
-57.926045
-57.8818
-57.871785
-57.827499
-57.817474
-57.773146
-57.763112
-57.718743
-57.708699
-57.664288
-57.654235
-57.609781
-57.599719
-57.555223
-57.545151
-57.500613
-57.490532
-57.445951
-57.43586
-57.391237
-57.381137
-57.336471
-57.326361
-57.281653
-57.271533
-57.226782
-57.216652
-57.171858
-57.161719
-57.116882
-57.106733
-57.061853
-57.051694
-57.00677
-56.996601
-56.951634
-56.941456
-56.896445
-56.886257
-56.841202
-56.831004
-56.785906
-56.775697
-56.730555
-56.720337
-56.675151
-56.664923
-56.619692
-56.609454
-56.564179
-56.553931
-56.508612
-56.498353
-56.452989
-56.442721
-56.397312
-56.387033
-56.34158
-56.331291
-56.285792
-56.275493
-56.22995
-56.21964
-56.202008
-56.191693
-56.146082
-56.135757
-56.0901
-56.079765
-56.034062
-56.023717
-55.977968
-55.967612
-55.921818
-55.911452
-55.865611
-55.855235
-55.809348
-55.798961
-55.753028
-55.742631
-55.724847
-55.714444
-55.668442
-55.658028
-55.611979
-55.601555
-55.555459
-55.545024
-55.498881
-55.488436
-55.442246
-55.43179
-55.413907
-55.375086
-55.357184
-55.346713
-55.300404
-55.289921
-55.243565
-55.233072
-55.186668
-55.176164
-55.129712
-55.119197
-55.101212
-55.090691
-55.044167
-55.033636
-54.987064
-54.976521
-54.929901
-54.919347
-54.872678
-54.862114
-54.844044
-54.833475
-54.786732
-54.776151
-54.72936
-54.718768
-54.671927
-54.661324
-54.643189
-54.63258
-54.585665
-54.575046
-54.528082
-54.51745
-54.470437
-54.459795
-54.441592
-54.430944
-54.383855
-54.373196
-54.326058
-54.315387
-54.268198
-54.257516
-54.239246
-54.228558
-54.181294
-54.170594
-54.12328
-54.112569
-54.065203
-54.054481
-54.036142
-54.025414
-53.977972
-53.967232
-53.919739
-53.908988
-53.890599
-53.879842
-53.832272
-53.821503
-53.773881
-53.763101
-53.744662
-53.733876
-53.686176
-53.675378
-53.627626
-53.616817
-53.598328
-53.587512
-53.539682
-53.528854
-53.480972
-53.470133
-53.451593
-53.440747
-53.392786
-53.381929
-53.333914
-53.323045
-53.304454
-53.293579
-53.245484
-53.234597
-53.18645
-53.17555
-53.156908
-53.146002
-53.097774
-53.086857
-53.038575
-53.027645
-53.008951
-52.998015
-52.949652
-52.938704
-52.919978
-52.909024
-52.86058
-52.849613
-52.801115
-52.790136
-52.771357
-52.760372
-52.711791
-52.700794
-52.681983
-52.670979
-52.622316
-52.6113
-52.562582
-52.551553
-52.532689
-52.521654
-52.472852
-52.461804
-52.442908
-52.431854
-52.382969
-52.371902
-52.322961
-52.311882
-52.292931
-52.281845
-52.23282
-52.221721
-52.202738
-52.191633
-52.142523
-52.131405
-52.112389
-52.101265
-52.052069
-52.040932
-52.021883
-52.01074
-51.961458
-51.950302
-51.900963
-51.889793
-51.870689
-51.859513
-51.810087
-51.798898
-51.77976
-51.768565
-51.719052
-51.707844
-51.688672
-51.677457
-51.627857
-51.616628
-51.597423
-51.586187
-51.5365
-51.525252
-51.506012
-51.494757
-51.444981
-51.433712
-51.414438
-51.403163
-51.353299
-51.34201
-51.322701
-51.311406
-51.261452
-51.250144
-51.2308
-51.219485
-51.169441
-51.158112
-51.138734
-51.127398
-51.077264
-51.065915
-51.046502
-51.035145
-50.984921
-50.973551
-50.954103
-50.942726
-50.89241
-50.881019
-50.861535
-50.850138
-50.7688
-50.757381
-50.73785
-50.726424
-50.675894
-50.664455
-50.644888
-50.633441
-50.582818
-50.571357
-50.551754
-50.540287
-50.48957
-50.478088
-50.458449
-50.44696
-50.364971
-50.353461
-50.333773
-50.322256
-50.271319
-50.259788
-50.240063
-50.228524
-50.177492
-50.165939
-50.146178
-50.134618
-50.052117
-50.040535
-50.020724
-50.009134
-49.957878
-49.946274
-49.926426
-49.914815
-49.83195
-49.820317
-49.800418
-49.788777
-49.737294
-49.725639
-49.705703
-49.69404
-49.674091
-49.66242
-49.610806
-49.599121
-49.579134
-49.567441
-49.483995
-49.472279
-49.452241
-49.440518
-49.388672
-49.376934
-49.356857
-49.345112
-49.325022
-49.313269
-49.261289
-49.249521
-49.229391
-49.217616
-49.197473
-49.18569
-49.133575
-49.121776
-49.101595
-49.089788
-49.069594
-49.05778
-49.005529
-48.993699
-48.973465
-48.961627
-48.877147
-48.865286
-48.844998
-48.83313
-48.812829
-48.800953
-48.748426
-48.736535
-48.716193
-48.704294
-48.683939
-48.672031
-48.619366
-48.607442
-48.587047
-48.575115
-48.554707
-48.542767
-48.489961
-48.478006
-48.457556
-48.445593
-48.425129
-48.413158
-48.327719
-48.315723
-48.295205
-48.283201
-48.262669
-48.250657
-48.197531
-48.185503
-48.164929
-48.152893
-48.132305
-48.120261
-48.034301
-48.022232
-48.001588
-47.989511
-47.968853
-47.956768
-47.903316
-47.891214
-47.870514
-47.858404
-47.837689
-47.825571
-47.73908
-47.726936
-47.706164
-47.694013
-47.673227
-47.661066
-47.574276
-47.562091
-47.541247
-47.529053
-47.508195
-47.495992
-47.4089
-47.396672
-47.375755
-47.363519
-47.342588
-47.330342
-47.242945
-47.230674
-47.209684
-47.197404
-47.176399
-47.164111
-47.143091
-47.130794
-47.043026
-47.030703
-47.009623
-46.997291
-46.976197
-46.963856
-46.875775
-46.863408
-46.842253
-46.829878
-46.808708
-46.796323
-46.775138
-46.762744
-46.674284
-46.661863
-46.640617
-46.628188
-46.606926
-46.594488
-46.573211
-46.560763
-46.471918
-46.459444
-46.438105
-46.425621
-46.404267
-46.391774
-46.370404
-46.357903
-46.336517
-46.324006
-46.234706
-46.222167
-46.200719
-46.188171
-46.166707
-46.15415
-46.13267
-46.120104
-46.098608
-46.086033
-45.99627
-45.983667
-45.962107
-45.949494
-45.927919
-45.915296
-45.893705
-45.881073
-45.859465
-45.846824
-45.756592
-45.743923
-45.72225
-45.709571
-45.687882
-45.675193
-45.653488
-45.64079
-45.619068
-45.60636
-45.584622
-45.571905
-45.446578
-45.433821
-45.412001
-45.399235
-45.377398
-45.364622
-45.342768
-45.329983
-45.308112
-45.295317
-45.27343
-45.260625
-45.134433
-45.121589
-45.099617
-45.086763
-45.064774
-45.05191
-45.029905
-45.01703
-44.995008
-44.982123
-44.960084
-44.947189
-44.925132
-44.912228
-44.785055
-44.77211
-44.749967
-44.737012
-44.714852
-44.701887
-44.679709
-44.666734
-44.644538
-44.631553
-44.60934
-44.596344
-44.574114
-44.561108
-44.538859
-44.525843
-44.503577
-44.490551
-44.326746
-44.313668
-44.291295
-44.278207
-44.255816
-44.242717
-44.220308
-44.207198
-44.184772
-44.171652
-44.149207
-44.136076
-44.113613
-44.100472
-44.077991
-44.064839
-44.04234
-44.029177
-44.00666
-43.993486
-43.970951
-43.957767
-43.935213
-43.922018
-43.684228
-43.670957
-43.648255
-43.634973
-43.612253
-43.59896
-43.576221
-43.562917
-43.540159
-43.526844
-43.504067
-43.490741
-43.467945
-43.454608
-43.431793
-43.418445
-43.395611
-43.382252
-43.359399
-43.346028
-43.323156
-43.309775
-43.286883
-43.27349
-43.25058
-43.237176
-43.214246
-43.200831
-43.177882
-43.164455
-43.141487
-43.128049
-43.105061
-43.091612
-43.068605
-43.055144
-43.032117
-43.018645
-42.995599
-42.982115
-42.959049
-42.945554
-42.922469
-42.908962
-42.885857
-42.872339
-42.849214
-42.835685
-42.81254
-42.798999
-42.775834
-42.762281
-42.739097
-42.725532
-42.702328
-42.688751
-42.665527
-42.651939
-42.628694
-42.615095
-42.59183
-42.578219
-42.554934
-42.541311
-42.518006
-42.504371
-42.481045
-42.467399
-42.444053
-42.430394
-42.407028
-42.393357
-42.369971
-42.356288
-42.332881
-42.319187
-42.295759
-42.282053
-42.258605
-42.244886
-42.221417
-42.207686
-42.184197
-42.170454
-42.146944
-42.133189
-42.109658
-42.095891
-42.072339
-42.058559
-42.034987
-42.021195
-41.997601
-41.983797
-41.960183
-41.946366
-41.734966
-41.721075
-41.697311
-41.683408
-41.659623
-41.645707
-41.6219
-41.607972
-41.584144
-41.570202
-41.546352
-41.532399
-41.508527
-41.49456
-41.470667
-41.456688
-41.432772
-41.41878
-41.394843
-41.380838
-41.356879
-41.342861
-41.31888
-41.304849
-41.166533
-41.152451
-41.128359
-41.114263
-41.090148
-41.076039
-41.051903
-41.03778
-41.013621
-40.999486
-40.975304
-40.961155
-40.936951
-40.922789
-40.898561
-40.884386
-40.860136
-40.845948
-40.744643
-40.730415
-40.706073
-40.691831
-40.667466
-40.65321
-40.628822
-40.614553
-40.590142
-40.575859
-40.551424
-40.537128
-40.51267
-40.49836
-40.396183
-40.381832
-40.35728
-40.342915
-40.318339
-40.30396
-40.27936
-40.264967
-40.240344
-40.225937
-40.201289
-40.186868
-40.083898
-40.069435
-40.044691
-40.030214
-40.005446
-39.990954
-39.966162
-39.951656
-39.92684
-39.912319
-39.887478
-39.872944
-39.808639
-39.794076
-39.769161
-39.754583
-39.729643
-39.715051
-39.690086
-39.67548
-39.65049
-39.635869
-39.571179
-39.556528
-39.531463
-39.516798
-39.491708
-39.477028
-39.451913
-39.437217
-39.412077
-39.397367
-39.332285
-39.317545
-39.292328
-39.277573
-39.25233
-39.237561
-39.212292
-39.197507
-39.172213
-39.157413
-39.091931
-39.077101
-39.051728
-39.036883
-39.011484
-38.996623
-38.971198
-38.956322
-38.890501
-38.875594
-38.85009
-38.835167
-38.809637
-38.794699
-38.769141
-38.754187
-38.688023
-38.673038
-38.6474
-38.632399
-38.606735
-38.591718
-38.525274
-38.510226
-38.48448
-38.469415
-38.443642
-38.428561
-38.40276
-38.387664
-38.320866
-38.305738
-38.279854
-38.264709
-38.238797
-38.223636
-38.156552
-38.141358
-38.115362
-38.100152
-38.074128
-38.058901
-37.991526
-37.976266
-37.950158
-37.934881
-37.908744
-37.893451
-37.825781
-37.810454
-37.784231
-37.768887
-37.742635
-37.727274
-37.700994
-37.685616
-37.659306
-37.643911
-37.617572
-37.60216
-37.533965
-37.518519
-37.492092
-37.476628
-37.450172
-37.434691
-37.408205
-37.392706
-37.36619
-37.350675
-37.324129
-37.308596
-37.239863
-37.224295
-37.197659
-37.182073
-37.155406
-37.139803
-37.113106
-37.097484
-37.070757
-37.055118
-37.02836
-37.012703
-36.985914
-36.970239
-36.94342
-36.927726
-36.900876
-36.885165
-36.858284
-36.842554
-36.815642
-36.799894
-36.77295
-36.757184
-36.687419
-36.671616
-36.644578
-36.628757
-36.601687
-36.585847
-36.558746
-36.542888
-36.515754
-36.499877
-36.472712
-36.456816
-36.429619
-36.413704
-36.386475
-36.370541
-36.343279
-36.327327
-36.300033
-36.284061
-36.256734
-36.240743
-36.213384
-36.197374
-36.169982
-36.153953
-36.083021
-36.066953
-36.039462
-36.023375
-35.99585
-35.979743
-35.952185
-35.936059
-35.908467
-35.892322
-35.864696
-35.848531
-35.820872
-35.804686
-35.733061
-35.716836
-35.689075
-35.67283
-35.645034
-35.628769
-35.600939
-35.584654
-35.512585
-35.496259
-35.468325
-35.451979
-35.42401
-35.407644
-35.37964
-35.363253
-35.335214
-35.318806
-35.290731
-35.274303
-35.201599
-35.185128
-35.156947
-35.140456
-35.112239
-35.095727
-35.067474
-35.050941
-35.022652
-35.006098
-34.977773
-34.961197
-34.932835
-34.916238
-34.88784
-34.871222
-34.797675
-34.781014
-34.752505
-34.735822
-34.707276
-34.690571
-34.661988
-34.645262
-34.616641
-34.599892
-34.571234
-34.554464
-34.525768
-34.508975
-34.480242
-34.463427
-34.434655
-34.417818
-34.389008
-34.372149
-34.3433
-34.326418
-34.297532
-34.280627
-34.251702
-34.234775
-34.205811
-34.188861
-34.159858
-34.142886
-34.113844
-34.096848
-34.067767
-34.050748
-34.021627
-34.004586
-33.975426
-33.958361
-33.929161
-33.912073
-33.882833
-33.865721
-33.836441
-33.819306
-33.789986
-33.772828
-33.743467
-33.726285
-33.696884
-33.679678
-33.603524
-33.58627
-33.556746
-33.539468
-33.509903
-33.492601
-33.462995
-33.445669
-33.416021
-33.39867
-33.36898
-33.351605
-33.321873
-33.304474
-33.2747
-33.257275
-33.227459
-33.21001
-33.180152
-33.162678
-33.132776
-33.115277
-33.085333
-33.067809
-33.037822
-33.020273
-32.990242
-32.972668
-32.942594
-32.924994
-32.894877
-32.877251
-32.84709
-32.829439
-32.799234
-32.781556
-32.751307
-32.733604
-32.703311
-32.685582
-32.655244
-32.637489
-32.607106
-32.589325
-32.558897
-32.541089
-32.510616
-32.492782
-32.462264
-32.444403
-32.413839
-32.395952
-32.365342
-32.347428
-32.316773
-32.298832
-32.26813
-32.250162
-32.219414
-32.201418
-32.170624
-32.152601
-32.121759
-32.103709
-32.072821
-32.054743
-32.023807
-32.005702
-31.974719
-31.956586
-31.925555
-31.907394
-31.876315
-31.858126
-31.826999
-31.808782
-31.777607
-31.759361
-31.728137
-31.709863
-31.67859
-31.660288
-31.628966
-31.610635
-31.579264
-31.560903
-31.529483
-31.511094
-31.479624
-31.461205
-31.429686
-31.411238
-31.379668
-31.36119
-31.32957
-31.311063
-31.279392
-31.260855
-31.229133
-31.210567
-31.178794
-31.160197
-31.128373
-31.109746
-31.07787
-31.059213
-31.027285
-31.008597
-30.976617
-30.957899
-30.925866
-30.907118
-30.875032
-30.856253
-30.824114
-30.805304
-30.773112
-30.75427
-30.722025
-30.703152
-30.670853
-30.651949
-30.619596
-30.60066
-30.568252
-30.549284
-30.516823
-30.497823
-30.465306
-30.446274
-30.413702
-30.394638
-30.362011
-30.342914
-30.310231
-30.291101
-30.258362
-30.2392
-30.206405
-30.18721
-30.154358
-30.13513
-30.102221
-30.082959
-30.049994
-30.030698
-29.997676
-29.978346
-29.945266
-29.925903
-29.892764
-29.873367
-29.84017
-29.820739
-29.787483
-29.768018
-29.734703
-29.715203
-29.681829
-29.662294
-29.628861
-29.609291
-29.575797
-29.556193
-29.522639
-29.502999
-29.469384
-29.449709
-29.416033
-29.396322
-29.362585
-29.342838
-29.30904
-29.289257
-29.255397
-29.235577
-29.201655
-29.181799
-29.147814
-29.127921
-29.093873
-29.073943
-29.039832
-29.019865
-28.985691
-28.965687
-28.931448
-28.911406
-28.877103
-28.857024
-28.822656
-28.802538
-28.768106
-28.74795
-28.713452
-28.693258
-28.658694
-28.638461
-28.603831
-28.583559
-28.548862
-28.528552
-28.493788
-28.473438
-28.438607
-28.418217
-28.383318
-28.362889
-28.327922
-28.307453
-28.272417
-28.251908
-28.216803
-28.196253
-28.161079
-28.140489
-28.105245
-28.084613
-28.049299
-28.028627
-27.993242
-27.972528
-27.937072
-27.916317
-27.88079
-27.859992
-27.824393
-27.803553
-27.767881
-27.746999
-27.711255
-27.69033
-27.654512
-27.633544
-27.597653
-27.576642
-27.540677
-27.519622
-27.483582
-27.462483
-27.426368
-27.405226
-27.369035
-27.347848
-27.311582
-27.29035
-27.254007
-27.232731
-27.196311
-27.174989
-27.138491
-27.117124
-27.080549
-27.059136
-27.022482
-27.001023
-26.96429
-26.942785
-26.905972
-26.884421
-26.847528
-26.825929
-26.788956
-26.76731
-26.730256
-26.708562
-26.671426
-26.649685
-26.612467
-26.590677
-26.553376
-26.531538
-26.494154
-26.472267
-26.434799
-26.412863
-26.375311
-26.353325
-26.315688
-26.293652
-26.255929
-26.233844
-26.196035
-26.173898
-26.136003
-26.113816
-26.075833
-26.053594
-26.015523
-25.993233
-25.955074
-25.932732
-25.894483
-25.872089
-25.833751
-25.811304
-25.772875
-25.750375
-25.711855
-25.689302
-25.65069
-25.628083
-25.589379
-25.566717
-25.52792
-25.505204
-25.466314
-25.443542
-25.404557
-25.381731
-25.342651
-25.319768
-25.280592
-25.257654
-25.218381
-25.195386
-25.156016
-25.132964
-25.093497
-25.070387
-25.030821
-25.007653
-24.967987
-24.944761
-24.904995
-24.88171
-24.841844
-24.8185
-24.778531
-24.755127
-24.715056
-24.691592
-24.651418
-24.627894
-24.587615
-24.56403
-24.523646
-24.499999
-24.45951
-24.435801
-24.395205
-24.371433
-24.330731
-24.306896
-24.266085
-24.242186
-24.201266
-24.177303
-24.136273
-24.112246
-24.071105
-24.047012
-24.00576
-23.981602
-23.940236
-23.916012
-23.874533
-23.850242
-23.808648
-23.78429
-23.74258
-23.718154
-23.676328
-23.651834
-23.609891
-23.585327
-23.543265
-23.518632
-23.476451
-23.451748
-23.409446
-23.384672
-23.342249
-23.317403
-23.274857
-23.24994
-23.20727
-23.18228
-23.139485
-23.114422
-23.071502
-23.046365
-23.003317
-22.978105
-22.93493
-22.909643
-22.866338
-22.840975
-22.79754
-22.7721
-22.728533
-22.703016
-22.659317
-22.633722
-22.589888
-22.564214
-22.520245
-22.494492
-22.450387
-22.424553
-22.38031
-22.354395
-22.310013
-22.284017
-22.239494
-22.213415
-22.16875
-22.142588
-22.09778
-22.071534
-22.026582
-22.000251
-21.955152
-21.928735
-21.88349
-21.856986
-21.811592
-21.785001
-21.739456
-21.712776
-21.66708
-21.640311
-21.594461
-21.567602
-21.521597
-21.494648
-21.448486
-21.421445
-21.375125
-21.34799
-21.301511
-21.274283
-21.227642
-21.200319
-21.153515
-21.126096
-21.079127
-21.051611
-21.004476
-20.976862
-20.929558
-20.901845
-20.854372
-20.826559
-20.778913
-20.750999
-20.703179
-20.675163
-20.627168
-20.599048
-20.550875
-20.52265
-20.474298
-20.445967
-20.397433
-20.368996
-20.320277
-20.291732
-20.242828
-20.214173
-20.165081
-20.136316
-20.087033
-20.058156
-20.008681
-19.97969
-19.93002
-19.900915
-19.851048
-19.821827
-19.771761
-19.742423
-19.692154
-19.662697
-19.612224
-19.582647
-19.531967
-19.502268
-19.451379
-19.421557
-19.370456
-19.340509
-19.289193
-19.25912
-19.207586
-19.177385
-19.125632
-19.095301
-19.043324
-19.012862
-18.960659
-18.930064
-18.877632
-18.846902
-18.794239
-18.763372
-18.710474
-18.679468
-18.626332
-18.595186
-18.541808
-18.51052
-18.456897
-18.425465
-18.371594
-18.340016
-18.285892
-18.254166
-18.199788
-18.167911
-18.113273
-18.081244
-18.026344
-17.99416
-17.938994
-17.906653
-17.851216
-17.818715
-17.763004
-17.730342
-17.674352
-17.641526
-17.585253
-17.55226
-17.4957
-17.462538
-17.405687
-17.372353
-17.315205
-17.281697
-17.224249
-17.190563
-17.132809
-17.098944
-17.040879
-17.00683
-16.94845
-16.914216
-16.855515
-16.821091
-16.762064
-16.727448
-16.668089
-16.633277
-16.573581
-16.538571
-16.478532
-16.443319
-16.382931
-16.347512
-16.286768
-16.25114
-16.190035
-16.154193
-16.09272
-16.056661
-15.994813
-15.958533
-15.896303
-15.859797
-15.797179
-15.760443
-15.697429
-15.660459
-15.59704
-15.559833
-15.496002
-15.458551
-15.3943
-15.356601
-15.291923
-15.25397
-15.188855
-15.150644
-15.085082
-15.046609
-14.980591
-14.941849
-14.875366
-14.836349
-14.769392
-14.730093
-14.662651
-14.623066
-14.555128
-14.515249
-14.446804
-14.406626
-14.337662
-14.297177
-14.227683
-14.186884
-14.116847
-14.075727
-14.005134
-13.963685
-13.892523
-13.850737
-13.778991
-13.73686
-13.664516
-13.622031
-13.549074
-13.506226
-13.43264
-13.389419
-13.315188
-13.271584
-13.19669
-13.152694
-13.077119
-13.032719
-12.956444
-12.911629
-12.834635
-12.789393
-12.711659
-12.665977
-12.587481
-12.541347
-12.462066
-12.415466
-12.335375
-12.288295
-12.20737
-12.159795
-12.078009
-12.029922
-11.947247
-11.898631
-11.815038
-11.765876
-11.681332
-11.631605
-11.546079
-11.495767
-11.409222
-11.358303
-11.270703
-11.219156
-11.130461
-11.078261
-10.988428
-10.935551
-10.844536
-10.790954
-10.698709
-10.644393
-10.550866
-10.495785
-10.400922
-10.345043
-10.248785
-10.192071
-10.094355
-10.036769
-9.9375254
-9.8790248
-9.7781807
-9.718721
-9.616196
-9.5557284
-9.4514355
-9.389907
-9.2837514
-9.2211041
-9.1129823
-9.0491529
-8.9389515
-8.8738703
-8.7614646
-8.695055
-8.580307
-8.5124843
-8.3952413
-8.3259112
-8.2060029
-8.1350602
-8.0122962
-7.9396229
-7.813789
-7.7392518
-7.6101055
-7.5335534
-7.4008184
-7.3220785
-7.1854381
-7.1043114
-6.9633991
-6.8796547
-6.734043
-6.6474097
-6.4965947
-6.4067514
-6.250132
-6.1566931
-5.993543
-5.8960391
-5.7254663
-5.6233162
-5.4442053
-5.3366743
-5.1475994
-5.0337362
-4.8328239
-4.7113594
-4.4960643
-4.3652393
-4.1319488
-3.9892006
-3.7324802
-3.5738116
-3.2847855
-3.1033106
-2.7655421
-2.5473405
-2.1228826
-1.8295767
-1.1683484
-0.45360602
0.45360602
1.1683484
1.8295767
2.1228826
2.5473405
2.7655421
3.1033106
3.2847855
3.5738116
3.7324802
3.9892006
4.1319488
4.3652393
4.4960643
4.7113594
4.8328239
5.0337362
5.1475994
5.3366743
5.4442053
5.6233162
5.7254663
5.8960391
5.9935429
6.1566931
6.250132
6.4067514
6.4965947
6.6474097
6.734043
6.8796547
6.9633991
7.1043114
7.1854381
7.3220785
7.4008184
7.5335534
7.6101055
7.7392518
7.813789
7.9396229
8.0122962
8.1350602
8.2060029
8.3259112
8.3952413
8.5124843
8.580307
8.695055
8.7614646
8.8738703
8.9389515
9.0491529
9.1129823
9.2211041
9.2837514
9.389907
9.4514355
9.5557284
9.616196
9.718721
9.7781807
9.8790248
9.9375254
10.036769
10.094355
10.192071
10.248785
10.345043
10.400922
10.495785
10.550866
10.644393
10.698709
10.790954
10.844536
10.935551
10.988428
11.078261
11.130461
11.219156
11.270703
11.358303
11.409222
11.495767
11.546079
11.631605
11.681332
11.765876
11.815038
11.898631
11.947247
12.029922
12.078009
12.159795
12.20737
12.288295
12.335375
12.415466
12.462066
12.541347
12.587481
12.665977
12.711659
12.789393
12.834635
12.911629
12.956444
13.032719
13.077119
13.152694
13.19669
13.271584
13.315188
13.389419
13.43264
13.506226
13.549074
13.622031
13.664516
13.73686
13.778991
13.850737
13.892523
13.963685
14.005134
14.075727
14.116847
14.186884
14.227683
14.297177
14.337662
14.406626
14.446804
14.515249
14.555128
14.623066
14.662651
14.730093
14.769392
14.836349
14.875366
14.941849
14.980591
15.046609
15.085082
15.150644
15.188855
15.25397
15.291923
15.356601
15.3943
15.458551
15.496002
15.559833
15.59704
15.660459
15.697429
15.760443
15.797179
15.859797
15.896303
15.958533
15.994813
16.056661
16.09272
16.154193
16.190035
16.25114
16.286768
16.347512
16.382931
16.443319
16.478532
16.538571
16.573581
16.633277
16.668089
16.727448
16.762064
16.821091
16.855515
16.914216
16.94845
17.00683
17.040879
17.098944
17.132809
17.190563
17.224249
17.281697
17.315205
17.372353
17.405687
17.462538
17.4957
17.55226
17.585253
17.641526
17.674352
17.730342
17.763004
17.818715
17.851216
17.906653
17.938994
17.99416
18.026344
18.081244
18.113273
18.167911
18.199788
18.254166
18.285892
18.340016
18.371594
18.425465
18.456897
18.51052
18.541808
18.595186
18.626332
18.679468
18.710474
18.763372
18.794239
18.846902
18.877632
18.930064
18.960659
19.012862
19.043324
19.095301
19.125632
19.177385
19.207586
19.25912
19.289193
19.340509
19.370456
19.421557
19.451379
19.502268
19.531967
19.582647
19.612224
19.662697
19.692154
19.742423
19.771761
19.821827
19.851048
19.900915
19.93002
19.97969
20.008681
20.058156
20.087033
20.136316
20.165081
20.214173
20.242828
20.291732
20.320277
20.368996
20.397433
20.445967
20.474298
20.52265
20.550875
20.599048
20.627168
20.675163
20.703179
20.750999
20.778913
20.826559
20.854372
20.901845
20.929558
20.976862
21.004476
21.051611
21.079127
21.126096
21.153515
21.200319
21.227642
21.274283
21.301511
21.34799
21.375125
21.421445
21.448486
21.494648
21.521597
21.567602
21.594461
21.640311
21.66708
21.712776
21.739456
21.785001
21.811592
21.856986
21.88349
21.928735
21.955152
22.000251
22.026582
22.071534
22.09778
22.142588
22.16875
22.213415
22.239494
22.284017
22.310013
22.354395
22.38031
22.424553
22.450387
22.494492
22.520245
22.564214
22.589888
22.633722
22.659317
22.703016
22.728533
22.7721
22.79754
22.840975
22.866338
22.909643
22.93493
22.978105
23.003317
23.046365
23.071502
23.114422
23.139485
23.18228
23.20727
23.24994
23.274857
23.317403
23.342249
23.384672
23.409446
23.451748
23.476451
23.518632
23.543265
23.585327
23.609891
23.651834
23.676328
23.718154
23.74258
23.78429
23.808648
23.850242
23.874533
23.916012
23.940236
23.981602
24.00576
24.047012
24.071105
24.112246
24.136273
24.177303
24.201266
24.242186
24.266085
24.306896
24.330731
24.371433
24.395205
24.435801
24.45951
24.499999
24.523646
24.56403
24.587615
24.627894
24.651418
24.691592
24.715056
24.755127
24.778531
24.8185
24.841844
24.88171
24.904995
24.944761
24.967987
25.007653
25.030821
25.070387
25.093497
25.132964
25.156016
25.195386
25.218381
25.257654
25.280592
25.319768
25.342651
25.381731
25.404557
25.443542
25.466314
25.505204
25.52792
25.566717
25.589379
25.628083
25.65069
25.689302
25.711855
25.750375
25.772875
25.811304
25.833751
25.872089
25.894483
25.932732
25.955074
25.993233
26.015523
26.053594
26.075833
26.113816
26.136003
26.173898
26.196035
26.233844
26.255929
26.293652
26.315688
26.353325
26.375311
26.412863
26.434799
26.472267
26.494154
26.531538
26.553376
26.590677
26.612467
26.649685
26.671426
26.708562
26.730256
26.76731
26.788956
26.825929
26.847528
26.884421
26.905972
26.942785
26.96429
27.001023
27.022482
27.059136
27.080549
27.117124
27.138491
27.174989
27.196311
27.232731
27.254007
27.29035
27.311582
27.347848
27.369035
27.405226
27.426368
27.462483
27.483582
27.519622
27.540677
27.576642
27.597653
27.633544
27.654512
27.69033
27.711255
27.746999
27.767881
27.803553
27.824393
27.859992
27.88079
27.916317
27.937072
27.972528
27.993242
28.028627
28.049299
28.084613
28.105245
28.140489
28.161079
28.196253
28.216803
28.251908
28.272417
28.307453
28.327922
28.362889
28.383318
28.418217
28.438607
28.473438
28.493788
28.528552
28.548862
28.583559
28.603831
28.638461
28.658694
28.693258
28.713452
28.74795
28.768106
28.802538
28.822656
28.857024
28.877103
28.911406
28.931448
28.965687
28.985691
29.019865
29.039832
29.073943
29.093873
29.127921
29.147814
29.181799
29.201655
29.235577
29.255397
29.289257
29.30904
29.342838
29.362585
29.396322
29.416033
29.449709
29.469384
29.502999
29.522639
29.556193
29.575797
29.609291
29.628861
29.662294
29.681829
29.715203
29.734703
29.768018
29.787483
29.820739
29.84017
29.873367
29.892764
29.925903
29.945266
29.978346
29.997676
30.030698
30.049994
30.082959
30.102221
30.13513
30.154358
30.18721
30.206405
30.2392
30.258362
30.291101
30.310231
30.342914
30.362011
30.394638
30.413702
30.446274
30.465306
30.497823
30.516823
30.549284
30.568252
30.60066
30.619596
30.651949
30.670853
30.703152
30.722025
30.75427
30.773112
30.805304
30.824114
30.856253
30.875032
30.907118
30.925866
30.957899
30.976617
31.008597
31.027285
31.059213
31.07787
31.109746
31.128373
31.160197
31.178794
31.210567
31.229133
31.260855
31.279392
31.311063
31.32957
31.36119
31.379668
31.411238
31.429686
31.461205
31.479624
31.511094
31.529483
31.560903
31.579264
31.610635
31.628966
31.660288
31.67859
31.709863
31.728137
31.759361
31.777607
31.808782
31.826999
31.858126
31.876315
31.907394
31.925555
31.956586
31.974719
32.005702
32.023807
32.054743
32.072821
32.103709
32.121759
32.152601
32.170624
32.201418
32.219414
32.250162
32.26813
32.298832
32.316773
32.347428
32.365342
32.395952
32.413839
32.444403
32.462264
32.492782
32.510616
32.541089
32.558897
32.589325
32.607106
32.637489
32.655244
32.685582
32.703311
32.733604
32.751307
32.781556
32.799234
32.829439
32.84709
32.877251
32.894877
32.924994
32.942594
32.972668
32.990242
33.020273
33.037822
33.067809
33.085333
33.115277
33.132776
33.162678
33.180152
33.21001
33.227459
33.304474
33.321873
33.351605
33.36898
33.39867
33.416021
33.445669
33.462995
33.492601
33.509903
33.539468
33.556746
33.58627
33.603524
33.633006
33.650236
33.726285
33.743467
33.772828
33.789986
33.819306
33.836441
33.865721
33.882833
33.912073
33.929161
33.958361
33.975426
34.004586
34.021627
34.050748
34.067767
34.096848
34.113844
34.142886
34.159858
34.188861
34.205811
34.234775
34.251702
34.280627
34.297532
34.326418
34.3433
34.372149
34.389008
34.417818
34.434655
34.463427
34.480242
34.508975
34.525768
34.554464
34.571234
34.599892
34.616641
34.645262
34.661988
34.690571
34.707276
34.735822
34.752505
34.781014
34.797675
34.826147
34.842787
34.916238
34.932835
34.961197
34.977773
35.006098
35.022652
35.050941
35.067474
35.095727
35.112239
35.140456
35.156947
35.185128
35.201599
35.229744
35.246193
35.274303
35.290731
35.318806
35.335214
35.363253
35.37964
35.407644
35.42401
35.451979
35.468325
35.540484
35.55679
35.584654
35.600939
35.628769
35.645034
35.67283
35.689075
35.716836
35.733061
35.760788
35.776993
35.804686
35.820872
35.848531
35.864696
35.892322
35.908467
35.979743
35.99585
36.023375
36.039462
36.066953
36.083021
36.110479
36.126527
36.153953
36.169982
36.197374
36.213384
36.240743
36.256734
36.327327
36.343279
36.370541
36.386475
36.456816
36.472712
36.499877
36.515754
36.542888
36.558746
36.585847
36.601687
36.628757
36.644578
36.671616
36.687419
36.714425
36.730209
36.757184
36.77295
36.799894
36.815642
36.842554
36.858284
36.885165
36.900876
36.970239
36.985914
37.012703
37.02836
37.097484
37.113106
37.139803
37.155406
37.224295
37.239863
37.266469
37.28202
37.308596
37.324129
37.350675
37.36619
37.392706
37.408205
37.434691
37.450172
37.518519
37.533965
37.560363
37.575792
37.60216
37.617572
37.643911
37.659306
37.685616
37.700994
37.727274
37.742635
37.810454
37.825781
37.851975
37.867285
37.893451
37.908744
37.976266
37.991526
38.017606
38.03285
38.058901
38.074128
38.141358
38.156552
38.182519
38.197697
38.223636
38.238797
38.305738
38.320866
38.346722
38.361835
38.387664
38.40276
38.428561
38.443642
38.469415
38.48448
38.510226
38.525274
38.550993
38.566026
38.591718
38.606735
38.673038
38.688023
38.713634
38.728604
38.754187
38.769141
38.794699
38.809637
38.875594
38.890501
38.915979
38.930871
38.956322
38.971198
38.996623
39.011484
39.077101
39.091931
39.117277
39.132092
39.157413
39.172213
39.197507
39.212292
39.277573
39.292328
39.317545
39.332285
39.357476
39.372201
39.397367
39.412077
39.437217
39.451913
39.516798
39.531463
39.556528
39.571179
39.596218
39.610854
39.635869
39.65049
39.67548
39.690086
39.754583
39.769161
39.794076
39.808639
39.833529
39.848078
39.872944
39.887478
39.912319
39.92684
40.030214
40.044691
40.069435
40.083898
40.108617
40.123067
40.147762
40.162197
40.186868
40.201289
40.225937
40.240344
40.30396
40.318339
40.342915
40.35728
40.381832
40.396183
40.420712
40.435049
40.459554
40.473878
40.49836
40.51267
40.537128
40.551424
40.65321
40.667466
40.691831
40.706073
40.730415
40.744643
40.768962
40.783177
40.807473
40.821675
40.845948
40.860136
40.884386
40.898561
40.922789
40.936951
41.03778
41.051903
41.076039
41.090148
41.114263
41.128359
41.152451
41.166533
41.190603
41.204673
41.22872
41.242777
41.266802
41.280846
41.304849
41.31888
41.342861
41.356879
41.380838
41.394843
41.570202
41.584144
41.607972
41.6219
41.645707
41.659623
41.683408
41.697311
41.721075
41.734966
41.758708
41.772586
41.796307
41.810173
41.833872
41.847726
41.871404
41.885245
41.908902
41.92273
41.946366
41.960183
41.983797
41.997601
42.021195
42.034987
42.058559
42.072339
42.095891
42.109658
42.133189
42.146944
42.170454
42.184197
43.490741
43.504067
43.526844
43.540159
43.562917
43.576221
43.59896
43.612253
43.634973
43.648255
43.670957
43.684228
43.706911
43.720171
43.742836
43.756085
43.778731
43.791969
43.814597
43.827824
43.850433
43.863649
43.88624
43.899446
43.922018
43.935213
43.957767
43.970951
43.993486
44.00666
44.029177
44.04234
44.242717
44.255816
44.278207
44.291295
44.313668
44.326746
44.349101
44.362169
44.384506
44.397563
44.419882
44.43293
44.455231
44.468268
44.490551
44.503577
44.525843
44.538859
44.561108
44.574114
44.737012
44.749967
44.77211
44.785055
44.807181
44.820115
44.842224
44.855148
44.87724
44.890154
44.912228
44.925132
44.947189
44.960084
45.086763
45.099617
45.121589
45.134433
45.156388
45.169223
45.19116
45.203985
45.225906
45.238721
45.260625
45.27343
45.295317
45.308112
45.433821
45.446578
45.468382
45.481128
45.502915
45.515652
45.537423
45.55015
45.571905
45.584622
45.60636
45.619068
45.709571
45.72225
45.743923
45.756592
45.778249
45.790909
45.812549
45.8252
45.846824
45.859465
45.983667
45.99627
46.017814
46.030408
46.051936
46.064521
46.086033
46.098608
46.120104
46.13267
46.222167
46.234706
46.256139
46.268668
46.290085
46.302605
46.324006
46.336517
46.425621
46.438105
46.459444
46.471918
46.493241
46.505707
46.527015
46.539471
46.560763
46.573211
46.661863
46.674284
46.695514
46.707926
46.729141
46.741544
46.762744
46.775138
46.863408
46.875775
46.896915
46.909273
46.930397
46.942747
46.963856
46.976197
47.030703
47.043026
47.06409
47.076404
47.097454
47.10976
47.130794
47.143091
47.230674
47.242945
47.26392
47.276182
47.297143
47.309397
47.396672
47.4089
47.429802
47.442021
47.462909
47.475119
47.495992
47.508195
47.562091
47.574276
47.595105
47.607282
47.628097
47.640266
47.661066
47.673227
47.726936
47.73908
47.759837
47.771972
47.792715
47.804842
47.891214
47.903316
47.924002
47.936096
47.956768
47.968853
48.054931
48.066991
48.087607
48.099659
48.120261
48.132305
48.185503
48.197531
48.218091
48.230111
48.250657
48.262669
48.348223
48.360211
48.380702
48.392681
48.413158
48.425129
48.478006
48.489961
48.510397
48.522345
48.542767
48.554707
48.607442
48.619366
48.639747
48.651663
48.672031
48.683939
48.736535
48.748426
48.768754
48.780638
48.800953
48.812829
48.897421
48.909274
48.929535
48.94138
49.02575
49.037571
49.05778
49.069594
49.121776
49.133575
49.153744
49.165535
49.18569
49.197473
49.249521
49.261289
49.281405
49.293165
49.313269
49.325022
49.376934
49.388672
49.408737
49.420467
49.440518
49.452241
49.50402
49.515728
49.535741
49.547441
49.630781
49.642458
49.66242
49.674091
49.725639
49.737294
49.757218
49.768866
49.851836
49.863462
49.883335
49.894954
49.946274
49.957878
49.977714
49.989311
50.009134
50.020724
50.071915
50.08349
50.103276
50.114844
50.165939
50.177492
50.197242
50.208788
50.291031
50.302556
50.322256
50.333773
50.384647
50.39615
50.415813
50.427309
50.478088
50.48957
50.509197
50.520672
50.602409
50.613862
50.633441
50.644888
50.695449
50.706881
50.726424
50.73785
50.788319
50.79973
50.819238
50.830642
50.881019
50.89241
50.911882
50.923266
50.973551
50.984921
51.004357
51.015721
51.065915
51.077264
51.096666
51.108009
51.188808
51.20013
51.280784
51.292086
51.372596
51.383878
51.464244
51.475505
51.555729
51.56697
51.647051
51.658273
51.707844
51.719052
51.738213
51.749415
51.798898
51.810087
51.829215
51.840397
51.889793
51.900963
51.920056
51.931219
51.980529
51.991679
52.01074
52.021883
52.071107
52.082238
52.101265
52.112389
52.161528
52.172639
52.251792
52.262884
52.311882
52.322961
52.341901
52.352973
52.401887
52.412947
52.431854
52.442908
52.491738
52.502779
52.551553
52.562582
52.581435
52.592457
52.641148
52.652158
52.670979
52.681983
52.730591
52.741583
52.819883
52.830856
52.879327
52.890287
52.909024
52.919978
52.968368
52.97931
53.027645
53.038575
53.057259
53.068183
53.116438
53.127349
53.205082
53.215975
53.264096
53.274977
53.293579
53.304454
53.352495
53.363358
53.411346
53.422197
53.440747
53.451593
53.499502
53.510335
53.558191
53.569013
53.587512
53.598328
53.646105
53.656909
53.704635
53.715427
53.733876
53.744662
53.79231
53.803084
53.85068
53.861443
53.879842
53.890599
53.938118
53.948863
53.996331
54.007065
54.054481
54.065203
54.083533
54.094249
54.141589
54.152294
54.199584
54.210277
54.228558
54.239246
54.286459
54.297136
54.344299
54.354964
54.402078
54.412731
54.430944
54.441592
54.48863
54.499267
54.546256
54.556881
54.60382
54.614435
54.63258
54.643189
54.690054
54.700651
54.747467
54.758054
54.80482
54.815396
54.862114
54.872678
54.890738
54.901297
54.947942
54.95849
55.005086
55.015623
55.062171
55.072697
55.090691
55.129712
55.147688
55.158197
55.204625
55.215124
55.261504
55.271992
55.318324
55.328802
55.375086
55.385553
55.403446
55.413907
55.460121
55.470571
55.516738
55.527177
55.573297
55.583726
55.629799
55.640217
55.686243
55.696651
55.714444
55.753028
55.770803
55.781195
55.827105
55.837487
55.88335
55.893722
55.939539
55.9499
55.995672
56.006022
56.051748
56.062088
56.107768
56.118098
56.163732
56.174052
56.191693
56.22995
56.247574
56.257878
56.303399
56.313693
56.359169
56.369453
56.414884
56.425157
56.470544
56.480807
56.526149
56.536402
56.581699
56.591942
56.637195
56.647428
56.692637
56.70286
56.748024
56.758237
56.803357
56.813561
56.858637
56.86883
56.913863
56.924046
56.969035
56.979209
57.024154
57.034318
57.07922
57.089374
57.134233
57.144377
57.189192
57.199327
57.244099
57.254224
57.298954
57.309069
57.353755
57.363861
57.408505
57.418601
57.463202
57.473289
57.517848
57.527925
57.572441
57.582509
57.626983
57.637041
57.681473
57.691522
57.735912
57.745951
57.7903
57.800329
57.844636
57.854656
57.898922
57.908932
57.953156
57.990251
58.00734
58.0444
58.088521
58.098499
58.142579
58.152547
58.196586
58.206545
58.250544
58.260494
58.304451
58.314392
58.358309
58.36824
58.412117
58.44892
58.492736
58.502645
58.54642
58.55632
58.600056
58.609946
58.653642
58.663524
58.707179
58.717052
58.760668
58.797253
58.84081
58.85066
58.894177
58.904018
58.947496
58.957328
59.000766
59.01059
59.053989
59.090392
59.133733
59.143534
59.186836
59.196629
59.239892
59.249675
59.2929
59.329156
59.372323
59.382085
59.425213
59.434966
59.478056
59.4878
59.530851
59.566964
59.609958
59.619681
59.662637
59.672351
59.71527
59.724976
59.794132
59.803825
59.846649
59.856334
59.89912
59.908796
59.97774
59.987404
60.030097
60.039752
60.082408
60.092054
60.160789
60.170423
60.212986
60.222612
60.265138
60.30081
60.343282
60.352887
60.395321
60.404918
60.447316
60.482881
60.525224
60.534801
60.577108
60.612596
60.654849
60.664405
60.706622
60.716169
60.784198
60.793733
60.83586
60.845388
60.887479
60.922787
60.964825
60.974332
61.016334
61.051568
61.093517
61.103004
61.144918
61.180078
61.221939
61.231406
61.273232
61.308318
61.350092
61.359539
61.401278
61.436291
61.477978
61.487405
61.554581
61.563997
61.605598
61.615006
61.682043
61.69144
61.732954
61.767779
61.809242
61.818619
61.860049
61.894802
61.93618
61.945538
62.012218
62.021564
62.062858
62.097498
62.138741
62.148068
62.214531
62.223847
62.265007
62.299534
62.340644
62.349941
62.416189
62.425475
62.466502
62.500918
62.541895
62.551162
62.617197
62.626453
62.667349
62.701654
62.7425
62.776765
62.817562
62.826789
62.892535
62.90175
62.942467
62.976622
63.01729
63.051406
63.092025
63.101212
63.166672
63.175848
63.24123
63.250395
63.290887
63.324855
63.365299
63.399227
63.439624
63.473513
63.513862
63.522988
63.588014
63.597129
63.662079
63.671183
63.736058
63.745151
63.809951
63.819034
63.859166
63.892831
63.932916
63.966543
64.006582
64.040171
64.080164
64.113713
64.15366
64.187172
64.227073
64.260546
64.300402
64.333837
64.373647
64.407044
64.446809
64.480168
64.519889
64.55321
64.592885
64.626169
64.690086
64.699045
64.76289
64.77184
64.835613
64.844553
64.908255
64.917184
64.980815
65.0139
65.053294
65.086342
65.125693
65.158704
65.222099
65.230986
65.294311
65.303187
65.366442
65.375309
65.438494
65.471348
65.510467
65.543285
65.606308
65.615143
65.678097
65.710831
65.749808
65.782506
65.845301
65.854103
65.916829
65.925622
65.988281
66.020861
66.083429
66.092199
66.1547
66.187198
66.225895
66.258358
66.320702
66.329441
66.391718
66.4241
66.486289
66.495007
66.557129
66.589431
66.651465
66.660161
66.722129
66.754351
66.816232
66.824907
66.886723
66.918866
66.980595
67.012692
67.050912
67.082976
67.144555
67.176574
67.238067
67.246687
67.308115
67.340057
67.4014
67.433297
67.494556
67.526409
67.587584
67.596159
67.657271
67.689047
67.750075
67.781808
67.842752
67.874442
67.935303
67.943834
68.027728
68.036248
68.096964
68.128536
68.18917
68.220699
68.281251
68.312738
68.373208
68.404653
68.465042
68.496444
68.556753
68.588113
68.648341
68.679659
68.739807
68.771084
68.831152
68.862387
68.922376
68.953569
69.036236
69.044631
69.127188
69.15829
69.218022
69.249083
69.308736
69.339756
69.399332
69.430312
69.512411
69.54334
69.602742
69.633631
69.692955
69.723804
69.805558
69.836358
69.89551
69.92627
70.007787
70.038498
70.09748
70.128151
70.209434
70.240056
70.298869
70.329452
70.410503
70.441038
70.499683
70.552447
70.611
70.641448
70.722141
70.752542
70.833108
70.863461
70.921757
70.974207
71.032412
71.06268
71.142895
71.173116
71.253207
71.283381
71.363348
71.393475
71.47332
71.503401
71.583122
71.613157
71.692757
71.722745
71.802224
71.854031
71.933364
71.963253
72.042465
72.072309
72.151402
72.202959
72.281909
72.311653
72.390485
72.420185
72.498898
72.550208
72.628781
72.658384
72.758432
72.787982
72.866298
72.917349
72.995527
73.046488
73.124527
73.153929
73.2533
73.282651
73.381848
73.411147
73.51017
73.539418
73.638269
73.667466
73.766146
73.816575
73.893801
73.944143
74.021236
74.071491
74.169633
74.219788
74.296595
74.346664
74.444444
74.494414
74.591999
74.64187
74.739263
74.76803
74.865259
74.914949
75.011987
75.061579
75.179325
75.228807
75.325441
75.374827
75.471274
75.520565
75.637596
75.686779
75.782829
75.831917
75.948469
75.99745
76.113748
76.162623
76.278669
76.327438
76.443234
76.512431
76.627948
76.676495
76.791765
76.860648
76.975642
77.044361
77.159081
77.227637
77.342085
77.410479
77.544917
77.59289
77.727012
77.795067
77.928842
77.996721
78.13015
78.217939
78.350991
78.418505
78.571212
78.638536
78.790817
78.877871
79.02969
79.116481
79.267844
79.354374
79.525039
79.61129
79.781404
79.887043
80.056572
80.161849
80.350349
80.455242
80.643056
80.767019
80.973512
81.096969
81.321942
81.464156
81.707345
81.848889
82.129198
82.289107
82.605962
82.8029
83.174472
83.426571
83.926495
84.306866
86.995991
87.345017
87.87628
88.097099
88.499696
88.665833
88.995285
89.160498
89.435455
89.582323
89.838507
89.949798
90.187522
90.298383
90.535192
90.628297
90.846957
90.939743
91.140423
91.215692
91.415766
91.490808
91.673148
91.765099
91.92981
92.004433
92.185758
92.260173
92.424002
92.481243
92.644681
92.718728
92.864835
92.938707
93.084469
93.141303
93.286748
93.34346
93.48859
93.545179
93.689998
93.746465
93.890973
93.930598
94.074823
94.131059
94.258314
94.314441
94.441449
94.480843
94.607628
94.663548
94.790088
94.829337
94.955656
95.011372
95.120937
95.176555
95.28593
95.341453
95.450639
95.489617
95.615064
95.653975
95.762804
95.801655
95.926694
95.965479
96.073956
96.112681
96.220992
96.259658
96.367804
96.406411
96.514393
96.552941
96.660759
96.699249
96.806904
96.829115
96.936626
96.975006
97.082355
97.120678
97.211709
97.249982
97.357027
97.379113
97.486017
97.524182
97.614836
97.652951
97.743486
97.78155
97.871966
97.90998
98.000278
98.038242
98.128422
98.166337
98.256399
98.278283
98.38421
98.406065
98.495908
98.533681
98.623408
98.661133
98.750744
98.772518
98.862028
98.899661
98.989056
99.010778
99.100073
99.12177
99.210965
99.248466
99.337547
99.359193
99.448175
99.469796
99.558679
99.580276
99.669061
99.690634
99.779321
99.816609
99.889459
99.926706
99.999476
