Requested percentage is 33%
Requested accuracy is 1e-08
Number of the roots that the program has calculated is 3814
Estimated percentage of the calculated roots is 35%
Estimated total number of roots in the interval (-200.5,100) is 11172.
The roots are: 
-200.49944
-200.4083
-200.33485
-200.24363
-200.23289
-200.13378
-200.12303
-200.02387
-200.01312
-199.91389
-199.90314
-199.80386
-199.7931
-199.69377
-199.683
-199.58361
-199.57284
-199.4734
-199.46262
-199.36312
-199.34445
-199.30796
-199.28929
-199.18971
-199.17891
-199.07927
-199.06847
-198.96878
-198.95007
-198.85032
-198.83951
-198.7397
-198.72888
-198.68436
-198.66563
-198.56574
-198.55491
-198.44704
-198.43621
-198.3362
-198.32535
-198.28075
-198.26198
-198.16188
-198.1431
-198.04294
-198.03209
-197.98742
-197.96862
-197.86837
-197.84956
-197.74926
-197.73044
-197.6857
-197.67482
-197.56648
-197.55559
-197.51081
-197.49197
-197.39148
-197.37263
-197.27208
-197.25321
-197.20837
-197.19746
-197.08885
-197.06997
-197.02508
-197.01417
-196.90546
-196.88656
-196.84163
-196.8307
-196.72189
-196.70298
-196.658
-196.63908
-196.47421
-196.45527
-196.41024
-196.39129
-196.28223
-196.27128
-196.2182
-196.20724
-196.03399
-196.01501
-195.96988
-195.95089
-195.84159
-195.82259
-195.77741
-195.7584
-195.71322
-195.6942
-195.58476
-195.56573
-195.5205
-195.50146
-195.45621
-195.43717
-195.2552
-195.24418
-195.19083
-195.17176
-195.12644
-195.10737
-194.92508
-194.91405
-194.8606
-194.8415
-194.7961
-194.777
-194.5944
-194.57528
-194.52174
-194.51068
-194.45713
-194.43799
-194.39249
-194.37335
-194.31975
-194.3006
-194.11756
-194.09839
-194.04472
-194.02554
-193.97995
-193.96076
-193.90705
-193.88786
-193.84224
-193.82304
-193.76929
-193.75009
-193.69632
-193.67711
-193.4204
-193.40116
-193.34729
-193.32805
-193.27416
-193.25491
-193.201
-193.18174
-193.12782
-193.10855
-193.06274
-193.04346
-192.9895
-192.97021
-192.91623
-192.89694
-192.84293
-192.82364
-192.76961
-192.75031
-192.69626
-192.67695
-192.62288
-192.60356
-192.54947
-192.53015
-192.47604
-192.4567
-192.40258
-192.38323
-192.32909
-192.30974
-192.2474
-192.22804
-192.17384
-192.15448
-192.10027
-192.08089
-192.02666
-192.00728
-191.71556
-191.69615
-191.64181
-191.62239
-191.56803
-191.5486
-191.48601
-191.46658
-191.41217
-191.39273
-191.33009
-191.31064
-191.25619
-191.22851
-191.09185
-191.07238
-191.01786
-190.99015
-190.93561
-190.91612
-190.85332
-190.83382
-190.69688
-190.66913
-190.61449
-190.59497
-190.53207
-190.51253
-190.44961
-190.43007
-190.28458
-190.26502
-190.20201
-190.18244
-190.11941
-190.09983
-189.95409
-189.92623
-189.87138
-189.84351
-189.69757
-189.67795
-189.61474
-189.58683
-189.4407
-189.41276
-189.34947
-189.32981
-189.26649
-189.23853
-189.17518
-189.1555
-189.09212
-189.06413
-189.00072
-188.98103
-188.90928
-188.88958
-188.82611
-188.79808
-188.73458
-188.70654
-188.64301
-188.61495
-188.55139
-188.53166
-188.36802
-188.34827
-188.27627
-188.24816
-188.18448
-188.15635
-188.09264
-188.0645
-188.00075
-187.9726
-187.90046
-187.88066
-187.80848
-187.7803
-187.71646
-187.68826
-187.61602
-187.58781
-187.5239
-187.49567
-187.42335
-187.39511
-187.33114
-187.30289
-187.23049
-187.20222
-187.12979
-187.1015
-187.02903
-187.00073
-186.92822
-186.8999
-186.82735
-186.79902
-186.72643
-186.69809
-186.62546
-186.5971
-186.52443
-186.49605
-186.42334
-186.38653
-186.31377
-186.28537
-186.21258
-186.18415
-186.10288
-186.07444
-186.00157
-185.96467
-185.89175
-185.86328
-185.78187
-185.75338
-185.67192
-185.64341
-185.5619
-185.53338
-185.45183
-185.42329
-185.34168
-185.31313
-185.23147
-185.2029
-185.1212
-185.08412
-185.00237
-184.97376
-184.89195
-184.85483
-184.77298
-184.73583
-184.65392
-184.62526
-184.5433
-184.50611
-184.4241
-184.38688
-184.29629
-184.26757
-184.17693
-184.13966
-184.05749
-184.0202
-183.92943
-183.89211
-183.80983
-183.77249
-183.6816
-183.64423
-183.55327
-183.51588
-183.42486
-183.38745
-183.29636
-183.25892
-183.16777
-183.12172
-183.03051
-182.99301
-182.89314
-182.85562
-182.76427
-182.71812
-182.6267
-182.58052
-182.48043
-182.44281
-182.34264
-182.29639
-182.19614
-182.15847
-182.05814
-182.01181
-181.91141
-181.86504
-181.75591
-181.70951
-181.60893
-181.56249
-181.45318
-181.40669
-181.29729
-181.25077
-181.14127
-181.0947
-180.98511
-180.92982
-180.82013
-180.76479
-180.655
-180.59961
-180.48102
-180.42558
-180.30687
-180.25137
-180.13255
-180.077
-179.95806
-179.89372
-179.77466
-179.71026
-179.58233
-179.52661
-179.3898
-179.33402
-179.19705
-179.13245
-178.99533
-178.93065
-178.79337
-178.71983
-178.5736
-178.50877
-178.36236
-178.28864
-178.13324
-178.05942
-177.90382
-177.82108
-177.65642
-177.57357
-177.40868
-177.31685
-177.14286
-177.05089
-176.86776
-176.77564
-176.58333
-176.48217
-176.27171
-176.17037
-175.95062
-175.83122
-175.6021
-175.47352
-175.21703
-175.0792
-174.79518
-174.63902
-174.31824
-174.1346
-173.74962
-173.51106
-172.99762
-172.63069
-169.94713
-169.57359
-169.06678
-168.8216
-168.44313
-168.25307
-167.93881
-167.77627
-167.49862
-167.35443
-167.10428
-166.96916
-166.74669
-166.62071
-166.40722
-166.29987
-166.09542
-165.98787
-165.80199
-165.70373
-165.52702
-165.42859
-165.2611
-165.16251
-165.00426
-164.91505
-164.75656
-164.66722
-164.51804
-164.43812
-164.28873
-164.20869
-164.06868
-163.99811
-163.85791
-163.77767
-163.64688
-163.57613
-163.44518
-163.37435
-163.24324
-163.18194
-163.05067
-162.9893
-162.86753
-162.79644
-162.68418
-162.61301
-162.50062
-162.43904
-162.32653
-162.26489
-162.15226
-162.09055
-161.97779
-161.91602
-161.81285
-161.75101
-161.64774
-161.59556
-161.48246
-161.43022
-161.32674
-161.27446
-161.17088
-161.11855
-161.01487
-160.96248
-160.86847
-160.81603
-160.71216
-160.65967
-160.56548
-160.51295
-160.41867
-160.37589
-160.28153
-160.2289
-160.13446
-160.09159
-159.99707
-159.94435
-159.85956
-159.8068
-159.72194
-159.67896
-159.58419
-159.54118
-159.45618
-159.40328
-159.31821
-159.27513
-159.18999
-159.14687
-159.06166
-159.01851
-158.93322
-158.89004
-158.80469
-158.76147
-158.68595
-158.64269
-158.55721
-158.51392
-158.43829
-158.39496
-158.30935
-158.27592
-158.19024
-158.14685
-158.07103
-158.02761
-157.95174
-157.91823
-157.84231
-157.79882
-157.72284
-157.67933
-157.60329
-157.56971
-157.49362
-157.45003
-157.37389
-157.34026
-157.26405
-157.2304
-157.15414
-157.12047
-157.04416
-157.01046
-156.93409
-156.90037
-156.82395
-156.7902
-156.71374
-156.67996
-156.61347
-156.56964
-156.5031
-156.46929
-156.39266
-156.35882
-156.29219
-156.25832
-156.19165
-156.14771
-156.08099
-156.04708
-155.98031
-155.94638
-155.87958
-155.84562
-155.77877
-155.7448
-155.67791
-155.64391
-155.57697
-155.54295
-155.47598
-155.44193
-155.37491
-155.34085
-155.27378
-155.2397
-155.18271
-155.1486
-155.08145
-155.04732
-154.99027
-154.95612
-154.88888
-154.85471
-154.79758
-154.76339
-154.69608
-154.67202
-154.60466
-154.57043
-154.5132
-154.47894
-154.42167
-154.3874
-154.3301
-154.2958
-154.22828
-154.20415
-154.13659
-154.11245
-154.04485
-154.02069
-153.96325
-153.92887
-153.8714
-153.837
-153.77949
-153.74508
-153.59552
-153.57129
-153.51369
-153.47921
-153.42157
-153.39731
-153.33964
-153.30512
-153.16539
-153.13084
-153.07306
-153.04875
-152.99095
-152.95635
-152.89852
-152.87418
-152.81631
-152.79195
-152.73405
-152.6994
-152.65175
-152.61708
-152.56941
-152.53472
-152.39428
-152.36986
-152.3118
-152.28737
-152.22928
-152.20483
-152.06409
-152.03961
-151.98143
-151.95694
-151.90906
-151.87422
-151.82632
-151.8018
-151.66069
-151.63615
-151.58817
-151.55326
-151.50525
-151.48069
-151.42228
-151.39771
-151.34965
-151.31468
-151.1835
-151.15889
-151.11076
-151.08613
-151.03797
-151.00293
-150.95475
-150.9301
-150.88189
-150.85723
-150.79858
-150.7739
-150.72565
-150.70096
-150.65268
-150.62798
-150.2664
-150.24164
-150.19321
-150.16843
-150.11998
-150.09519
-150.04672
-150.02192
-149.97342
-149.94861
-149.90009
-149.87526
-149.82672
-149.80188
-149.75331
-149.72846
-149.67987
-149.655
-149.60639
-149.58151
-149.53287
-149.50798
-149.11209
-149.08713
-149.03833
-149.01336
-148.96454
-148.93956
-148.90126
-148.87626
-148.82739
-148.80239
-148.75349
-148.72848
-148.69012
-148.66509
-148.61615
-148.59111
-148.4152
-148.39012
-148.34109
-148.31601
-148.27755
-148.25245
-148.20337
-148.17826
-148.13976
-148.11464
-147.93816
-147.913
-147.86382
-147.84927
-147.80006
-147.77488
-147.73628
-147.71109
-147.53413
-147.5089
-147.47023
-147.445
-147.40631
-147.38106
-147.2037
-147.18909
-147.13966
-147.12505
-147.07559
-147.05029
-146.94738
-146.92205
-146.88323
-146.85789
-146.81905
-146.7937
-146.6906
-146.66523
-146.62634
-146.60096
-146.56205
-146.53666
-146.43338
-146.41869
-146.369
-146.35431
-146.25091
-146.22546
-146.18645
-146.16099
-146.12197
-146.0965
-145.99291
-145.97818
-145.9391
-145.9136
-145.80988
-145.79514
-145.74523
-145.73048
-145.62663
-145.61186
-145.5619
-145.54712
-145.44314
-145.42836
-145.37833
-145.36354
-145.25943
-145.24462
-145.20535
-145.17972
-145.0863
-145.06065
-144.96716
-144.94149
-144.90214
-144.88729
-144.78284
-144.76799
-144.72858
-144.70287
-144.60915
-144.58341
-144.48961
-144.47473
-144.43525
-144.40948
-144.31557
-144.30066
-144.19579
-144.18087
-144.08681
-144.06098
-144.02139
-144.00645
-143.91228
-143.88642
-143.79216
-143.77721
-143.68288
-143.66791
-143.62821
-143.6023
-143.50786
-143.49287
-143.39836
-143.38336
-143.28877
-143.2628
-143.16814
-143.15312
-143.05838
-143.04335
-142.94853
-142.93349
-142.83861
-142.82355
-142.72859
-142.71353
-142.6185
-142.60342
-142.50832
-142.49322
-142.39805
-142.38295
-142.28769
-142.27258
-142.1883
-142.17318
-142.07779
-142.06265
-141.96719
-141.95204
-141.86757
-141.79703
-141.70139
-141.68621
-141.60159
-141.5753
-141.49061
-141.47541
-141.39066
-141.31989
-141.22392
-141.20869
-141.12378
-141.10854
-140.96786
-140.95261
-140.86754
-140.85227
-140.76715
-140.69606
-140.61084
-140.59554
-140.45435
-140.43904
-140.35366
-140.33834
-140.19689
-140.18155
-140.09602
-140.03581
-139.95018
-139.93482
-139.80419
-139.78881
-139.64681
-139.63141
-139.5005
-139.48509
-139.39912
-139.33861
-139.25256
-139.19198
-139.10584
-139.0452
-138.95896
-138.89826
-138.76666
-138.75116
-138.61943
-138.60391
-138.48338
-138.42247
-138.33584
-138.27487
-138.14268
-138.12711
-138.00616
-137.94503
-137.81253
-137.79692
-137.67568
-137.61441
-137.49301
-137.43166
-137.29866
-137.29443
-137.11548
-137.11125
-136.93206
-136.92783
-136.7484
-136.6982
-136.57599
-136.51422
-136.39184
-136.33
-136.17285
-136.1109
-135.98816
-135.92613
-135.76851
-135.70638
-135.54851
-135.48628
-135.32815
-135.26582
-135.10743
-135.0101
-134.85141
-134.75389
-134.5949
-134.53223
-134.33791
-134.24001
-134.08042
-133.98234
-133.78721
-133.68892
-133.45806
-133.35952
-133.16349
-133.02931
-132.79731
-132.66276
-132.43011
-132.29519
-131.99052
-131.85515
-131.51362
-131.34189
-130.96305
-130.71851
-130.22934
-129.87462
-127.02986
-126.72816
-126.1862
-125.95733
-125.56224
-125.40741
-125.08596
-124.93053
-124.64566
-124.52754
-124.24174
-124.12323
-123.87455
-123.79376
-123.54441
-123.46341
-123.25163
-123.17044
-122.95816
-122.87677
-122.66398
-122.62083
-122.4076
-122.32584
-122.15068
-122.10735
-121.89322
-121.8498
-121.67395
-121.63045
-121.45428
-121.37188
-121.23422
-121.19056
-121.01375
-120.97001
-120.79289
-120.74907
-120.61069
-120.56681
-120.38909
-120.34512
-120.20628
-120.16225
-120.0232
-119.9791
-119.83983
-119.79566
-119.65619
-119.61195
-119.47226
-119.42795
-119.28805
-119.28319
-119.14311
-119.09868
-118.95839
-118.95352
-118.81305
-118.7685
-118.62782
-118.62293
-118.48207
-118.4374
-118.33615
-118.29142
-118.19004
-118.14526
-118.00383
-117.99892
-117.85731
-117.85239
-117.71061
-117.70569
-117.56373
-117.5588
-117.41667
-117.41173
-117.30959
-117.26447
-117.16221
-117.11703
-117.01464
-117.00969
-116.86688
-116.86192
-116.75931
-116.71397
-116.61123
-116.60626
-116.46296
-116.45798
-116.35501
-116.35003
-116.20641
-116.20142
-116.09822
-116.09323
-115.9493
-115.9443
-115.84087
-115.83587
-115.73234
-115.6866
-115.58294
-115.57793
-115.47417
-115.46915
-115.3653
-115.31941
-115.21542
-115.21039
-115.1063
-115.10127
-114.99708
-114.99204
-114.88775
-114.88271
-114.77832
-114.70482
-114.69618
-114.62263
-114.518
-114.51294
-114.40822
-114.40315
-114.29833
-114.29325
-114.18833
-114.18325
-114.07823
-114.07315
-113.96802
-113.96293
-113.8577
-113.85261
-113.74728
-113.71456
-113.70584
-113.61782
-113.56761
-113.56251
-113.45691
-113.4518
-113.3461
-113.34098
-113.23517
-113.23006
-113.12414
-113.11902
-113.06859
-113.03567
-112.94349
-112.93835
-112.83217
-112.82703
-112.72074
-112.7156
-112.67893
-112.6459
-112.53944
-112.53429
-112.42772
-112.42256
-112.37182
-112.3387
-112.24594
-112.24078
-112.13393
-112.12876
-112.0919
-112.0587
-111.95168
-111.9465
-111.85342
-111.82014
-111.76913
-111.76394
-111.65664
-111.62331
-111.58627
-111.58108
-111.4736
-111.4684
-111.40312
-111.39792
-111.29027
-111.28506
-111.21967
-111.21446
-111.10663
-111.07313
-111.03592
-111.0307
-110.92268
-110.9033
-110.85186
-110.84663
-110.66749
-110.66225
-110.6107
-110.59126
-110.48282
-110.46335
-110.4117
-110.40645
-110.35478
-110.32106
-110.2266
-110.22134
-110.15533
-110.15006
-109.96979
-109.96452
-109.89835
-109.89307
-109.84116
-109.82158
-109.71238
-109.69278
-109.64077
-109.63548
-109.59778
-109.56382
-109.38258
-109.36292
-109.31076
-109.30546
-109.26764
-109.23358
-109.05179
-109.03207
-108.97975
-108.97443
-108.90765
-108.90233
-108.84995
-108.83019
-108.57541
-108.55561
-108.50305
-108.49771
-108.43064
-108.4253
-108.35819
-108.35284
-108.30019
-108.28033
-107.95153
-107.9316
-107.87875
-107.85881
-107.80592
-107.80054
-107.73304
-107.72766
-107.66011
-107.65473
-107.58714
-107.58175
-107.51411
-107.50872
-107.44104
-107.43564
-107.38254
-107.36251
-107.30938
-107.28933
-107.23616
-107.21611
-107.1629
-107.14283
-107.08958
-107.0695
-107.01621
-106.99612
-106.9428
-106.92269
-106.86933
-106.84921
-106.79582
-106.77568
-106.72225
-106.7021
-106.6339
-106.62847
-106.56022
-106.55478
-106.48649
-106.48105
-106.41271
-106.40726
-106.33888
-106.33343
-106.26499
-106.24476
-106.19106
-106.17081
-106.11707
-106.09681
-105.87997
-105.85966
-105.80576
-105.78544
-105.71665
-105.71117
-105.64233
-105.63684
-105.56796
-105.54759
-105.49354
-105.47315
-105.32962
-105.3092
-105.25503
-105.23459
-105.16545
-105.15993
-105.09074
-105.07027
-104.92619
-104.90569
-104.83633
-104.8308
-104.76139
-104.74086
-104.68639
-104.66585
-104.59632
-104.57576
-104.50618
-104.50063
-104.431
-104.4104
-104.26541
-104.24478
-104.17498
-104.15433
-104.09956
-104.0789
-104.00898
-103.98831
-103.91833
-103.91275
-103.84272
-103.82201
-103.75192
-103.73119
-103.66104
-103.6403
-103.49422
-103.47344
-103.40312
-103.38232
-103.31193
-103.29111
-103.22067
-103.19983
-103.12932
-103.10846
-103.03789
-103.01702
-102.94638
-102.92549
-102.85479
-102.84915
-102.67136
-102.65041
-102.57952
-102.55856
-102.48761
-102.46662
-102.3956
-102.3746
-102.30352
-102.2825
-102.21135
-102.19031
-102.1191
-102.09804
-102.01137
-102.00569
-101.91894
-101.89784
-101.82642
-101.8053
-101.73383
-101.71269
-101.62569
-101.60452
-101.5329
-101.51172
-101.44004
-101.41884
-101.33158
-101.31036
-101.23853
-101.21729
-101.12986
-101.1086
-101.03662
-101.01534
-100.92774
-100.90643
-100.81873
-100.7974
-100.72521
-100.70386
-100.61599
-100.59461
-100.50664
-100.48525
-100.41283
-100.37576
-100.30326
-100.28182
-100.19358
-100.17212
-100.08378
-100.06229
-99.973853
-99.952341
-99.863808
-99.842272
-99.753641
-99.732082
-99.643353
-99.621769
-99.532943
-99.495549
-99.42241
-99.384974
-99.295935
-99.274276
-99.185138
-99.163455
-99.074217
-99.03665
-98.947298
-98.925562
-98.83611
-98.798452
-98.708884
-98.687096
-98.597427
-98.559679
-98.469894
-98.448053
-98.342195
-98.320325
-98.230322
-98.192432
-98.102311
-98.064371
-97.974132
-97.936143
-97.845786
-97.807747
-97.717271
-97.679182
-97.588587
-97.550448
-97.443615
-97.421544
-97.314569
-97.276322
-97.185352
-97.147054
-97.039776
-97.017614
-96.910193
-96.871786
-96.764204
-96.725739
-96.617994
-96.579472
-96.487844
-96.44927
-96.341215
-96.302582
-96.178032
-96.139333
-96.03093
-95.992172
-95.883602
-95.844784
-95.736048
-95.680754
-95.571831
-95.532887
-95.407332
-95.36832
-95.25904
-95.203469
-95.093999
-95.038332
-94.912123
-94.872908
-94.746479
-94.707195
-94.580544
-94.524575
-94.397679
-94.341601
-94.214459
-94.158272
-94.030882
-93.974585
-93.846946
-93.790539
-93.645876
-93.589348
-93.444374
-93.387724
-93.242436
-93.185663
-93.04006
-92.966269
-92.820322
-92.76329
-92.600061
-92.525919
-92.362271
-92.304957
-92.123867
-92.066404
-91.884844
-91.810124
-91.628056
-91.553126
-91.353353
-91.278198
-91.077822
-90.985177
-90.784154
-90.691209
-90.472172
-90.361524
-90.124259
-90.013184
-89.774998
-89.645969
-89.37166
-89.224445
-88.913509
-88.747837
-88.399694
-88.197444
-87.75767
-87.482144
-86.803826
-86.106704
-85.196503
-84.486119
-83.821037
-83.532527
-83.086967
-82.890704
-82.536888
-82.358389
-82.059723
-81.918543
-81.656749
-81.514871
-81.271107
-81.147914
-80.922458
-80.818172
-80.611281
-80.506592
-80.298899
-80.193802
-80.024564
-79.919107
-79.749286
-79.643464
-79.492816
-79.386653
-79.235517
-79.148857
-78.997266
-78.910344
-78.758294
-78.691072
-78.538598
-78.471188
-78.318286
-78.250686
-78.117463
-78.029561
-77.895959
-77.827992
-77.694044
-77.625901
-77.511871
-77.443567
-77.308953
-77.260804
-77.125871
-77.057225
-76.942352
-76.893973
-76.758395
-76.7099
-76.594507
-76.525384
-76.430267
-76.360996
-76.245075
-76.196253
-76.080081
-76.031153
-75.914728
-75.865694
-75.769749
-75.699873
-75.603717
-75.554481
-75.45814
-75.387976
-75.291422
-75.241981
-75.14524
-75.095703
-74.998773
-74.949139
-74.852019
-74.802288
-74.704977
-74.655148
-74.557645
-74.507718
-74.431128
-74.381116
-74.283253
-74.233141
-74.135083
-74.106071
-74.007844
-73.957546
-73.880386
-73.830001
-73.752708
-73.702235
-73.60347
-73.574248
-73.47531
-73.446037
-73.346927
-73.317602
-73.218318
-73.188942
-73.089483
-73.060055
-72.981947
-72.930941
-72.852694
-72.801597
-72.723211
-72.693635
-72.615133
-72.563869
-72.485226
-72.455552
-72.376792
-72.325359
-72.246456
-72.216685
-72.137663
-72.107847
-72.028706
-71.977024
-71.89774
-71.867824
-71.788418
-71.758457
-71.67893
-71.648923
-71.569275
-71.539221
-71.459451
-71.429351
-71.349458
-71.319312
-71.239295
-71.209103
-71.128962
-71.098722
-71.018457
-70.988171
-70.90778
-70.877446
-70.79693
-70.766549
-70.708125
-70.655477
-70.596962
-70.566494
-70.485623
-70.455107
-70.396425
-70.365871
-70.284769
-70.254166
-70.172934
-70.142283
-70.083339
-70.052648
-69.971183
-69.940443
-69.881328
-69.850549
-69.791358
-69.760539
-69.678732
-69.647863
-69.5885
-69.557591
-69.475545
-69.467201
-69.385049
-69.354049
-69.294434
-69.263394
-69.203701
-69.17262
-69.112849
-69.081727
-68.999115
-68.967942
-68.907993
-68.876779
-68.816751
-68.785495
-68.725387
-68.694089
-68.633901
-68.602562
-68.542294
-68.510913
-68.450564
-68.419141
-68.358711
-68.327245
-68.266734
-68.235226
-68.174633
-68.143083
-68.082407
-68.050814
-67.920712
-67.889043
-67.828141
-67.796429
-67.735444
-67.703689
-67.642619
-67.610821
-67.47987
-67.447994
-67.386693
-67.354774
-67.223324
-67.191327
-67.129791
-67.09775
-66.965795
-66.933675
-66.871903
-66.863234
-66.801397
-66.769197
-66.707273
-66.675028
-66.636592
-66.604314
-66.542235
-66.509911
-66.47138
-66.43902
-66.305755
-66.273315
-66.210927
-66.202171
-66.139716
-66.107194
-66.068428
-66.035872
-65.901791
-65.869152
-65.830246
-65.797572
-65.734732
-65.725913
-65.663004
-65.630247
-65.591199
-65.558405
-65.351277
-65.318363
-65.279129
-65.246178
-65.182807
-65.173914
-65.110472
-65.101569
-65.038056
-65.029143
-64.96556
-64.93245
-64.892983
-64.859836
-64.820324
-64.78714
-64.747584
-64.714363
-64.674762
-64.641504
-63.794416
-63.760698
-63.720505
-63.686748
-63.646508
-63.612712
-63.572425
-63.538589
-63.498255
-63.489126
-63.423999
-63.414859
-63.349656
-63.340505
-63.275225
-63.266064
-63.225556
-63.191534
-63.150979
-63.116917
-62.876773
-62.842563
-62.801782
-62.792552
-62.726701
-62.71746
-62.65153
-62.642278
-62.601366
-62.567006
-62.400307
-62.365836
-62.324743
-62.315442
-62.249087
-62.239774
-62.198598
-62.164015
-61.996233
-61.961536
-61.920175
-61.910813
-61.844024
-61.834651
-61.665972
-61.63109
-61.589507
-61.580095
-61.538477
-61.503523
-61.410717
-61.37569
-61.333934
-61.324483
-61.257054
-61.247591
-61.077291
-61.0678
-61.000088
-60.990585
-60.896998
-60.861675
-60.819566
-60.810035
-60.76789
-60.732492
-60.638506
-60.628947
-60.560744
-60.551172
-60.456904
-60.421324
-60.378908
-60.369307
-60.196523
-60.186893
-60.144311
-60.108546
-60.013584
-60.003924
-59.961213
-59.925338
-59.830085
-59.820396
-59.777553
-59.741569
-59.646022
-59.636303
-59.461389
-59.45164
-59.355627
-59.319386
-59.276181
-59.266401
-59.170087
-59.160291
-58.983965
-58.974137
-58.877345
-58.867499
-58.823962
-58.787394
-58.690294
-58.680417
-58.583139
-58.573244
-58.475789
-58.439002
-58.395146
-58.385219
-58.287449
-58.277504
-58.179552
-58.169589
-58.071456
-58.061473
-58.017332
-57.926045
-57.8818
-57.871785
-57.773146
-57.763112
-57.664288
-57.654235
-57.555223
-57.545151
-57.445951
-57.43586
-57.336471
-57.326361
-57.226782
-57.216652
-57.116882
-57.106733
-57.00677
-56.996601
-56.896445
-56.886257
-56.785906
-56.775697
-56.675151
-56.664923
-56.564179
-56.553931
-56.452989
-56.442721
-56.34158
-56.331291
-56.22995
-56.191693
-56.0901
-56.079765
-55.977968
-55.967612
-55.865611
-55.855235
-55.753028
-55.714444
-55.611979
-55.601555
-55.498881
-55.488436
-55.413907
-55.346713
-55.243565
-55.233072
-55.129712
-55.090691
-54.987064
-54.976521
-54.872678
-54.833475
-54.72936
-54.718768
-54.585665
-54.575046
-54.470437
-54.430944
-54.326058
-54.315387
-54.181294
-54.170594
-54.065203
-54.025414
-53.919739
-53.879842
-53.773881
-53.733876
-53.627626
-53.587512
-53.480972
-53.440747
-53.333914
-53.293579
-53.18645
-53.146002
-53.038575
-52.998015
-52.86058
-52.849613
-52.711791
-52.670979
-52.562582
-52.521654
-52.382969
-52.371902
-52.23282
-52.191633
-52.052069
-52.01074
-51.900963
-51.859513
-51.719052
-51.677457
-51.5365
-51.494757
-51.353299
-51.311406
-51.169441
-51.127398
-50.984921
-50.942726
-50.7688
-50.726424
-50.582818
-50.540287
-50.364971
-50.322256
-50.177492
-50.134618
-49.957878
-49.914815
-49.737294
-49.66242
-49.483995
-49.440518
-49.261289
-49.18569
-49.005529
-48.961627
-48.748426
-48.672031
-48.489961
-48.413158
-48.197531
-48.120261
-47.903316
-47.825571
-47.574276
-47.495992
-47.242945
-47.130794
-46.875775
-46.762744
-46.471918
-46.324006
-45.99627
-45.846824
-45.446578
-45.260625
-44.785055
-44.490551
-43.684228
-41.946366
-41.166533
-40.845948
-40.396183
-40.186868
-39.808639
-39.635869
-39.332285
-39.157413
-38.890501
-38.754187
-38.525274
-38.387664
-38.156552
-38.058901
-37.825781
-37.727274
-37.533965
-37.434691
-37.239863
-37.139803
-36.985914
-36.885165
-36.687419
-36.628757
-36.472712
-36.370541
-36.213384
-36.153953
-35.99585
-35.892322
-35.733061
-35.67283
-35.512585
-35.451979
-35.335214
-35.274303
-35.112239
-35.050941
-34.932835
-34.871222
-34.707276
-34.645262
-34.525768
-34.463427
-34.3433
-34.280627
-34.159858
-34.096848
-33.975426
-33.912073
-33.789986
-33.726285
-33.603524
-33.58627
-33.462995
-33.39867
-33.2747
-33.257275
-33.132776
-33.067809
-32.990242
-32.924994
-32.799234
-32.781556
-32.655244
-32.589325
-32.510616
-32.444403
-32.365342
-32.298832
-32.219414
-32.152601
-32.072821
-32.005702
-31.925555
-31.858126
-31.777607
-31.709863
-31.628966
-31.560903
-31.479624
-31.461205
-31.32957
-31.311063
-31.229133
-31.160197
-31.07787
-31.059213
-30.925866
-30.907118
-30.824114
-30.75427
-30.670853
-30.651949
-30.568252
-30.497823
-30.413702
-30.394638
-30.310231
-30.2392
-30.154358
-30.13513
-30.049994
-30.030698
-29.945266
-29.873367
-29.787483
-29.768018
-29.681829
-29.662294
-29.575797
-29.556193
-29.469384
-29.396322
-29.30904
-29.289257
-29.201655
-29.181799
-29.093873
-29.073943
-28.985691
-28.965687
-28.877103
-28.857024
-28.768106
-28.74795
-28.658694
-28.638461
-28.548862
-28.528552
-28.438607
-28.418217
-28.327922
-28.307453
-28.216803
-28.196253
-28.105245
-28.084613
-27.993242
-27.972528
-27.88079
-27.859992
-27.767881
-27.746999
-27.711255
-27.633544
-27.597653
-27.576642
-27.483582
-27.462483
-27.369035
-27.347848
-27.254007
-27.232731
-27.196311
-27.174989
-27.080549
-27.059136
-26.96429
-26.942785
-26.847528
-26.825929
-26.788956
-26.76731
-26.671426
-26.649685
-26.553376
-26.531538
-26.494154
-26.472267
-26.375311
-26.353325
-26.315688
-26.293652
-26.196035
-26.173898
-26.015523
-25.993233
-25.894483
-25.872089
-25.833751
-25.811304
-25.711855
-25.689302
-25.65069
-25.628083
-25.52792
-25.505204
-25.466314
-25.443542
-25.280592
-25.257654
-25.218381
-25.195386
-25.093497
-25.070387
-25.030821
-25.007653
-24.904995
-24.88171
-24.841844
-24.8185
-24.778531
-24.755127
-24.651418
-24.627894
-24.587615
-24.56403
-24.395205
-24.371433
-24.330731
-24.306896
-24.266085
-24.242186
-24.136273
-24.112246
-24.071105
-24.047012
-24.00576
-23.981602
-23.808648
-23.78429
-23.74258
-23.718154
-23.676328
-23.651834
-23.476451
-23.451748
-23.409446
-23.384672
-23.342249
-23.317403
-23.274857
-23.24994
-23.071502
-23.046365
-23.003317
-22.978105
-22.93493
-22.909643
-22.866338
-22.840975
-22.79754
-22.7721
-22.520245
-22.494492
-22.450387
-22.424553
-22.38031
-22.354395
-22.310013
-22.284017
-22.239494
-22.213415
-22.16875
-22.142588
-22.09778
-22.071534
-22.026582
-22.000251
-21.955152
-21.928735
-21.88349
-21.856986
-21.004476
-20.976862
-20.929558
-20.901845
-20.854372
-20.826559
-20.778913
-20.750999
-20.703179
-20.675163
-20.627168
-20.599048
-20.550875
-20.52265
-20.474298
-20.445967
-20.397433
-20.368996
-20.320277
-20.291732
-20.087033
-20.058156
-20.008681
-19.97969
-19.93002
-19.900915
-19.851048
-19.821827
-19.771761
-19.742423
-19.612224
-19.582647
-19.531967
-19.502268
-19.451379
-19.421557
-19.370456
-19.340509
-19.207586
-19.177385
-19.125632
-19.095301
-19.043324
-19.012862
-18.960659
-18.930064
-18.877632
-18.846902
-18.794239
-18.763372
-18.710474
-18.679468
-18.541808
-18.51052
-18.456897
-18.425465
-18.285892
-18.254166
-18.199788
-18.167911
-18.026344
-17.99416
-17.938994
-17.906653
-17.851216
-17.818715
-17.763004
-17.730342
-17.585253
-17.55226
-17.4957
-17.462538
-17.405687
-17.372353
-17.315205
-17.281697
-17.224249
-17.190563
-17.132809
-17.098944
-17.040879
-17.00683
-16.94845
-16.914216
-16.855515
-16.821091
-16.762064
-16.727448
-16.668089
-16.633277
-16.573581
-16.538571
-16.478532
-16.443319
-16.382931
-16.347512
-16.286768
-16.25114
-16.190035
-16.154193
-16.09272
-16.056661
-15.994813
-15.958533
-15.896303
-15.859797
-15.797179
-15.760443
-15.697429
-15.660459
-15.59704
-15.559833
-15.496002
-15.458551
-15.3943
-15.356601
-15.291923
-15.25397
-15.188855
-15.150644
-15.085082
-15.046609
-14.980591
-14.941849
-14.875366
-14.836349
-14.769392
-14.730093
-14.662651
-14.623066
-14.555128
-14.515249
-14.446804
-14.406626
-14.337662
-14.297177
-14.227683
-14.186884
-14.116847
-14.075727
-14.005134
-13.963685
-13.892523
-13.850737
-13.778991
-13.73686
-13.664516
-13.622031
-13.549074
-13.506226
-13.43264
-13.389419
-13.315188
-13.271584
-13.19669
-13.152694
-13.077119
-13.032719
-12.956444
-12.911629
-12.834635
-12.789393
-12.711659
-12.665977
-12.587481
-12.541347
-12.462066
-12.415466
-12.335375
-12.288295
-12.20737
-12.159795
-12.078009
-12.029922
-11.947247
-11.898631
-11.815038
-11.765876
-11.681332
-11.631605
-11.546079
-11.495767
-11.409222
-11.358303
-11.270703
-11.219156
-11.130461
-11.078261
-10.988428
-10.935551
-10.844536
-10.790954
-10.698709
-10.644393
-10.550866
-10.495785
-10.400922
-10.345043
-10.248785
-10.192071
-10.094355
-10.036769
-9.9375254
-9.8790248
-9.7781807
-9.718721
-9.616196
-9.5557284
-9.4514355
-9.389907
-9.2837514
-9.2211041
-9.1129823
-9.0491529
-8.9389515
-8.8738703
-8.7614646
-8.695055
-8.580307
-8.5124843
-8.3952413
-8.3259112
-8.2060029
-8.1350602
-8.0122962
-7.9396229
-7.813789
-7.7392518
-7.6101055
-7.5335534
-7.4008184
-7.3220785
-7.1854381
-7.1043114
-6.9633991
-6.8796547
-6.734043
-6.6474097
-6.4965947
-6.4067514
-6.250132
-6.1566931
-5.993543
-5.8960391
-5.7254663
-5.6233162
-5.4442053
-5.3366743
-5.1475994
-5.0337362
-4.8328239
-4.7113594
-4.4960643
-4.3652393
-4.1319488
-3.9892006
-3.7324802
-3.5738116
-3.2847855
-3.1033106
-2.7655421
-2.5473405
-2.1228826
-1.8295767
-1.1683484
-0.45360602
0.45360602
1.1683484
1.8295767
2.1228826
2.5473405
2.7655421
3.1033106
3.2847855
3.5738116
3.7324802
3.9892006
4.1319488
4.3652393
4.4960643
4.7113594
4.8328239
5.0337362
5.1475994
5.3366743
5.4442053
5.6233162
5.7254663
5.8960391
5.9935429
6.1566931
6.250132
6.4067514
6.4965947
6.6474097
6.734043
6.8796547
6.9633991
7.1043114
7.1854381
7.3220785
7.4008184
7.5335534
7.6101055
7.7392518
7.813789
7.9396229
8.0122962
8.1350602
8.2060029
8.3259112
8.3952413
8.5124843
8.580307
8.695055
8.7614646
8.8738703
8.9389515
9.0491529
9.1129823
9.2211041
9.2837514
9.389907
9.4514355
9.5557284
9.616196
9.718721
9.7781807
9.8790248
9.9375254
10.036769
10.094355
10.192071
10.248785
10.345043
10.400922
10.495785
10.550866
10.644393
10.698709
10.790954
10.844536
10.935551
10.988428
11.078261
11.130461
11.219156
11.270703
11.358303
11.409222
11.495767
11.546079
11.631605
11.681332
11.765876
11.815038
11.898631
11.947247
12.029922
12.078009
12.159795
12.20737
12.288295
12.335375
12.415466
12.462066
12.541347
12.587481
12.665977
12.711659
12.789393
12.834635
12.911629
12.956444
13.032719
13.077119
13.152694
13.19669
13.271584
13.315188
13.389419
13.43264
13.506226
13.549074
13.622031
13.664516
13.73686
13.778991
13.850737
13.892523
13.963685
14.005134
14.075727
14.116847
14.186884
14.227683
14.297177
14.337662
14.406626
14.446804
14.515249
14.555128
14.623066
14.662651
14.730093
14.769392
14.836349
14.875366
14.941849
14.980591
15.046609
15.085082
15.150644
15.188855
15.25397
15.291923
15.356601
15.3943
15.458551
15.496002
15.559833
15.59704
15.660459
15.697429
15.760443
15.797179
15.859797
15.896303
15.958533
15.994813
16.056661
16.09272
16.154193
16.190035
16.25114
16.286768
16.347512
16.382931
16.443319
16.478532
16.538571
16.573581
16.633277
16.668089
16.727448
16.762064
16.821091
16.855515
16.914216
16.94845
17.00683
17.040879
17.190563
17.224249
17.281697
17.315205
17.372353
17.405687
17.462538
17.4957
17.55226
17.585253
17.641526
17.674352
17.730342
17.763004
17.818715
17.851216
17.99416
18.026344
18.081244
18.113273
18.167911
18.199788
18.254166
18.285892
18.340016
18.371594
18.425465
18.456897
18.51052
18.541808
18.595186
18.626332
18.763372
18.794239
18.846902
18.877632
18.930064
18.960659
19.012862
19.043324
19.095301
19.125632
19.177385
19.207586
19.25912
19.289193
19.421557
19.451379
19.502268
19.531967
19.582647
19.612224
19.662697
19.692154
19.821827
19.851048
19.900915
19.93002
19.97969
20.008681
20.058156
20.087033
20.136316
20.165081
20.214173
20.242828
20.445967
20.474298
20.52265
20.550875
20.599048
20.627168
20.675163
20.703179
20.750999
20.778913
20.826559
20.854372
20.901845
20.929558
20.976862
21.004476
21.051611
21.079127
21.126096
21.153515
21.200319
21.227642
21.274283
21.301511
21.34799
21.375125
21.421445
21.448486
21.494648
21.521597
21.567602
21.594461
21.640311
21.66708
21.712776
21.739456
21.785001
21.811592
21.856986
21.88349
21.928735
21.955152
22.000251
22.026582
22.071534
22.09778
22.142588
22.16875
22.213415
22.239494
22.284017
22.310013
22.633722
22.659317
22.703016
22.728533
22.7721
22.79754
22.840975
22.866338
22.909643
22.93493
23.18228
23.20727
23.24994
23.274857
23.317403
23.342249
23.384672
23.409446
23.585327
23.609891
23.651834
23.676328
23.718154
23.74258
23.916012
23.940236
23.981602
24.00576
24.047012
24.071105
24.177303
24.201266
24.242186
24.266085
24.306896
24.330731
24.499999
24.523646
24.56403
24.587615
24.755127
24.778531
24.8185
24.841844
24.944761
24.967987
25.007653
25.030821
25.195386
25.218381
25.257654
25.280592
25.381731
25.404557
25.443542
25.466314
25.566717
25.589379
25.628083
25.65069
25.750375
25.772875
25.811304
25.833751
25.932732
25.955074
25.993233
26.015523
26.113816
26.136003
26.173898
26.196035
26.293652
26.315688
26.412863
26.434799
26.472267
26.494154
26.590677
26.612467
26.708562
26.730256
26.76731
26.788956
26.884421
26.905972
27.001023
27.022482
27.059136
27.080549
27.174989
27.196311
27.29035
27.311582
27.405226
27.426368
27.462483
27.483582
27.576642
27.597653
27.69033
27.711255
27.803553
27.824393
27.916317
27.937072
27.972528
28.049299
28.084613
28.105245
28.196253
28.216803
28.307453
28.327922
28.418217
28.438607
28.528552
28.548862
28.638461
28.658694
28.74795
28.768106
28.857024
28.877103
28.965687
29.039832
29.073943
29.147814
29.235577
29.255397
29.342838
29.362585
29.449709
29.469384
29.556193
29.575797
29.662294
29.734703
29.820739
29.84017
29.925903
29.945266
30.030698
30.102221
30.18721
30.206405
30.291101
30.310231
30.446274
30.465306
30.549284
30.568252
30.651949
30.722025
30.805304
30.824114
30.957899
30.976617
31.059213
31.128373
31.210567
31.229133
31.36119
31.379668
31.461205
31.529483
31.610635
31.67859
31.759361
31.777607
31.907394
31.925555
32.054743
32.072821
32.201418
32.219414
32.347428
32.365342
32.492782
32.558897
32.637489
32.703311
32.781556
32.84709
32.972668
32.990242
33.115277
33.180152
33.304474
33.321873
33.445669
33.509903
33.633006
33.650236
33.772828
33.836441
33.958361
34.021627
34.142886
34.205811
34.326418
34.389008
34.508975
34.571234
34.690571
34.752505
34.916238
34.977773
35.095727
35.156947
35.318806
35.37964
35.540484
35.600939
35.716836
35.820872
35.979743
36.039462
36.197374
36.256734
36.456816
36.515754
36.671616
36.77295
36.970239
37.02836
37.224295
37.324129
37.518519
37.617572
37.810454
37.908744
38.141358
38.238797
38.469415
38.606735
38.875594
39.011484
39.277573
39.451913
39.754583
39.92684
40.30396
40.551424
41.03778
41.394843
44.242717
44.574114
45.086763
45.308112
45.709571
45.859465
46.222167
46.336517
46.661863
46.775138
47.030703
47.143091
47.396672
47.508195
47.726936
47.804842
48.054931
48.132305
48.348223
48.425129
48.607442
48.683939
48.897421
48.94138
49.121776
49.197473
49.376934
49.452241
49.630781
49.674091
49.851836
49.894954
50.071915
50.114844
50.291031
50.333773
50.478088
50.520672
50.695449
50.73785
50.881019
50.923266
51.065915
51.108009
51.280784
51.292086
51.464244
51.475505
51.647051
51.658273
51.798898
51.840397
51.980529
52.021883
52.161528
52.172639
52.311882
52.352973
52.491738
52.502779
52.641148
52.681983
52.819883
52.830856
52.968368
52.97931
53.116438
53.127349
53.264096
53.304454
53.411346
53.451593
53.558191
53.598328
53.704635
53.744662
53.85068
53.890599
53.996331
54.007065
54.141589
54.152294
54.286459
54.297136
54.402078
54.441592
54.546256
54.556881
54.690054
54.700651
54.80482
54.815396
54.947942
54.95849
55.062171
55.129712
55.204625
55.215124
55.318324
55.328802
55.460121
55.470571
55.573297
55.583726
55.686243
55.753028
55.827105
55.837487
55.939539
55.9499
56.051748
56.062088
56.163732
56.22995
56.303399
56.313693
56.414884
56.425157
56.526149
56.536402
56.637195
56.647428
56.748024
56.758237
56.858637
56.86883
56.969035
56.979209
57.07922
57.089374
57.189192
57.199327
57.298954
57.309069
57.408505
57.418601
57.517848
57.527925
57.626983
57.637041
57.735912
57.745951
57.844636
57.854656
57.953156
57.990251
58.00734
58.0444
58.142579
58.152547
58.250544
58.260494
58.358309
58.36824
58.412117
58.44892
58.54642
58.55632
58.653642
58.663524
58.760668
58.797253
58.84081
58.85066
58.947496
58.957328
59.053989
59.090392
59.133733
59.143534
59.239892
59.249675
59.2929
59.329156
59.425213
59.434966
59.530851
59.566964
59.609958
59.619681
59.71527
59.724976
59.794132
59.803825
59.89912
59.908796
59.97774
59.987404
60.082408
60.092054
60.160789
60.170423
60.265138
60.30081
60.343282
60.352887
60.447316
60.482881
60.525224
60.534801
60.577108
60.612596
60.706622
60.716169
60.784198
60.793733
60.887479
60.922787
60.964825
60.974332
61.016334
61.051568
61.144918
61.180078
61.221939
61.231406
61.273232
61.308318
61.401278
61.436291
61.477978
61.487405
61.554581
61.563997
61.732954
61.767779
61.809242
61.818619
61.860049
61.894802
62.062858
62.097498
62.138741
62.148068
62.214531
62.223847
62.265007
62.299534
62.466502
62.500918
62.541895
62.551162
62.617197
62.626453
62.667349
62.701654
62.7425
62.776765
62.942467
62.976622
63.01729
63.051406
63.092025
63.101212
63.166672
63.175848
63.24123
63.250395
63.290887
63.324855
63.365299
63.399227
63.439624
63.473513
63.859166
63.892831
63.932916
63.966543
64.006582
64.040171
64.080164
64.113713
64.15366
64.187172
64.227073
64.260546
64.300402
64.333837
64.373647
64.407044
64.446809
64.480168
64.519889
64.55321
64.592885
64.626169
64.980815
65.0139
65.053294
65.086342
65.125693
65.158704
65.222099
65.230986
65.294311
65.303187
65.366442
65.375309
65.438494
65.471348
65.510467
65.543285
65.678097
65.710831
65.749808
65.782506
65.845301
65.854103
65.916829
65.925622
65.988281
66.020861
66.1547
66.187198
66.225895
66.258358
66.320702
66.329441
66.391718
66.4241
66.557129
66.589431
66.651465
66.660161
66.722129
66.754351
66.886723
66.918866
66.980595
67.012692
67.050912
67.082976
67.144555
67.176574
67.238067
67.246687
67.308115
67.340057
67.4014
67.433297
67.494556
67.526409
67.657271
67.689047
67.750075
67.781808
67.842752
67.874442
67.935303
67.943834
68.096964
68.128536
68.18917
68.220699
68.281251
68.312738
68.373208
68.404653
68.465042
68.496444
68.556753
68.588113
68.648341
68.679659
68.739807
68.771084
68.831152
68.862387
68.922376
68.953569
69.036236
69.044631
69.127188
69.15829
69.218022
69.249083
69.308736
69.339756
69.399332
69.430312
69.512411
69.54334
69.602742
69.633631
69.692955
69.723804
69.805558
69.836358
69.89551
69.92627
70.007787
70.038498
70.09748
70.128151
70.209434
70.240056
70.298869
70.329452
70.410503
70.441038
70.499683
70.552447
70.611
70.641448
70.722141
70.752542
70.833108
70.863461
70.921757
70.974207
71.032412
71.06268
71.142895
71.173116
71.253207
71.283381
71.363348
71.393475
71.47332
71.503401
71.583122
71.613157
71.692757
71.722745
71.802224
71.854031
71.933364
71.963253
72.042465
72.072309
72.151402
72.202959
72.281909
72.311653
72.390485
72.420185
72.498898
72.550208
72.628781
72.658384
72.758432
72.787982
72.866298
72.917349
72.995527
73.046488
73.124527
73.153929
73.2533
73.282651
73.381848
73.411147
73.51017
73.539418
73.638269
73.667466
73.766146
73.816575
73.893801
73.944143
74.021236
74.071491
74.169633
74.219788
74.296595
74.346664
74.444444
74.494414
74.591999
74.64187
74.739263
74.76803
74.865259
74.914949
75.011987
75.061579
75.179325
75.228807
75.325441
75.374827
75.471274
75.520565
75.637596
75.686779
75.782829
75.831917
75.948469
75.99745
76.113748
76.162623
76.278669
76.327438
76.443234
76.512431
76.627948
76.676495
76.791765
76.860648
76.975642
77.044361
77.159081
77.227637
77.342085
77.410479
77.544917
77.59289
77.727012
77.795067
77.928842
77.996721
78.13015
78.217939
78.350991
78.418505
78.571212
78.638536
78.790817
78.877871
79.02969
79.116481
79.267844
79.354374
79.525039
79.61129
79.781404
79.887043
80.056572
80.161849
80.350349
80.455242
80.643056
80.767019
80.973512
81.096969
81.321942
81.464156
81.707345
81.848889
82.129198
82.289107
82.605962
82.8029
83.174472
83.426571
83.926495
84.306866
86.995991
87.345017
87.87628
88.097099
88.499696
88.665833
88.995285
89.160498
89.435455
89.582323
89.838507
89.949798
90.187522
90.298383
90.535192
90.628297
90.846957
90.939743
91.140423
91.215692
91.415766
91.490808
91.673148
91.765099
91.92981
92.004433
92.185758
92.260173
92.424002
92.481243
92.644681
92.718728
92.864835
92.938707
93.084469
93.141303
93.286748
93.34346
93.48859
93.545179
93.689998
93.746465
93.890973
93.930598
94.074823
94.131059
94.258314
94.314441
94.441449
94.480843
94.607628
94.663548
94.790088
94.829337
94.955656
95.011372
95.120937
95.176555
95.28593
95.341453
95.450639
95.489617
95.615064
95.653975
95.762804
95.801655
95.926694
95.965479
96.073956
96.112681
96.220992
96.259658
96.367804
96.406411
96.514393
96.552941
96.660759
96.699249
96.806904
96.829115
96.936626
96.975006
97.082355
97.120678
97.211709
97.249982
97.357027
97.379113
97.486017
97.524182
97.614836
97.652951
97.743486
97.78155
97.871966
97.90998
98.000278
98.038242
98.128422
98.166337
98.256399
98.278283
98.38421
98.406065
98.495908
98.533681
98.623408
98.661133
98.750744
98.772518
98.862028
98.899661
98.989056
99.010778
99.100073
99.12177
99.210965
99.248466
99.337547
99.359193
99.448175
99.469796
99.558679
99.580276
99.669061
99.690634
99.779321
99.816609
99.889459
99.926706
99.999476
