


                         TESTING FDM0P5

     X-VALUE       EXACT VALUE        COMP. VALUE         REL. ERROR
    -70.0000      0.3975450E-30      0.3975449E-30      0.1182754E-06
    -50.0000      0.1928750E-21      0.1928750E-21      0.0000000E+00
    -25.0000      0.1388794E-10      0.1388794E-10      0.0000000E+00
    -16.0000      0.1125352E-06      0.1125352E-06      0.6313962E-07
    -10.0000      0.4539847E-04      0.4539847E-04      0.0000000E+00
     -7.5000      0.5528682E-03      0.5528682E-03      0.1052831E-06
     -5.0000      0.6706020E-02      0.6706020E-02      0.0000000E+00
     -4.0000      0.1808192E-01      0.1808192E-01      0.0000000E+00
     -3.0000      0.4810264E-01      0.4810263E-01      0.7744462E-07
     -2.5000      0.7761873E-01      0.7761873E-01      0.9598947E-07
     -2.0000      0.1236656E+00      0.1236656E+00      0.1204956E-06
     -1.5000      0.1933054E+00      0.1933054E+00      0.7708612E-07
     -1.0000      0.2940276E+00      0.2940276E+00      0.0000000E+00
     -0.5000      0.4312314E+00      0.4312315E+00      0.6910981E-07
     -0.2500      0.5137933E+00      0.5137933E+00      0.0000000E+00
      0.0000      0.6048986E+00      0.6048986E+00      0.0000000E+00
      0.2500      0.7033904E+00      0.7033904E+00      0.0000000E+00
      0.7500      0.9162281E+00      0.9162281E+00      0.6505437E-07
      1.2500      0.1138568E+01      0.1138568E+01      0.1047011E-06
      1.5000      0.1249323E+01      0.1249323E+01      0.0000000E+00
      2.0000      0.1464295E+01      0.1464295E+01      0.0000000E+00
      2.5000      0.1666313E+01      0.1666313E+01      0.0000000E+00
      3.0000      0.1853485E+01      0.1853485E+01      0.6431629E-07
      4.0000      0.2185870E+01      0.2185870E+01      0.0000000E+00
      5.0000      0.2472988E+01      0.2472988E+01      0.0000000E+00
      7.5000      0.3065171E+01      0.3065171E+01      0.0000000E+00
     10.0000      0.3552779E+01      0.3552779E+01      0.6710763E-07
     20.0000      0.5041018E+01      0.5041018E+01      0.0000000E+00
     50.0000      0.7977531E+01      0.7977530E+01      0.5977252E-07
    100.0000      0.1128333E+02      0.1128333E+02      0.0000000E+00



                         TESTING FDP0P5

     X-VALUE       EXACT VALUE        COMP. VALUE         REL. ERROR
    -70.0000      0.3975450E-30      0.3975449E-30      0.1182754E-06
    -50.0000      0.1928750E-21      0.1928750E-21      0.0000000E+00
    -25.0000      0.1388794E-10      0.1388794E-10      0.0000000E+00
    -16.0000      0.1125352E-06      0.1125352E-06      0.0000000E+00
    -10.0000      0.4539920E-04      0.4539920E-04      0.0000000E+00
     -7.5000      0.5529763E-03      0.5529763E-03      0.1052625E-06
     -5.0000      0.6721954E-02      0.6721953E-02      0.1385494E-06
     -4.0000      0.1819820E-01      0.1819820E-01      0.0000000E+00
     -3.0000      0.4893371E-01      0.4893370E-01      0.7612933E-07
     -2.5000      0.7980385E-01      0.7980385E-01      0.0000000E+00
     -2.0000      0.1292985E+00      0.1292985E+00      0.1152462E-06
     -1.5000      0.2073982E+00      0.2073982E+00      0.7184808E-07
     -1.0000      0.3277951E+00      0.3277953E+00      0.3636701E-06
     -0.5000      0.5075371E+00      0.5075372E+00      0.1174390E-06
     -0.2500      0.6254781E+00      0.6254781E+00      0.9529454E-07
      0.0000      0.7651470E+00      0.7651471E+00      0.7789960E-07
      0.2500      0.9285440E+00      0.9285440E+00      0.0000000E+00
      0.7500      0.1332761E+01      0.1332761E+01      0.0000000E+00
      1.2500      0.1846346E+01      0.1846346E+01      0.1291300E-06
      1.5000      0.2144861E+01      0.2144861E+01      0.0000000E+00
      2.0000      0.2823721E+01      0.2823721E+01      0.0000000E+00
      2.5000      0.3606975E+01      0.3606976E+01      0.6609931E-07
      3.0000      0.4487547E+01      0.4487547E+01      0.0000000E+00
      4.0000      0.6511568E+01      0.6511568E+01      0.7322924E-07
      5.0000      0.8844209E+01      0.8844210E+01      0.1078304E-06
      7.5000      0.1579629E+02      0.1579629E+02      0.0000000E+00
     10.0000      0.2408466E+02      0.2408466E+02      0.0000000E+00
     20.0000      0.6749151E+02      0.6749152E+02      0.1130423E-06
     50.0000      0.2660928E+03      0.2660928E+03      0.1146877E-06
    100.0000      0.7523456E+03      0.7523456E+03      0.8112649E-07



                         TESTING FDP1P5

     X-VALUE       EXACT VALUE        COMP. VALUE         REL. ERROR
    -70.0000      0.3975450E-30      0.3975449E-30      0.1182754E-06
    -50.0000      0.1928750E-21      0.1928750E-21      0.0000000E+00
    -25.0000      0.1388794E-10      0.1388794E-10      0.0000000E+00
    -16.0000      0.1125352E-06      0.1125352E-06      0.0000000E+00
    -10.0000      0.4539957E-04      0.4539956E-04      0.1602649E-06
     -7.5000      0.5530303E-03      0.5530303E-03      0.1052522E-06
     -5.0000      0.6729941E-02      0.6729940E-02      0.6919248E-07
     -4.0000      0.1825673E-01      0.1825673E-01      0.1020251E-06
     -3.0000      0.4935661E-01      0.4935661E-01      0.0000000E+00
     -2.5000      0.8092801E-01      0.8092801E-01      0.0000000E+00
     -2.0000      0.1322468E+00      0.1322468E+00      0.0000000E+00
     -1.5000      0.2149728E+00      0.2149728E+00      0.6931648E-07
     -1.0000      0.3466748E+00      0.3466748E+00      0.0000000E+00
     -0.5000      0.5526495E+00      0.5526495E+00      0.0000000E+00
     -0.2500      0.6938463E+00      0.6938465E+00      0.1718093E-06
      0.0000      0.8671999E+00      0.8672000E+00      0.6873230E-07
      0.2500      0.1078398E+01      0.1078398E+01      0.1105429E-06
      0.7500      0.1639285E+01      0.1639286E+01      0.1454406E-06
      1.2500      0.2429425E+01      0.2429426E+01      0.9813785E-07
      1.5000      0.2927749E+01      0.2927750E+01      0.8143408E-07
      2.0000      0.4165414E+01      0.4165415E+01      0.1144753E-06
      2.5000      0.5768879E+01      0.5768879E+01      0.0000000E+00
      3.0000      0.7788611E+01      0.7788611E+01      0.6122236E-07
      4.0000      0.1326049E+02      0.1326049E+02      0.0000000E+00
      5.0000      0.2091447E+02      0.2091446E+02      0.9119757E-07
      7.5000      0.5140755E+02      0.5140755E+02      0.7420500E-07
     10.0000      0.1010051E+03      0.1010051E+03      0.0000000E+00
     20.0000      0.5465630E+03      0.5465630E+03      0.0000000E+00
     50.0000      0.5332354E+04      0.5332354E+04      0.9156955E-07
    100.0000      0.3010867E+05      0.3010867E+05      0.6486918E-07



                         TESTING FDP2P5

     X-VALUE       EXACT VALUE        COMP. VALUE         REL. ERROR
    -70.0000      0.3975450E-30      0.3975449E-30      0.1182754E-06
    -50.0000      0.1928750E-21      0.1928750E-21      0.0000000E+00
    -25.0000      0.1388794E-10      0.1388794E-10      0.0000000E+00
    -16.0000      0.1125352E-06      0.1125352E-06      0.6313961E-07
    -10.0000      0.4539975E-04      0.4539975E-04      0.8013213E-07
     -7.5000      0.5530574E-03      0.5530574E-03      0.0000000E+00
     -5.0000      0.6733941E-02      0.6733940E-02      0.6915138E-07
     -4.0000      0.1828612E-01      0.1828612E-01      0.1018612E-06
     -3.0000      0.4957057E-01      0.4957057E-01      0.0000000E+00
     -2.5000      0.8150093E-01      0.8150093E-01      0.9141713E-07
     -2.0000      0.1337669E+00      0.1337669E+00      0.0000000E+00
     -1.5000      0.2189495E+00      0.2189495E+00      0.6805752E-07
     -1.0000      0.3568591E+00      0.3568590E+00      0.3340514E-06
     -0.5000      0.5779521E+00      0.5779521E+00      0.0000000E+00
     -0.2500      0.7331501E+00      0.7331500E+00      0.8129938E-07
      0.0000      0.9275536E+00      0.9275536E+00      0.0000000E+00
      0.2500      0.1169902E+01      0.1169902E+01      0.0000000E+00
      0.7500      0.1840905E+01      0.1840905E+01      0.0000000E+00
      1.2500      0.2847383E+01      0.2847383E+01      0.0000000E+00
      1.5000      0.3515476E+01      0.3515476E+01      0.0000000E+00
      2.0000      0.5274621E+01      0.5274621E+01      0.0000000E+00
      2.5000      0.7741875E+01      0.7741874E+01      0.6159195E-07
      3.0000      0.1111290E+02      0.1111290E+02      0.0000000E+00
      4.0000      0.2146871E+02      0.2146871E+02      0.8884319E-07
      5.0000      0.3836174E+02      0.3836175E+02      0.9944014E-07
      7.5000      0.1251403E+03      0.1251404E+03      0.1219334E-06
     10.0000      0.3113376E+03      0.3113376E+03      0.9802084E-07
     20.0000      0.3186735E+04      0.3186735E+04      0.7661152E-07
     50.0000      0.7642665E+05      0.7642665E+05      0.0000000E+00
    100.0000      0.8609550E+06      0.8609550E+06      0.0000000E+00
