 33 520   matrix dimensions
[1 0 0 0 0 0 0 0 0 0 0 0 0 0 0 0 0 0 0 0 0 0 0 0 0 0 0 0 0 0 0 0 1 1 0 0 0 1 1 1 0 0 0 1 1 1 0 0 0 1 0 0 1 1 1 0 0 1 0 0 0 0 1 1 1 1 1 1 1 1 1 1 1 0 1 1 0 1 1 0 0 0 0 1 0 1 1 0 0
    1 1 1 1 0 1 0 1 0 1 1 1 1 1 1 0 0 1 0 0 1 0 1 1 1 1 1 1 0 0 0 1 0 0 0 0 0 0 0 1 0 0 0 0 1 0 0 0 1 0 0 1 0 1 1 0 0 0 0 0 1 1 1 1 0 0 1 1 1 0 0 0 0 0 0 1 1 0 1 0 1 0 0 1 1 0 1
    0 0 1 0 1 1 1 0 1 0 0 0 0 0 1 1 1 0 0 0 1 0 0 1 1 1 0 0 0 0 1 1 1 0 0 0 1 1 1 1 1 1 0 0 0 1 0 1 0 0 0 1 1 1 1 0 0 0 1 1 1 0 0 1 1 0 1 0 0 0 1 0 0 1 0 1 1 0 1 0 1 1 1 0 0 0 0
    0 1 1 0 1 0 0 1 0 1 1 1 0 0 0 0 0 1 0 0 0 1 0 1 1 0 1 1 1 1 0 0 1 0 1 0 1 0 0 0 0 0 1 0 1 0 0 1 1 1 1 1 0 1 1 1 1 0 0 1 0 1 1 1 1 0 1 1 0 1 1 0 1 0 0 0 0 0 0 1 1 1 0 1 1 1 0
    0 0 0 1 1 1 1 0 0 1 1 1 1 0 1 1 0 1 0 0 1 0 0 0 1 0 1 1 1 1 1 1 0 1 0 1 0 0 0 1 0 1 0 0 1 0 1 0 1 1 1 1 1 1 1 1 0 1 0 0 0 0 1 0 0 0 0 0 1 1 1 1 0 1 0 1 1 0 1 1 0 1 0 1 0 0 1
    0 0 1 1 0 0 0 0 0 1 0 0 0 1 0 1 0 0 0 0 0 0 1 1 1 1 1 1 1 1 0 1 1 0 1 1 1 1 1 0 1 1 0 1 1 1 0 1 0 1 1 1 1 1 0 0 0 0 0 0 1 1 1 1 0 1 1 1 0 0 0 0 1 1 1 0 0 0 1 0 0 0 1]
[0 1 0 0 0 0 0 0 0 0 0 0 0 0 0 0 0 0 0 0 0 0 0 0 0 0 0 0 0 0 0 0 0 1 0 0 1 0 1 1 1 0 1 1 0 1 0 0 0 1 1 1 0 1 0 1 0 0 0 0 1 1 1 0 1 0 1 1 1 0 1 1 0 0 1 0 0 1 0 1 0 1 1 0 0 1 0 0 1
    0 1 1 1 1 0 1 1 0 1 1 0 1 1 1 0 1 1 0 1 0 1 1 0 0 1 1 1 1 1 1 0 0 0 1 1 1 0 0 1 0 0 0 1 0 0 0 0 1 1 0 0 0 0 1 0 0 0 1 0 1 1 0 0 1 1 0 1 0 0 0 0 0 0 1 0 1 0 1 1 1 1 1 1 0 1 0
    0 1 1 0 0 0 1 1 0 1 1 1 0 1 0 1 0 1 0 0 1 1 1 0 1 0 1 1 0 1 1 1 1 1 1 0 1 1 0 1 0 1 1 1 0 1 0 1 1 0 0 1 1 0 1 1 1 0 0 0 0 0 1 1 1 1 0 1 1 0 0 0 0 1 1 1 0 0 1 0 1 0 1 0 1 0 1
    0 0 0 0 1 0 1 1 0 0 0 1 1 1 1 0 1 1 0 1 0 1 1 1 1 1 0 0 1 0 1 1 1 1 1 0 0 1 1 1 0 1 0 1 1 0 1 1 1 1 0 1 1 0 0 1 1 1 1 0 0 0 0 0 0 1 0 0 0 1 1 1 1 1 1 1 0 0 1 1 1 1 0 0 1 1 1
    1 0 0 0 1 1 1 0 0 0 1 1 1 1 1 1 0 0 0 1 0 0 1 0 1 1 1 1 1 1 1 1 0 1 0 1 0 0 1 0 1 0 0 1 0 1 1 1 1 1 0 0 0 0 0 1 1 1 0 1 0 1 0 0 0 1 0 0 0 0 1 1 0 1 0 1 1 0 1 0 1 1 1 0 1 1 1
    1 0 0 0 0 0 1 0 1 0 1 1 1 0 0 0 0 0 0 1 0 0 1 0 0 0 1 0 0 1 1 0 0 0 1 1 0 0 1 1 0 0 1 0 0 0 0 1 0 1 1 1 1 1 1 1 0 0 0 0 1 1 0 0 0 0 0 0 0 0 1 1 0 0 0 1 0 1 1 1 0 1 0]
[0 0 1 0 0 0 0 0 0 0 0 0 0 0 0 0 0 0 0 0 0 0 0 0 0 0 0 0 0 0 0 0 0 1 0 1 1 0 0 0 1 0 0 0 1 0 0 1 0 0 0 0 0 0 0 1 1 0 0 0 0 0 0 0 1 0 1 1 1 1 1 1 0 1 1 0 0 0 0 1 0 0 1 0 0 0 1 0 0
    1 0 1 1 0 1 1 1 1 0 0 1 1 1 0 1 0 0 1 0 1 0 0 0 1 0 0 0 0 1 1 1 1 1 1 1 0 0 1 1 0 1 1 1 1 0 1 0 0 0 0 1 1 0 0 0 0 1 0 0 1 1 0 1 1 0 0 0 1 0 1 0 0 1 0 0 1 0 1 0 1 0 0 0 0 1 0
    0 1 0 1 0 0 1 0 1 1 1 1 1 0 1 1 0 1 1 0 1 1 1 1 1 0 0 0 0 0 1 0 0 0 0 0 0 1 1 0 1 1 1 1 0 1 1 1 0 1 1 1 0 0 1 0 1 0 1 0 0 1 0 1 1 1 0 1 1 0 1 1 0 0 1 0 1 1 1 1 0 1 0 0 0 1 1
    1 1 0 1 1 1 0 0 1 0 0 1 0 1 0 0 1 0 0 1 0 0 0 1 0 0 0 0 0 1 0 1 1 0 0 0 1 1 1 0 1 1 1 1 1 1 0 0 1 0 0 0 0 0 0 1 0 0 0 0 1 1 1 0 1 0 0 1 1 1 0 0 0 1 0 0 1 0 1 0 1 1 0 0 1 1 0
    0 1 1 0 0 0 0 1 0 0 0 0 0 0 0 1 0 1 1 0 0 0 1 1 1 1 0 1 0 1 1 0 1 1 0 1 0 1 0 1 0 1 1 0 1 0 0 0 0 0 1 0 1 0 0 1 0 1 0 0 1 0 0 1 1 0 1 0 0 1 0 0 0 0 0 1 0 0 0 0 0 1 0 0 1 1 0
    0 1 1 1 1 0 1 0 0 0 1 0 1 0 1 1 1 1 0 1 0 0 1 0 1 0 1 1 1 0 1 1 1 0 1 1 0 1 0 1 0 0 0 1 0 0 0 0 1 0 0 1 0 0 0 0 1 0 1 1 1 1 0 1 0 0 0 1 0 0 0 1 1 1 1 0 1 1 0 1 1 1 1]
[0 0 0 1 0 0 0 0 0 0 0 0 0 0 0 0 0 0 0 0 0 0 0 0 0 0 0 0 0 0 0 0 0 1 0 1 1 1 1 1 1 0 0 1 0 0 0 0 0 0 0 1 0 1 0 0 1 1 0 1 1 1 1 1 0 0 0 1 0 0 1 1 1 1 0 1 1 1 1 1 1 1 1 0 1 1 0 1 1
    1 0 1 1 1 0 1 1 1 1 0 1 1 0 0 0 1 0 1 0 0 0 0 0 0 1 0 0 0 1 1 0 0 1 0 0 0 0 1 0 0 0 0 1 1 0 0 1 0 0 0 1 0 0 0 1 0 0 1 0 0 1 1 0 0 1 1 0 0 0 0 1 1 0 1 0 1 0 1 1 1 1 0 0 1 0 1
    1 1 1 1 1 1 1 0 1 1 0 1 1 0 0 0 0 0 1 0 0 0 1 1 0 1 1 0 1 1 0 1 1 0 1 1 1 1 1 1 0 1 0 1 0 1 1 0 1 0 1 0 0 1 1 1 0 1 1 0 0 1 0 1 0 0 0 1 0 0 0 1 1 1 1 0 0 1 1 0 0 0 1 1 0 0 1
    1 1 0 0 1 0 0 1 0 0 0 0 0 0 0 0 1 1 0 0 0 1 1 0 0 1 0 1 1 0 1 0 0 1 1 0 1 1 0 1 1 0 1 0 0 0 1 0 0 1 0 1 1 0 0 1 0 1 1 1 0 1 1 1 1 0 0 1 0 1 1 1 1 1 1 0 1 1 0 1 1 0 1 0 1 0 1
    1 1 1 1 1 1 0 0 1 1 0 1 1 1 1 0 0 1 1 0 1 0 1 0 0 1 1 1 1 0 0 0 1 0 0 1 0 0 1 1 0 0 0 1 1 0 0 1 1 0 0 0 1 0 1 0 1 1 0 0 0 0 0 0 1 1 0 0 0 0 1 0 0 1 0 1 1 0 0 1 1 1 0 1 0 0 0
    0 0 0 0 0 1 1 0 0 1 1 0 0 1 0 0 1 1 1 1 0 1 1 1 0 1 0 1 0 1 1 1 0 0 0 0 0 1 0 1 0 1 0 0 1 1 0 1 0 1 1 1 1 1 0 1 0 1 1 1 1 0 0 0 1 0 1 1 0 0 0 1 1 1 1 1 0 1 1 1 0 0 0]
[0 0 0 0 1 0 0 0 0 0 0 0 0 0 0 0 0 0 0 0 0 0 0 0 0 0 0 0 0 0 0 0 0 0 0 0 0 1 0 0 1 0 1 0 0 1 0 0 0 1 0 1 1 0 0 0 1 1 0 0 0 1 0 0 1 0 1 0 0 0 1 0 0 1 0 0 1 1 1 0 1 0 0 1 0 1 0 1 0
    0 0 0 1 1 1 0 0 0 1 0 1 1 0 0 0 1 0 1 0 0 1 0 1 0 1 0 1 0 0 1 1 1 0 0 0 0 0 0 0 0 1 1 0 1 1 0 1 1 1 0 0 1 1 1 1 0 0 0 0 0 0 1 0 1 0 0 1 1 1 1 1 1 0 0 1 1 0 1 0 1 1 1 1 0 0 1
    0 0 0 1 0 0 0 0 0 1 0 1 0 1 0 0 0 1 0 0 0 0 1 0 0 0 0 0 0 0 1 0 1 0 1 1 0 0 1 1 0 0 0 1 1 0 0 1 0 1 1 0 0 0 0 1 1 1 1 0 1 0 1 1 1 1 0 0 0 1 0 0 1 0 0 1 0 0 0 1 1 0 0 1 1 0 1
    0 0 0 1 0 1 1 1 1 0 0 0 1 1 0 0 1 1 1 1 0 0 0 1 0 1 1 0 0 1 1 0 1 1 0 1 1 1 0 0 1 1 0 0 1 0 0 1 0 1 1 0 0 1 1 0 0 0 1 0 1 1 0 0 0 1 1 1 0 1 0 1 0 1 0 0 0 1 0 0 0 1 0 0 1 0 1
    0 1 0 1 1 0 1 1 0 0 1 0 0 1 0 1 0 1 1 0 1 0 0 0 0 1 1 0 1 1 0 1 0 1 0 0 0 1 0 1 0 1 0 1 0 0 1 1 0 0 0 1 0 1 1 1 1 1 0 1 1 0 0 0 1 0 0 1 0 0 0 0 0 1 1 0 0 0 0 0 1 0 1 1 0 0 0
    1 0 0 0 0 0 1 1 1 1 1 0 0 0 0 1 1 0 1 1 0 0 0 1 1 1 0 0 0 0 0 0 0 1 1 0 0 1 1 0 0 1 1 0 1 1 1 0 1 1 0 1 0 0 1 0 0 0 0 1 1 0 0 1 0 0 0 0 1 0 0 1 1 1 1 0 1 0 0 0 0 1 1]
[0 0 0 0 0 1 0 0 0 0 0 0 0 0 0 0 0 0 0 0 0 0 0 0 0 0 0 0 0 0 0 0 1 0 0 1 1 0 0 0 1 0 1 1 0 1 0 0 0 0 0 1 1 0 1 1 1 1 0 0 1 1 1 1 1 0 1 1 1 1 0 0 1 0 1 0 0 0 1 0 1 0 0 0 1 1 0 1 1
    1 1 0 1 1 1 0 0 0 0 0 0 0 0 1 1 1 0 0 0 0 0 0 0 1 1 0 0 1 0 1 1 1 0 1 0 1 1 0 0 1 0 1 0 1 0 0 1 1 0 1 1 1 1 0 0 0 0 0 0 0 0 0 0 1 0 0 1 0 1 1 0 1 1 1 0 1 0 0 0 1 0 0 0 1 1 1
    1 1 1 0 0 0 0 1 1 0 0 0 0 0 1 0 0 1 1 0 0 1 1 1 1 1 0 0 0 1 1 0 0 0 1 0 0 0 1 0 0 1 0 0 0 1 1 1 1 0 1 0 0 1 0 1 1 0 0 1 0 1 1 1 0 1 0 0 0 0 1 0 0 0 0 0 0 1 0 1 1 0 1 1 0 1 0
    0 1 0 0 0 0 0 0 1 1 0 0 0 1 0 0 0 0 0 1 0 1 1 1 0 1 0 0 0 0 1 0 0 1 0 0 0 0 0 1 1 1 0 1 1 0 0 0 0 1 1 0 0 0 1 1 1 1 1 1 1 1 0 0 1 1 0 1 1 1 0 0 1 0 1 1 0 0 1 1 0 1 0 1 0 0 0
    0 1 0 0 0 0 1 0 0 0 0 0 1 0 1 0 0 1 1 1 1 1 0 0 0 1 1 1 0 1 1 1 0 1 1 0 1 0 0 0 1 1 1 1 0 1 1 1 1 0 1 0 0 1 0 0 0 1 0 1 0 0 0 0 1 0 1 1 1 0 0 1 1 0 1 0 0 0 1 1 0 1 1 0 0 1 1
    0 0 1 1 0 0 0 1 1 0 0 0 1 0 1 0 1 1 0 0 0 1 0 1 0 1 0 0 0 1 1 1 1 1 1 0 0 0 1 0 0 1 0 0 0 0 1 0 1 0 1 0 1 0 0 0 1 0 0 1 1 0 1 0 0 0 0 0 1 1 1 0 0 0 0 1 0 0 0 1 1 1 1]
[0 0 0 0 0 0 1 0 0 0 0 0 0 0 0 0 0 0 0 0 0 0 0 0 0 0 0 0 0 0 0 0 0 0 0 0 1 1 0 0 0 0 1 0 1 0 0 0 1 1 0 1 1 0 0 1 1 0 1 1 1 1 0 1 0 0 1 1 1 1 0 1 0 0 0 0 0 0 0 1 0 0 1 1 0 0 1 1 0
    1 1 1 0 0 0 1 0 0 0 0 1 0 0 1 1 1 0 1 0 1 0 1 0 1 0 1 0 1 1 0 1 1 0 0 1 1 0 0 0 0 0 1 0 1 0 0 0 0 1 0 0 0 1 1 1 1 0 1 0 1 0 0 0 1 1 0 0 1 0 0 0 1 1 1 0 0 0 1 1 0 0 0 1 0 0 0
    0 1 1 1 1 0 0 1 1 1 0 0 1 0 1 1 0 0 0 1 0 1 1 1 1 0 0 1 0 1 1 1 0 0 1 0 1 0 1 1 1 0 0 0 1 0 1 0 1 1 1 0 1 0 1 1 1 1 0 1 1 0 1 1 1 0 1 0 1 0 1 0 1 1 1 0 0 1 0 1 0 0 1 1 0 0 1
    1 1 0 1 1 1 0 1 1 0 0 1 1 1 1 1 0 0 0 0 1 1 1 1 1 1 1 1 1 1 1 1 1 1 1 0 0 1 1 1 1 1 0 0 1 1 1 1 0 1 1 1 1 1 1 0 0 0 0 1 1 0 0 0 0 0 0 1 1 0 0 0 0 0 0 1 1 1 0 0 0 0 0 0 1 1 1
    1 1 0 1 0 1 0 1 1 1 1 0 1 0 1 0 1 0 1 0 1 0 0 0 1 1 1 1 1 1 0 0 0 0 1 1 0 0 1 1 1 1 0 1 0 0 0 0 1 1 1 0 1 0 1 1 0 0 1 0 1 1 0 1 1 1 1 0 1 0 1 1 1 1 0 1 1 0 1 0 1 0 0 0 0 1 0
    1 0 1 0 1 1 1 0 1 0 0 1 0 0 1 1 1 1 1 1 0 1 0 0 0 1 1 0 0 1 0 0 0 1 0 1 1 1 0 1 1 0 0 0 0 1 0 1 0 0 0 0 0 1 0 0 1 1 1 1 0 1 1 0 1 1 0 1 1 0 1 0 0 1 1 1 1 0 1 0 1 1 0]
[0 0 0 0 0 0 0 1 0 0 0 0 0 0 0 0 0 0 0 0 0 0 0 0 0 0 0 0 0 0 0 0 1 0 0 1 0 1 1 1 1 1 0 1 0 1 0 1 0 1 1 0 1 0 1 1 1 0 0 1 0 1 1 0 1 0 1 0 1 1 1 1 0 1 1 1 0 1 1 0 1 0 0 1 0 0 0 1 0
    0 0 1 1 1 1 0 1 0 1 0 1 1 0 0 0 0 1 0 0 1 1 0 1 1 0 1 0 0 0 1 1 1 0 0 1 0 1 1 0 1 1 0 1 0 0 0 1 1 1 0 0 0 1 1 1 0 0 0 0 1 1 1 1 1 1 0 0 0 0 1 1 0 1 1 0 0 0 1 1 0 0 0 0 0 1 0
    0 1 0 1 1 1 1 0 0 0 1 0 1 1 1 0 1 1 1 0 0 0 1 1 1 0 1 1 0 1 0 0 1 0 1 1 0 1 0 1 1 0 0 0 0 1 0 1 0 0 0 0 0 1 1 1 1 0 0 0 0 0 0 1 0 1 1 0 0 1 0 1 1 0 1 1 1 1 0 1 1 0 0 0 0 1 1
    0 1 0 0 1 1 0 0 0 1 0 0 0 1 0 1 0 1 1 1 1 1 0 1 1 0 0 1 1 0 0 1 0 0 0 1 1 1 0 1 0 0 0 0 1 1 0 1 1 0 1 1 1 1 1 0 0 1 1 1 1 0 1 1 1 1 1 0 1 0 1 0 1 0 1 1 1 0 0 1 1 1 0 0 1 0 1
    0 1 1 1 1 1 0 0 1 1 0 0 1 1 0 1 1 1 1 0 0 0 1 0 0 0 1 1 0 0 1 1 1 0 1 0 0 0 1 0 0 1 1 1 0 0 1 0 1 1 1 0 1 1 0 1 0 0 0 0 0 0 0 0 0 0 0 1 1 1 1 1 1 1 0 1 1 1 0 0 1 1 1 1 0 1 1
    1 0 1 0 0 1 1 0 1 0 0 0 0 1 1 0 0 1 1 1 0 1 1 0 0 0 1 0 1 0 0 1 1 1 1 1 1 1 1 1 0 1 1 1 0 1 1 0 1 0 1 0 0 0 0 0 1 0 1 1 1 0 0 1 0 0 0 0 1 0 0 1 1 0 0 1 1 0 1 0 1 0 1]
[0 0 0 0 0 0 0 0 1 0 0 0 0 0 0 0 0 0 0 0 0 0 0 0 0 0 0 0 0 0 0 0 0 0 0 1 0 1 0 0 0 0 0 1 1 0 0 1 0 0 1 0 1 0 1 1 1 0 0 1 0 0 1 0 1 0 1 1 0 0 0 0 0 1 0 1 0 0 0 0 1 1 1 0 1 1 1 0 1
    0 1 1 0 0 0 1 1 1 0 1 1 1 1 0 0 1 0 0 0 0 1 1 0 1 1 1 0 1 0 0 1 0 1 0 0 0 0 0 0 0 0 1 0 0 1 0 1 1 0 1 0 0 1 0 0 1 0 1 0 1 0 1 1 0 0 1 0 1 0 1 1 1 0 1 1 1 0 0 0 1 0 1 0 1 1 1
    1 0 0 1 1 0 1 0 0 1 1 0 0 0 1 1 1 1 1 1 0 1 1 0 0 1 1 1 1 1 1 0 0 1 0 0 1 1 0 1 1 0 0 0 1 1 0 1 1 1 0 1 1 1 1 1 1 0 0 1 1 1 0 1 0 0 1 0 0 1 1 0 0 0 1 1 1 1 1 0 0 1 0 0 1 1 1
    0 0 1 1 0 0 0 1 1 1 0 0 0 0 0 0 1 0 0 1 0 1 1 1 0 1 1 1 1 0 0 1 1 1 1 0 1 0 1 1 1 1 1 1 1 0 0 1 1 0 1 1 0 0 0 1 1 1 0 0 0 1 0 1 0 1 1 1 0 0 1 1 0 0 0 0 1 0 0 1 0 0 0 0 0 1 1
    1 0 1 1 0 0 0 1 0 1 0 1 1 0 0 0 1 0 1 0 1 1 0 0 0 0 1 0 0 1 1 0 1 0 1 1 1 0 1 1 0 0 0 1 1 1 0 0 0 1 0 1 0 1 0 0 1 1 1 0 0 1 0 1 0 0 0 1 0 1 1 0 0 0 1 1 1 1 1 1 0 0 0 1 0 0 0
    0 0 1 0 0 0 1 0 1 0 1 1 0 1 0 1 1 0 0 1 1 0 0 1 1 0 0 0 1 0 1 1 0 0 1 0 1 1 0 0 0 1 0 1 1 0 0 0 1 1 0 1 0 1 0 0 0 1 0 0 0 0 1 0 0 0 1 1 1 0 0 1 0 1 0 0 0 0 1 0 0 1 0]
[0 0 0 0 0 0 0 0 0 1 0 0 0 0 0 0 0 0 0 0 0 0 0 0 0 0 0 0 0 0 0 0 1 1 0 0 1 0 0 1 0 0 1 0 1 1 0 1 0 1 1 0 1 0 0 1 0 0 1 1 0 0 1 0 0 1 0 0 1 1 1 1 0 1 0 0 0 0 0 0 1 1 0 0 1 0 1 0 1
    1 0 1 0 0 1 0 1 0 0 0 0 0 0 0 1 0 0 0 0 1 1 1 1 1 0 1 0 1 0 0 0 1 1 0 1 1 0 1 0 0 1 0 1 0 0 1 1 0 1 0 0 0 1 1 0 0 0 0 0 1 0 1 0 0 0 0 1 0 0 1 1 1 0 1 1 1 0 0 0 0 1 0 0 0 1 0
    1 0 1 0 0 1 0 1 1 1 0 0 1 1 1 0 0 1 0 1 0 0 0 0 1 1 0 0 1 0 0 1 0 1 0 0 1 1 1 0 1 1 0 1 1 1 1 1 1 0 1 0 0 0 1 0 1 1 0 1 0 0 1 1 0 1 1 1 0 0 0 1 1 0 1 0 1 0 1 0 1 1 1 0 1 1 1
    0 1 0 0 0 0 0 1 1 1 0 0 1 0 0 0 0 1 1 1 0 1 0 0 0 1 0 1 1 0 1 0 1 0 1 0 1 1 0 0 0 0 0 0 0 0 0 0 0 1 1 0 0 0 1 0 1 0 0 0 0 1 1 0 1 0 0 1 0 1 1 0 0 1 1 0 1 1 1 1 1 0 1 0 1 1 0
    0 0 1 1 1 0 1 1 0 0 0 1 0 1 1 1 1 0 0 1 0 0 0 1 0 1 1 0 0 1 0 0 1 1 1 1 0 0 1 1 0 0 1 0 1 1 1 1 0 1 0 0 0 1 0 0 1 1 1 0 1 1 1 0 1 0 0 0 0 1 1 1 0 1 1 0 0 1 1 1 0 0 1 0 1 0 0
    0 1 1 0 1 1 0 0 0 0 1 1 1 0 1 0 1 1 0 1 0 0 0 1 1 1 1 1 0 0 1 0 0 0 1 0 0 0 0 0 1 0 0 1 0 1 1 0 1 0 0 0 0 1 0 0 1 0 0 0 0 1 1 0 0 1 0 1 0 0 1 0 0 1 0 1 1 0 1 0 1 0 1]
[0 0 0 0 0 0 0 0 0 0 1 0 0 0 0 0 0 0 0 0 0 0 0 0 0 0 0 0 0 0 0 0 1 0 0 1 0 1 0 0 0 1 0 1 1 0 0 1 1 1 1 1 1 0 1 0 1 0 0 0 1 0 1 1 0 0 0 1 1 0 0 1 1 1 1 0 1 0 0 0 0 1 1 1 1 0 0 0 1
    1 1 0 1 1 0 1 1 1 0 1 1 0 1 1 1 0 0 0 1 1 0 0 0 0 0 0 0 0 0 1 1 0 0 0 1 0 0 0 1 1 0 0 0 0 0 1 1 0 0 0 0 1 1 0 1 1 0 1 0 1 0 0 0 1 1 1 1 0 0 1 1 0 1 0 1 0 0 1 0 1 1 0 0 1 1 1
    1 1 1 0 1 1 0 1 0 1 1 0 1 1 1 1 1 0 0 1 0 0 0 1 0 1 1 1 1 1 1 0 0 1 0 0 0 0 1 0 1 0 1 1 0 1 0 0 1 0 0 0 1 1 1 0 1 0 0 0 1 0 0 0 1 1 0 1 1 1 0 0 1 0 0 1 1 0 0 0 1 0 1 1 1 1 1
    1 0 1 1 1 1 0 1 1 1 0 1 0 0 0 0 0 1 0 1 0 0 1 1 1 0 1 1 0 1 1 0 0 0 1 0 1 1 0 1 0 0 0 0 1 1 1 1 0 0 1 0 1 0 1 0 1 1 1 0 1 1 1 1 1 0 0 0 1 1 0 1 1 0 0 1 0 0 0 0 0 1 1 0 1 1 0
    1 1 1 1 0 0 0 1 1 0 1 1 1 0 1 1 0 0 1 0 0 1 0 1 1 1 0 1 0 1 0 1 1 0 1 0 0 0 0 1 0 1 1 1 0 1 0 1 0 1 1 1 0 1 1 1 1 0 0 0 1 1 0 1 1 0 0 1 1 1 0 1 0 0 1 1 0 1 1 1 1 0 1 1 0 0 0
    0 1 1 0 0 1 0 0 0 1 0 0 1 0 0 0 0 1 1 1 1 0 1 1 0 0 1 0 1 0 1 0 1 1 0 1 1 1 1 0 1 1 1 1 1 0 0 0 0 1 1 0 1 0 1 0 1 1 0 0 1 1 0 0 0 0 1 0 1 0 1 1 1 1 0 1 1 1 0 0 0 0 0]
[0 0 0 0 0 0 0 0 0 0 0 1 0 0 0 0 0 0 0 0 0 0 0 0 0 0 0 0 0 0 0 0 1 1 0 0 0 1 0 1 0 0 1 0 1 1 0 1 1 0 0 1 0 0 0 0 1 0 0 0 0 0 1 0 1 0 0 0 1 0 1 0 0 0 1 1 0 0 1 0 0 1 1 0 1 1 0 1 1
    1 0 0 0 1 0 0 0 1 0 0 0 1 0 0 0 1 1 1 1 1 1 1 1 1 0 0 1 0 1 1 1 0 0 1 0 0 0 1 1 0 1 1 0 1 1 0 1 0 1 0 0 1 1 0 1 1 1 1 0 1 0 0 1 1 1 1 0 1 0 1 0 0 0 0 1 0 0 0 1 1 1 0 0 1 0 0
    1 1 0 1 1 1 0 0 0 1 0 1 0 0 1 1 0 1 0 0 0 0 1 0 0 0 1 0 0 1 0 1 1 1 1 1 1 0 0 0 1 1 1 0 0 1 0 0 0 0 1 0 1 1 1 1 0 1 1 1 1 0 0 0 1 0 1 0 0 0 0 1 0 1 1 0 0 1 0 0 0 0 1 1 0 1 1
    1 0 0 0 0 1 1 1 0 0 1 1 0 0 1 0 1 1 0 1 0 0 0 0 0 0 1 0 1 1 1 0 0 0 0 0 1 0 1 0 0 1 0 1 0 0 0 0 0 0 1 0 1 1 1 1 0 1 0 0 1 0 1 1 1 0 1 0 0 0 0 1 1 0 0 0 1 1 1 0 0 1 0 1 0 1 1
    1 1 1 1 0 0 0 0 1 0 1 1 1 0 1 1 1 0 0 0 0 1 1 0 0 0 0 0 1 1 1 1 0 1 0 1 0 0 1 1 0 1 1 1 1 1 1 0 1 0 1 0 0 0 1 0 1 0 1 0 1 1 1 0 1 1 1 0 0 0 1 0 1 1 1 0 0 0 0 1 0 0 0 0 0 1 0
    0 0 1 1 1 1 0 0 1 0 0 0 0 1 1 0 0 1 1 1 0 0 1 1 1 0 0 1 0 0 0 1 1 1 1 0 1 0 1 0 0 1 0 1 1 1 1 1 1 0 1 1 1 1 0 0 1 0 1 1 1 1 0 1 1 0 1 1 1 0 0 1 1 0 1 0 0 1 0 1 1 0 1]
[0 0 0 0 0 0 0 0 0 0 0 0 1 0 0 0 0 0 0 0 0 0 0 0 0 0 0 0 0 0 0 0 1 0 0 1 0 1 0 1 1 1 0 0 0 1 0 1 1 1 0 1 1 0 0 0 0 1 1 1 1 1 0 1 0 0 1 0 1 1 1 0 0 1 1 1 0 1 0 0 1 0 0 1 1 1 1 0 0
    1 1 0 1 0 1 0 1 1 1 0 1 0 0 1 0 1 1 0 1 0 0 1 1 0 1 1 0 1 1 1 0 0 0 0 0 1 0 1 0 0 0 0 0 1 0 0 0 1 1 1 1 0 1 0 1 0 1 1 1 0 1 0 0 1 1 1 0 0 1 0 0 1 1 0 1 1 1 1 1 0 1 0 1 1 1 0
    0 1 0 0 0 0 0 0 0 1 1 1 0 1 1 0 1 0 0 0 0 1 0 0 0 1 0 1 1 1 0 1 0 0 0 1 0 1 1 1 0 0 0 1 0 0 1 1 1 0 0 0 1 0 0 1 0 1 1 1 0 1 0 0 0 0 1 1 1 1 0 1 0 1 1 0 0 1 0 1 0 1 1 1 0 0 0
    1 1 0 0 1 1 0 0 1 0 1 0 1 0 1 0 1 1 0 0 1 0 0 1 1 1 1 1 0 0 0 1 0 0 0 0 1 0 1 1 0 1 1 1 1 0 1 0 0 0 1 1 0 0 0 1 1 0 1 0 1 0 0 1 0 1 1 1 1 0 0 0 0 1 1 0 1 1 0 0 0 0 1 1 0 0 0
    0 0 1 0 1 0 1 0 1 1 1 1 1 1 1 0 0 1 0 0 1 0 0 0 0 0 1 1 1 1 0 0 1 1 0 1 1 1 1 0 1 0 0 1 1 1 0 1 0 1 0 1 1 1 0 0 0 1 0 1 1 1 1 0 0 0 1 0 1 0 0 1 0 1 1 0 1 0 1 0 1 1 0 0 1 1 1
    1 1 1 1 1 0 0 0 0 1 1 0 1 0 0 0 0 1 1 1 0 1 0 0 0 1 1 1 0 1 1 0 0 1 0 0 1 1 1 1 1 0 0 1 0 1 1 0 0 0 0 0 1 1 1 0 0 1 0 1 1 0 1 0 1 0 0 0 1 1 0 0 1 0 0 1 1 0 0 1 0 1 0]
[0 0 0 0 0 0 0 0 0 0 0 0 0 1 0 0 0 0 0 0 0 0 0 0 0 0 0 0 0 0 0 0 0 0 0 0 1 1 0 1 0 1 1 1 0 0 0 0 1 1 0 1 0 0 1 0 1 1 0 1 1 1 0 1 0 0 0 0 0 1 0 1 1 1 0 1 1 0 0 1 1 0 1 1 1 1 0 1 1
    1 1 1 0 0 1 0 1 0 1 1 0 0 0 1 1 0 0 1 1 0 1 1 0 1 0 0 1 1 1 0 0 1 0 1 0 1 0 0 0 0 0 1 0 0 0 0 1 0 1 1 0 1 1 1 1 1 1 0 1 1 0 0 1 1 0 1 1 1 0 1 0 0 1 0 0 1 0 0 1 1 0 1 1 1 1 0
    1 0 0 0 1 1 0 0 0 0 1 1 0 1 0 0 1 1 1 0 0 0 1 1 0 1 1 1 0 1 0 1 0 0 0 0 1 1 0 1 0 1 1 0 0 0 1 0 0 0 0 1 1 0 1 0 0 0 0 0 0 1 1 0 1 1 1 1 0 1 0 0 1 1 0 0 1 1 0 0 1 1 0 1 1 1 0
    0 1 0 0 0 1 1 1 1 0 1 0 1 0 0 0 1 1 1 1 1 1 1 0 0 1 1 0 1 1 0 1 0 1 0 0 1 0 0 1 1 0 1 1 1 0 0 1 1 0 0 1 0 0 0 0 0 1 0 1 1 0 1 1 1 0 0 0 1 1 0 1 1 0 0 1 1 1 1 0 1 1 0 0 0 0 0
    0 0 1 0 0 0 0 1 1 1 0 1 0 0 1 0 0 0 1 1 0 1 1 0 0 0 0 1 1 0 1 1 1 1 0 0 1 0 1 1 1 1 1 1 1 0 1 0 1 1 0 1 1 1 1 0 0 1 1 1 1 1 0 1 1 1 1 1 0 1 1 1 1 1 0 1 1 1 0 1 1 1 1 1 1 0 1
    1 0 1 1 1 0 1 1 1 0 1 1 1 0 1 0 1 0 1 0 1 0 0 0 0 0 0 1 1 1 0 0 0 0 0 1 0 0 1 1 0 0 1 0 1 0 1 1 1 0 0 1 1 0 1 1 0 0 0 0 1 1 1 1 0 1 1 1 0 0 0 1 0 0 1 1 0 0 0 0 1 1 0]
[0 0 0 0 0 0 0 0 0 0 0 0 0 0 1 0 0 0 0 0 0 0 0 0 0 0 0 0 0 0 0 0 1 0 0 0 0 1 0 0 0 0 0 1 0 1 1 0 0 0 0 1 0 1 0 0 0 1 0 1 1 1 0 1 1 0 1 0 0 0 1 1 1 1 1 0 1 0 1 1 1 0 1 0 1 1 0 1 1
    0 1 0 1 1 1 0 1 0 1 0 1 1 0 0 0 1 0 0 1 0 0 0 1 0 0 1 1 0 0 1 0 1 1 1 1 0 1 0 0 0 1 1 1 1 1 1 1 0 1 0 0 0 0 0 0 0 0 0 0 0 0 0 0 0 1 1 1 0 0 0 0 0 1 1 1 1 1 1 0 0 0 0 1 0 0 0
    0 1 0 0 1 0 1 1 0 0 1 0 1 0 1 1 1 1 0 0 1 1 1 0 0 1 0 1 0 1 0 0 0 1 1 0 1 0 0 1 1 1 1 1 1 1 0 0 1 0 0 0 1 1 0 0 0 1 0 0 0 1 0 1 0 1 1 0 1 1 0 0 0 1 1 0 0 1 0 0 1 1 0 1 0 1 0
    1 1 0 0 1 1 1 0 0 1 0 1 1 0 0 0 1 1 1 1 1 0 0 0 1 1 1 1 0 0 0 1 1 0 1 0 0 1 1 0 1 0 0 0 1 0 1 0 0 0 1 0 0 0 1 0 1 0 0 0 0 1 1 0 1 0 1 0 0 1 1 1 0 0 0 0 1 1 0 1 1 0 0 0 0 1 0
    1 1 1 0 1 0 0 0 1 1 0 1 0 1 0 0 0 0 0 0 0 1 0 0 1 0 1 0 1 0 0 1 0 1 1 0 0 1 1 0 1 0 0 0 0 1 1 1 1 0 1 1 0 0 0 1 1 0 1 1 1 0 0 1 0 1 1 1 1 0 1 1 0 0 1 0 0 1 0 1 1 1 1 1 0 0 0
    0 1 1 0 1 1 1 0 1 0 0 0 1 1 0 0 0 0 1 1 1 1 0 0 1 0 1 1 0 1 1 1 1 1 0 0 0 0 1 1 0 1 0 1 1 1 0 0 0 1 0 1 0 0 0 1 1 0 1 0 0 0 1 1 1 0 1 0 1 1 1 1 0 1 1 1 0 1 1 1 1 0 1]
[0 0 0 0 0 0 0 0 0 0 0 0 0 0 0 1 0 0 0 0 0 0 0 0 0 0 0 0 0 0 0 0 1 1 0 0 0 0 1 1 1 1 1 0 0 1 0 0 0 0 0 1 1 0 0 0 1 1 1 0 1 0 1 1 0 0 0 0 0 0 1 0 1 1 0 0 0 0 1 0 0 1 1 0 0 1 0 0 0
    1 1 1 0 0 0 1 0 0 1 1 0 0 0 0 1 0 0 0 1 1 1 1 0 0 0 0 1 1 0 0 0 0 1 0 0 0 0 1 0 1 0 0 0 0 1 0 1 0 0 0 1 0 1 0 0 0 0 1 1 1 1 1 1 1 1 0 1 0 0 0 1 1 0 1 0 1 0 0 1 0 1 0 0 0 0 1
    1 0 1 1 1 0 1 0 1 0 0 0 0 1 0 1 1 0 0 0 1 1 0 1 1 0 1 0 1 1 1 0 1 1 0 1 0 0 0 1 1 1 1 0 1 1 0 1 0 0 0 1 1 0 0 0 0 1 0 1 1 0 1 0 1 1 1 0 1 0 1 1 1 0 1 1 1 0 0 1 1 0 1 1 1 1 0
    1 1 1 0 1 1 0 1 0 0 1 1 0 0 1 1 0 1 0 1 1 0 0 0 1 1 0 1 0 0 1 0 0 1 0 1 0 0 1 1 0 1 1 1 1 0 1 1 1 1 0 1 0 1 1 1 1 0 1 0 1 1 1 1 0 0 0 0 0 1 0 1 1 0 0 1 1 0 0 1 1 1 0 1 0 0 1
    1 1 0 1 1 0 1 1 1 1 0 0 0 1 1 1 1 0 1 1 0 1 0 1 0 0 0 1 1 0 1 0 0 0 1 1 1 1 1 1 1 1 0 1 1 1 1 1 1 0 1 0 0 0 1 1 0 1 1 1 1 1 1 0 1 0 0 0 1 1 0 0 1 0 1 0 0 1 0 1 0 0 1 1 0 1 0
    1 1 1 0 1 0 0 0 1 1 0 1 0 0 1 1 0 0 0 0 0 0 0 1 0 0 1 0 1 1 1 0 1 0 0 0 0 1 0 1 0 0 0 0 0 1 0 0 0 1 0 1 1 1 1 1 0 1 1 1 1 0 1 0 1 0 1 1 0 1 1 1 0 1 1 0 0 1 0 0 0 1 1]
[0 0 0 0 0 0 0 0 0 0 0 0 0 0 0 0 1 0 0 0 0 0 0 0 0 0 0 0 0 0 0 0 0 1 0 1 1 0 1 1 1 1 1 0 0 1 1 1 0 0 0 1 0 1 0 0 0 1 1 1 0 1 0 1 0 0 0 1 1 1 0 0 1 0 1 1 1 1 0 0 0 0 0 0 1 0 1 1 0
    0 0 0 1 1 1 1 0 1 0 1 0 0 0 1 0 1 0 0 1 0 1 0 1 0 1 0 0 1 0 1 1 0 1 1 0 0 0 0 1 1 0 1 0 0 1 0 0 0 1 1 1 0 0 1 0 0 1 0 1 1 1 0 0 0 1 1 1 1 0 1 1 0 0 1 1 1 0 1 0 1 0 0 0 1 1 0
    1 0 1 1 0 0 0 1 1 0 1 0 1 0 0 1 1 0 0 1 1 0 1 0 1 1 1 1 0 0 1 0 1 0 0 1 0 1 0 1 1 0 0 0 1 1 0 1 0 0 0 0 1 0 1 1 1 0 1 1 0 1 0 0 0 1 0 1 1 0 1 0 1 1 0 1 0 0 1 0 1 1 0 0 0 0 0
    0 1 0 1 1 0 1 0 0 1 1 1 0 1 1 0 0 0 0 1 0 1 1 0 0 0 0 0 0 1 1 0 1 0 1 0 1 1 0 0 1 0 1 1 1 0 1 0 1 1 0 1 0 0 0 1 1 1 1 1 1 1 1 1 0 1 1 1 1 0 1 1 1 1 1 0 1 0 1 0 0 1 1 1 0 0 1
    0 0 0 0 0 0 0 0 1 1 0 1 1 1 0 0 0 1 0 1 0 1 0 1 1 1 0 1 1 0 1 1 0 1 1 1 1 1 0 0 1 0 0 0 0 1 1 1 0 0 0 1 1 1 1 1 0 0 0 1 0 1 0 1 1 1 1 1 0 0 0 1 1 0 0 1 0 1 0 1 1 1 1 0 1 0 1
    0 1 1 0 1 1 1 0 0 1 0 1 1 0 0 0 0 0 1 0 0 0 0 0 0 1 0 1 1 1 0 1 0 0 1 0 1 0 1 1 1 1 0 1 1 0 1 1 1 0 1 0 1 1 0 1 0 0 1 0 0 0 0 0 0 0 1 0 0 0 0 1 1 0 1 1 0 0 1 0 0 0 0]
[0 0 0 0 0 0 0 0 0 0 0 0 0 0 0 0 0 1 0 0 0 0 0 0 0 0 0 0 0 0 0 0 1 0 0 0 0 0 1 1 1 1 1 0 1 1 0 1 1 1 1 1 1 1 1 1 0 0 1 1 0 0 1 1 1 0 1 1 0 0 1 1 1 0 0 0 1 0 1 0 0 1 0 1 1 1 0 0 1
    0 0 0 1 0 1 0 0 0 0 1 0 0 0 1 1 0 0 1 1 1 1 1 1 1 0 0 0 1 0 0 0 1 0 1 0 1 1 1 1 0 0 0 0 1 1 1 0 1 0 0 1 1 1 1 0 1 0 0 0 0 1 1 0 1 1 1 1 1 0 0 1 0 0 0 1 1 1 0 1 0 1 0 0 0 0 1
    1 0 0 0 0 0 0 1 0 0 0 0 1 1 1 0 0 1 0 1 0 0 1 0 0 0 0 1 1 0 0 0 1 0 1 1 0 0 0 0 1 0 0 1 0 1 0 1 0 0 1 1 0 1 1 1 0 1 0 0 1 1 0 0 1 0 0 0 0 1 0 1 1 1 1 1 0 0 0 0 1 1 0 1 1 0 0
    1 0 0 1 1 0 1 0 0 1 0 0 0 1 1 0 0 0 1 0 1 0 1 1 1 1 0 0 1 0 0 1 0 0 0 0 0 1 0 1 0 0 1 1 1 1 1 0 0 1 1 1 1 0 0 0 1 1 1 1 1 1 0 0 0 1 1 0 1 0 0 0 0 1 0 0 1 1 1 1 1 0 0 1 1 1 1
    1 0 0 0 0 1 0 0 0 0 0 0 0 0 0 1 1 0 0 1 1 1 1 1 1 0 1 1 0 1 1 0 1 1 1 0 1 0 1 1 0 1 0 1 1 0 0 1 0 0 1 1 1 0 1 0 1 0 1 0 1 1 0 1 1 1 1 0 1 0 0 0 1 1 0 0 0 0 1 0 0 1 1 0 0 1 0
    1 0 0 1 0 0 0 1 1 1 0 0 0 0 1 1 0 1 0 0 0 1 0 0 1 0 0 1 1 1 1 1 0 1 0 1 1 0 0 0 1 0 1 0 0 0 0 0 0 0 0 0 1 1 0 1 1 1 1 0 1 0 0 0 0 1 1 0 0 1 1 0 0 1 0 0 1 1 0 1 1 1 1]
[0 0 0 0 0 0 0 0 0 0 0 0 0 0 0 0 0 0 1 0 0 0 0 0 0 0 0 0 0 0 0 0 1 0 0 0 0 1 1 1 0 0 1 0 1 0 0 0 0 1 0 0 1 1 0 0 1 1 0 0 0 0 1 0 1 0 0 0 0 1 0 1 0 0 1 0 0 1 1 1 0 1 1 1 0 1 0 0 0
    0 1 1 1 0 0 1 1 1 0 1 0 0 1 1 0 1 0 0 1 1 1 1 0 0 0 0 0 0 0 0 0 1 1 0 1 0 1 1 1 0 0 1 0 0 0 1 1 1 0 1 0 0 1 0 1 1 1 1 0 1 0 0 0 0 1 0 0 0 1 1 1 1 1 0 1 0 0 1 1 0 1 1 0 0 1 0
    0 0 1 0 0 1 1 1 1 1 1 0 1 0 0 0 0 1 1 0 0 0 0 0 1 0 1 0 0 0 1 1 0 1 0 1 1 0 0 1 1 0 1 0 0 1 0 1 0 1 1 0 1 1 1 0 1 0 1 0 1 0 1 0 0 1 1 1 0 0 0 1 1 0 0 0 1 1 0 1 1 0 1 1 1 1 1
    0 1 1 0 1 0 0 1 0 0 0 0 1 1 1 0 0 1 0 1 0 0 1 0 1 1 0 0 0 0 0 1 0 1 0 1 1 0 0 0 0 0 1 0 1 0 0 1 1 0 0 0 0 0 0 1 1 1 1 1 1 1 1 0 1 1 0 1 1 0 0 0 0 0 1 0 0 1 0 0 1 0 0 1 1 1 1
    0 0 0 1 0 1 1 0 0 0 0 0 0 1 0 1 0 1 0 1 1 1 1 1 0 0 0 1 0 1 0 0 1 0 0 0 1 0 1 0 1 1 0 0 1 1 0 1 1 1 1 0 0 0 0 0 0 0 0 1 0 1 0 1 0 0 0 0 1 0 0 0 0 1 1 0 1 1 0 1 0 1 0 0 0 1 1
    1 0 1 1 1 0 0 1 1 0 1 0 1 0 0 0 1 1 0 1 0 1 1 1 1 0 1 0 0 0 1 0 0 1 0 1 1 1 1 0 0 1 1 1 0 1 0 0 1 0 1 1 0 0 0 1 0 0 1 0 0 0 1 1 1 1 1 0 0 0 1 0 0 1 0 1 1 0 0 0 1 0 0]
[0 0 0 0 0 0 0 0 0 0 0 0 0 0 0 0 0 0 0 1 0 0 0 0 0 0 0 0 0 0 0 0 0 1 0 0 1 1 1 0 0 0 1 1 0 0 1 1 1 0 1 0 0 0 0 1 0 1 0 1 0 0 0 0 1 0 0 0 0 0 1 1 1 1 1 0 0 0 0 1 1 1 1 1 1 0 0 0 0
    1 1 0 1 1 0 1 1 0 0 0 0 0 0 0 1 1 0 1 0 0 0 1 0 0 0 1 1 0 0 0 1 1 0 1 1 0 1 1 0 0 1 1 0 1 0 0 0 0 0 1 1 1 0 0 0 0 0 0 0 0 1 1 1 1 0 0 1 0 1 1 0 1 0 0 0 1 0 1 0 1 1 0 0 0 1 1
    1 0 1 1 0 1 1 1 1 1 1 0 1 0 0 0 1 0 0 1 0 0 0 0 1 1 0 1 0 0 1 0 1 0 1 0 0 0 0 0 0 0 0 0 1 0 0 0 1 0 0 1 1 1 1 1 1 0 0 0 1 1 0 1 0 0 0 1 0 1 0 1 0 0 0 0 1 0 0 0 1 1 1 0 1 1 1
    0 1 0 0 1 1 0 0 1 0 0 0 1 1 1 1 0 1 0 1 1 0 1 0 1 1 1 0 0 1 1 1 1 1 1 0 1 0 1 0 1 0 1 1 0 1 0 1 0 0 1 0 1 1 0 0 1 1 0 0 0 1 1 0 1 0 0 1 1 0 1 0 1 0 1 1 0 1 1 1 0 1 0 1 0 0 0
    0 1 0 1 1 0 1 0 1 0 1 0 1 0 1 0 1 0 0 0 0 0 0 0 0 0 0 0 0 0 0 1 0 0 0 0 1 0 0 0 1 1 0 0 0 0 0 0 0 0 0 1 1 0 0 0 1 1 1 1 1 0 0 1 1 1 1 0 1 1 0 1 0 1 0 0 0 0 0 1 0 0 1 1 0 0 1
    1 1 0 0 1 0 1 1 1 1 0 0 0 0 0 0 1 1 0 0 0 1 0 0 0 1 1 0 0 0 1 1 0 0 1 0 1 1 1 0 0 0 0 0 1 0 0 0 0 1 0 0 0 1 1 1 1 1 1 1 0 0 0 1 0 1 0 0 0 1 1 1 1 1 0 1 0 0 0 1 1 0 1]
[0 0 0 0 0 0 0 0 0 0 0 0 0 0 0 0 0 0 0 0 1 0 0 0 0 0 0 0 0 0 0 0 0 0 0 0 0 1 1 1 0 1 0 0 1 0 0 0 0 1 0 0 1 0 1 0 0 0 1 0 1 1 0 1 1 1 0 1 1 0 0 0 1 1 1 0 0 0 1 0 0 0 1 1 0 1 0 1 1
    1 0 0 0 1 1 0 0 1 1 1 0 0 1 0 0 1 0 1 1 1 0 0 0 1 1 0 0 1 1 0 1 1 1 1 0 0 1 1 1 0 0 0 0 0 0 1 0 0 1 0 1 0 1 1 0 1 0 0 1 0 1 0 1 0 1 1 0 1 1 1 0 1 0 0 1 1 1 1 0 0 0 1 1 1 0 0
    0 0 1 0 1 1 0 0 1 0 1 1 1 1 0 0 1 1 1 0 0 0 1 1 0 0 0 1 0 0 1 0 0 1 1 0 0 0 0 1 0 1 0 0 0 1 0 1 0 0 0 1 1 0 0 0 0 0 0 1 0 0 1 0 0 0 1 1 0 0 1 1 1 0 0 0 0 1 0 1 1 1 1 1 0 0 0
    1 1 1 0 1 0 1 1 0 1 1 1 0 1 1 0 1 0 0 0 0 0 1 1 0 1 0 1 0 0 1 1 0 1 1 1 1 0 0 0 1 1 0 1 0 0 1 1 1 1 1 1 1 0 1 1 0 0 0 0 1 0 0 0 1 1 1 1 1 1 1 0 1 1 0 1 1 0 1 0 1 1 1 0 0 1 0
    0 1 1 1 1 1 1 1 0 1 1 0 0 1 0 0 0 0 0 0 1 1 0 0 1 0 1 0 0 1 1 0 1 1 0 0 1 0 0 1 1 1 1 1 1 0 0 1 0 1 0 0 1 1 1 0 1 0 1 1 1 0 1 0 0 1 1 0 1 0 0 0 0 1 0 0 1 1 1 1 1 0 1 0 1 0 0
    1 1 0 1 1 0 1 0 1 0 1 0 0 0 0 0 1 1 1 1 0 1 1 1 1 0 0 1 1 1 1 0 0 1 0 0 1 0 1 1 0 0 1 1 1 0 1 0 0 1 0 0 1 1 1 0 0 0 1 1 0 0 1 1 1 0 0 0 1 1 0 0 0 1 1 0 0 0 0 1 1 1 0]
[0 0 0 0 0 0 0 0 0 0 0 0 0 0 0 0 0 0 0 0 0 1 0 0 0 0 0 0 0 0 0 0 1 1 0 1 1 1 1 0 0 1 1 1 1 0 0 1 1 0 1 1 0 1 0 0 1 1 1 0 1 0 0 0 0 0 1 0 1 1 0 0 1 1 1 0 1 1 0 0 1 0 0 1 1 0 0 0 1
    0 0 0 1 1 0 1 0 0 0 1 0 1 0 0 1 0 0 1 1 1 1 0 1 1 1 1 1 0 0 0 0 0 1 0 0 0 0 1 0 0 1 0 0 1 0 1 0 0 1 0 1 0 1 1 0 0 1 0 0 1 1 0 1 0 0 1 0 1 0 1 1 0 0 0 0 0 0 0 0 0 1 1 1 1 0 1
    1 1 1 0 0 0 0 1 0 1 1 0 1 1 1 1 0 0 0 0 0 0 1 0 0 0 0 1 1 1 1 0 0 0 0 0 1 1 1 1 1 0 0 1 0 1 1 1 0 1 1 1 0 1 1 1 0 0 1 0 1 1 0 0 1 0 0 1 0 0 1 0 1 0 0 1 1 1 0 1 0 0 0 1 1 1 0
    0 0 1 0 1 0 0 1 1 0 1 0 0 0 0 1 0 1 1 0 1 0 0 1 1 0 1 0 1 0 0 1 0 1 0 1 0 0 1 1 0 0 1 0 0 0 1 0 1 1 1 0 1 1 0 1 1 0 1 0 0 0 1 1 1 1 0 1 0 1 1 0 1 0 0 0 0 0 1 0 1 0 0 1 1 0 0
    0 1 0 1 0 1 1 1 1 0 1 1 1 0 0 0 0 1 1 0 1 1 1 1 1 1 1 0 0 1 1 1 0 0 1 0 0 1 0 1 0 1 1 1 1 1 0 0 1 1 1 1 1 0 0 1 1 1 0 0 0 1 0 1 0 0 1 1 1 0 0 0 0 0 1 0 0 0 1 1 1 0 0 1 0 1 1
    1 1 0 0 1 0 1 1 1 0 1 1 0 0 0 1 1 1 1 1 0 0 1 0 0 1 1 1 1 1 0 0 1 1 1 1 1 1 1 1 1 0 1 1 0 0 0 1 0 1 1 1 1 0 0 1 1 1 1 1 0 1 0 0 0 0 1 0 0 1 1 1 1 1 1 0 0 1 0 1 1 1 1]
[0 0 0 0 0 0 0 0 0 0 0 0 0 0 0 0 0 0 0 0 0 0 1 0 0 0 0 0 0 0 0 0 1 0 0 1 0 1 1 1 0 0 0 1 1 1 1 0 0 1 0 1 0 1 0 1 0 1 1 1 1 1 0 0 0 0 0 0 1 1 1 1 1 1 1 1 0 0 1 0 1 0 1 1 0 0 1 0 0
    1 1 0 1 0 1 0 1 1 0 0 1 0 1 1 1 1 1 0 0 1 1 0 1 1 1 0 1 0 1 0 0 0 1 0 0 0 1 1 0 1 1 1 0 1 1 0 1 0 0 1 1 1 1 1 0 0 1 0 1 0 1 1 0 1 0 1 1 1 1 1 1 0 0 0 0 0 0 0 1 0 1 0 1 0 1 1
    1 0 1 1 1 0 0 1 1 0 1 0 0 1 0 1 0 1 0 1 0 0 0 0 0 0 0 1 0 1 0 1 0 0 1 1 1 0 1 1 0 1 1 0 0 0 1 1 1 1 0 1 1 1 0 1 0 1 1 1 1 1 1 0 0 0 1 1 0 1 1 0 0 0 0 0 0 1 0 0 1 0 1 0 1 1 0
    1 1 0 1 0 1 0 1 0 1 1 1 0 0 0 1 1 0 0 0 1 0 1 0 1 0 1 0 0 1 0 1 0 0 0 0 1 0 1 1 0 0 0 1 0 1 1 0 1 1 0 1 1 1 0 1 0 0 0 0 1 1 1 0 1 1 1 0 0 1 1 1 1 1 1 0 0 0 1 1 1 0 1 1 1 0 0
    1 0 0 1 1 0 1 1 1 1 0 1 0 1 1 1 1 1 1 1 0 0 1 1 0 0 1 1 1 0 0 1 0 1 0 1 1 0 0 1 0 1 0 1 1 1 0 1 1 1 0 1 1 1 0 0 0 0 1 1 0 1 1 1 1 1 0 1 0 0 0 1 1 0 0 1 1 1 1 1 1 1 1 1 0 1 0
    1 1 1 1 0 0 0 0 1 0 1 0 0 0 1 0 1 1 0 1 1 0 1 1 1 1 0 1 0 1 1 1 0 0 1 1 1 1 1 0 1 1 1 0 1 0 0 1 1 0 1 0 0 1 1 1 0 0 1 0 0 1 0 1 1 1 1 0 0 1 1 1 0 0 1 0 0 1 1 0 1 1 1]
[0 0 0 0 0 0 0 0 0 0 0 0 0 0 0 0 0 0 0 0 0 0 0 1 0 0 0 0 0 0 0 0 1 0 0 1 1 0 0 0 0 1 0 1 1 1 0 1 0 0 1 1 1 0 0 0 0 0 0 1 0 0 1 1 0 0 0 1 0 1 1 1 1 1 0 0 0 1 1 0 1 1 1 0 0 0 0 1 0
    1 0 0 1 1 0 1 0 0 0 0 0 1 0 1 1 0 1 0 0 1 0 0 1 1 1 0 0 0 0 1 1 1 1 1 0 0 0 0 0 1 0 1 1 1 0 0 1 1 0 1 1 1 1 1 0 1 0 0 1 0 1 0 1 0 1 0 0 0 1 0 0 1 1 1 0 1 1 0 0 0 1 1 0 0 0 0
    0 0 1 1 1 1 1 1 0 1 0 1 1 1 0 0 1 1 1 0 0 1 1 1 0 1 0 1 0 0 0 1 0 1 1 0 1 1 0 0 1 1 1 1 0 1 1 0 1 0 1 1 0 1 0 0 0 0 1 0 1 0 1 1 0 1 0 1 1 0 1 0 0 0 1 0 0 0 1 1 1 1 0 1 1 0 1
    0 0 1 0 1 0 1 0 1 1 0 0 0 1 0 1 0 1 1 1 1 0 0 0 0 0 1 0 1 0 0 1 1 0 1 1 1 0 0 1 0 0 0 1 0 0 1 0 1 0 1 1 0 0 1 0 0 1 0 1 1 0 1 0 0 1 1 1 0 1 1 0 1 0 1 0 1 1 0 1 1 1 1 0 1 0 1
    1 0 1 1 0 0 0 0 0 1 0 1 1 0 1 0 0 0 0 1 0 0 0 0 1 1 0 0 1 1 1 1 0 1 1 0 1 1 1 1 1 0 1 1 0 1 1 0 1 0 1 0 0 1 1 0 0 1 1 1 1 0 0 1 0 0 1 1 0 0 0 1 0 0 0 0 1 0 1 0 0 1 0 0 1 0 0
    0 0 0 1 1 0 1 0 1 1 1 1 1 1 1 1 0 1 1 1 0 0 0 0 0 1 0 1 0 1 1 1 0 1 0 1 0 1 0 0 1 1 1 1 1 1 0 0 0 1 0 0 0 0 1 0 1 1 1 0 1 0 1 0 0 0 1 1 0 0 1 0 0 1 1 0 1 1 1 0 0 1 1]
[0 0 0 0 0 0 0 0 0 0 0 0 0 0 0 0 0 0 0 0 0 0 0 0 1 0 0 0 0 0 0 0 0 1 0 0 0 1 0 1 1 1 1 1 0 1 0 1 0 0 0 0 0 0 0 0 1 1 0 1 0 1 1 1 1 0 0 1 1 0 1 1 0 0 0 0 1 0 1 0 0 1 1 0 1 1 1 1 1
    0 0 1 0 1 0 0 0 1 1 1 1 1 0 0 0 0 0 1 1 1 0 0 0 0 1 0 0 1 1 0 1 0 1 0 0 1 0 0 0 0 0 0 0 0 1 1 1 1 0 1 1 1 0 0 0 0 0 1 0 1 0 0 0 1 1 1 0 0 0 1 1 1 0 1 0 1 0 0 0 0 1 1 1 1 0 0
    0 0 0 0 1 0 0 1 1 1 0 1 1 1 1 0 0 0 0 1 1 0 0 1 1 0 0 0 0 0 0 0 1 0 1 1 0 0 1 1 1 0 1 0 0 0 1 0 1 1 0 0 1 1 1 0 0 1 0 0 0 1 0 1 1 1 1 1 1 0 1 1 0 1 1 1 1 0 1 0 0 0 0 1 0 1 1
    1 1 0 0 0 0 0 0 1 0 0 0 0 1 1 1 0 0 1 1 1 1 0 1 1 0 1 1 0 0 1 0 0 1 1 1 0 0 1 0 1 0 0 1 0 0 0 1 0 1 0 1 0 1 0 1 0 0 1 1 1 1 1 1 1 0 1 1 1 0 1 1 0 0 0 0 0 0 0 1 1 0 0 0 0 0 0
    0 0 0 0 1 0 0 0 0 1 0 0 0 1 1 1 1 0 0 1 1 0 0 1 0 0 1 0 0 1 1 1 0 1 0 1 0 1 0 0 0 1 1 0 1 0 1 1 0 1 0 0 1 0 0 1 1 1 0 1 0 0 0 1 1 0 1 0 1 1 0 1 0 0 0 0 1 0 0 0 1 1 1 1 1 0 0
    1 1 0 0 0 1 1 1 0 0 0 1 0 1 0 0 1 0 1 0 0 1 1 0 0 1 1 0 0 0 0 0 1 0 0 1 0 0 0 0 0 1 0 1 1 1 0 0 0 1 1 1 1 0 0 1 1 1 1 0 0 0 1 1 1 1 1 0 0 1 0 1 1 0 0 0 0 0 1 0 0 0 0]
[0 0 0 0 0 0 0 0 0 0 0 0 0 0 0 0 0 0 0 0 0 0 0 0 0 1 0 0 0 0 0 0 1 1 0 0 1 0 0 1 1 1 1 1 1 1 0 0 1 0 1 1 1 1 1 0 0 1 1 0 1 1 0 1 0 1 1 1 0 0 1 0 1 0 0 0 0 1 0 1 1 0 1 1 0 0 1 1 0
    0 0 0 1 1 0 0 1 1 0 1 0 0 1 1 0 0 1 1 1 1 1 1 1 0 0 0 1 0 1 0 0 0 0 1 1 0 1 1 0 0 0 1 0 1 1 0 1 1 1 1 1 1 0 0 0 0 1 0 0 1 1 0 0 0 0 0 1 1 1 0 1 1 0 1 0 1 1 0 1 0 1 0 1 1 1 1
    1 1 0 0 1 0 0 1 0 1 0 1 0 1 0 0 1 0 1 0 0 0 0 0 1 0 0 0 1 0 1 1 0 0 1 0 0 1 1 0 0 1 0 0 0 0 0 0 0 1 1 1 1 1 1 1 1 0 0 1 0 0 1 1 1 1 1 1 0 0 0 1 1 0 1 0 0 0 0 0 1 1 1 0 1 1 0
    0 1 1 1 0 0 0 1 1 1 1 1 0 0 1 1 0 1 0 1 0 1 0 1 0 0 0 1 0 0 1 1 0 0 1 1 1 1 0 0 1 1 0 1 1 0 0 0 0 1 0 1 1 0 1 0 0 1 1 0 1 1 1 0 0 0 1 0 1 1 0 0 0 0 1 0 1 0 0 1 1 0 0 1 1 1 1
    1 1 0 0 0 1 1 0 1 1 1 0 0 0 1 1 1 1 1 0 1 0 1 1 1 0 0 0 1 1 0 1 0 0 0 0 0 1 1 0 1 0 1 1 1 0 1 1 0 1 1 1 0 1 0 1 1 0 1 0 1 0 0 1 1 0 1 1 1 1 0 1 1 0 1 0 1 0 0 1 1 0 1 0 0 1 0
    0 1 0 0 0 1 0 1 1 0 0 0 1 1 1 0 0 1 0 1 0 0 1 0 1 0 0 1 0 1 0 0 0 0 0 1 1 1 0 0 0 1 1 1 1 0 1 0 0 1 1 1 0 1 1 0 0 0 0 1 0 1 0 0 1 0 1 1 1 1 0 0 0 0 0 1 1 1 1 1 0 0 0]
[0 0 0 0 0 0 0 0 0 0 0 0 0 0 0 0 0 0 0 0 0 0 0 0 0 0 1 0 0 0 0 0 1 1 0 0 0 0 1 0 1 1 1 1 1 0 0 0 0 1 0 0 1 0 1 0 1 0 1 1 1 0 0 0 1 1 1 0 1 0 1 0 1 1 1 0 0 1 1 0 1 0 1 1 1 0 1 1 1
    0 0 1 1 0 0 1 0 0 1 1 1 1 1 0 0 0 1 1 0 0 0 1 0 0 0 1 1 1 1 1 0 1 1 0 1 1 1 0 0 0 1 0 1 0 0 0 1 0 1 0 1 1 1 0 0 0 1 1 1 1 1 0 1 1 0 1 1 1 0 1 0 1 1 0 0 0 0 0 0 1 0 0 1 0 0 1
    1 0 1 1 1 1 0 1 1 1 0 1 0 1 1 0 1 0 1 1 0 1 1 1 1 1 0 1 0 1 1 0 0 1 0 0 1 1 1 0 0 1 0 0 0 1 0 0 0 1 1 0 0 0 1 1 0 0 0 0 0 0 0 0 0 0 1 1 1 1 1 1 1 1 0 0 0 0 0 1 0 0 1 0 0 0 0
    0 0 1 0 1 0 1 1 0 1 1 0 1 1 0 0 0 0 1 0 1 1 0 1 1 0 1 0 1 1 0 1 1 1 0 1 0 0 0 0 1 1 1 0 0 1 0 0 0 0 1 1 1 0 0 1 0 1 1 1 0 0 0 0 1 1 1 1 0 1 0 1 0 1 0 1 0 1 1 1 0 0 0 1 1 0 0
    1 0 0 1 0 0 1 0 0 0 0 0 1 0 0 1 0 0 1 0 0 0 0 1 0 1 0 1 0 0 0 1 0 0 1 0 0 0 1 1 0 1 0 1 1 0 0 0 1 1 1 0 1 1 0 1 1 1 1 1 1 1 0 1 1 1 1 0 0 1 0 0 0 0 1 0 1 0 0 0 0 0 1 1 1 1 0
    0 0 0 0 1 0 1 1 1 0 1 1 1 1 1 0 0 1 0 1 0 0 1 1 0 0 1 1 0 1 0 1 0 1 1 0 0 1 1 1 1 0 0 1 0 1 0 0 0 1 1 0 1 0 1 1 1 0 1 0 0 1 1 1 0 0 1 0 0 0 1 0 0 0 1 1 0 1 0 1 0 0 0]
[0 0 0 0 0 0 0 0 0 0 0 0 0 0 0 0 0 0 0 0 0 0 0 0 0 0 0 1 0 0 0 0 1 0 0 1 1 0 1 0 0 0 1 1 0 0 1 0 0 0 1 0 0 1 1 0 1 1 1 0 0 0 1 1 0 1 1 0 1 1 0 1 1 1 0 1 0 0 1 0 1 1 0 0 1 1 1 1 0
    1 0 1 0 1 0 1 0 1 1 1 1 1 1 0 0 1 1 0 0 0 1 0 0 0 0 0 0 0 1 0 1 1 1 1 1 1 0 0 0 0 0 1 1 0 1 1 0 1 1 0 0 1 1 0 0 0 1 1 1 0 1 1 0 0 0 0 0 0 1 0 1 0 0 0 0 1 0 0 1 0 1 0 1 0 0 1
    0 1 0 1 1 1 1 1 0 0 1 1 1 0 0 0 1 1 0 0 1 0 1 1 0 1 0 0 0 0 0 0 1 1 1 0 1 1 1 1 0 1 0 0 1 0 1 1 1 0 0 1 1 1 0 1 0 1 1 1 0 1 1 1 1 0 1 1 0 1 1 0 1 0 1 1 1 0 0 0 1 0 1 1 0 0 0
    1 0 0 1 0 0 0 0 0 0 0 1 0 0 0 0 0 0 1 0 1 0 0 0 1 1 1 0 0 1 0 0 1 1 1 0 0 0 1 1 1 0 1 0 0 1 0 0 0 0 1 1 1 0 1 1 1 1 1 0 1 1 1 1 0 1 1 1 0 1 0 0 1 1 0 0 0 0 1 0 0 0 1 0 1 1 1
    1 0 1 0 0 0 0 0 0 1 1 1 1 0 1 1 1 0 1 0 0 1 0 0 1 1 0 0 0 1 0 0 0 0 1 1 0 0 0 0 0 1 1 0 0 0 1 1 1 1 1 1 1 0 1 0 0 1 0 0 0 0 1 1 1 0 1 1 0 1 0 0 0 1 0 1 0 0 1 0 0 1 1 1 1 1 1
    1 1 0 1 0 1 1 0 0 0 1 0 1 1 1 0 1 0 0 0 1 1 0 1 1 0 0 1 1 0 1 0 0 1 1 0 0 0 0 1 1 0 1 0 0 0 0 1 1 0 1 1 0 0 1 0 0 1 1 0 0 0 1 1 0 1 0 0 0 0 0 0 0 0 0 1 1 0 1 1 1 0 1]
[0 0 0 0 0 0 0 0 0 0 0 0 0 0 0 0 0 0 0 0 0 0 0 0 0 0 0 0 1 0 0 0 0 1 0 1 1 0 0 1 1 1 1 1 1 0 1 0 0 0 0 0 0 0 0 0 1 0 1 0 0 1 1 0 1 0 0 1 1 1 0 1 1 1 0 0 1 1 0 1 1 0 1 0 0 1 1 1 1
    0 1 1 1 0 0 1 1 0 1 0 1 0 0 0 0 1 0 1 0 1 0 1 0 1 0 1 0 0 1 0 1 1 0 0 1 1 1 1 0 1 1 1 0 1 1 1 1 1 1 1 0 1 1 1 1 1 1 0 1 1 1 1 1 0 1 0 1 0 1 1 1 1 1 1 1 1 1 1 0 1 1 0 1 1 1 0
    0 1 0 1 1 1 1 1 1 0 0 0 0 1 0 0 1 1 0 1 0 1 1 1 1 1 0 0 1 0 1 1 0 1 1 1 1 0 0 0 1 1 0 0 0 0 1 1 0 1 1 1 1 1 0 1 1 0 1 1 1 1 0 0 0 0 0 0 0 0 1 0 0 0 0 0 0 1 0 1 1 1 1 0 1 1 1
    0 1 1 0 0 1 0 1 1 1 1 0 0 1 0 1 0 0 1 1 0 1 0 0 1 0 0 0 1 0 1 0 1 0 0 0 0 0 0 0 1 0 1 0 0 0 0 0 1 1 1 0 1 1 1 1 1 1 1 1 1 0 1 0 0 1 0 1 0 0 1 0 0 0 1 1 1 0 1 0 0 1 0 1 1 0 0
    0 1 1 1 1 0 0 1 0 1 0 1 1 0 0 0 0 1 1 0 1 0 1 1 1 0 0 0 0 1 1 0 1 0 0 1 1 1 0 0 0 1 0 0 1 1 0 0 1 1 1 1 1 1 0 0 0 1 1 0 1 0 0 0 1 0 0 1 1 0 0 0 1 1 1 0 0 1 0 0 1 0 0 1 1 0 0
    1 1 0 1 0 0 1 0 0 1 1 0 0 0 0 0 1 1 1 1 0 0 1 1 1 1 1 1 1 1 1 0 1 0 1 1 0 1 0 1 0 0 1 0 1 1 1 0 1 0 0 0 1 1 0 0 0 0 0 0 1 1 0 0 1 0 0 0 1 0 0 0 1 1 1 1 1 0 0 0 0 1 1]
[0 0 0 0 0 0 0 0 0 0 0 0 0 0 0 0 0 0 0 0 0 0 0 0 0 0 0 0 0 1 0 0 0 1 0 1 0 1 1 1 1 0 0 1 0 1 0 1 0 1 1 0 1 1 1 1 1 1 1 1 1 1 0 0 1 1 1 1 1 0 0 0 1 1 0 1 1 0 1 1 0 0 0 1 1 1 1 1 0
    0 0 1 0 1 0 0 1 0 0 0 1 1 0 0 0 0 1 1 1 0 0 0 0 0 0 1 1 0 1 0 0 0 1 0 1 1 0 1 1 0 0 1 0 0 0 1 0 0 0 0 0 1 1 1 1 1 1 1 1 0 1 0 1 0 0 1 1 1 0 0 0 0 1 0 0 0 1 1 0 1 0 1 0 0 1 1
    0 0 0 0 0 1 1 1 0 1 0 0 1 0 1 1 1 0 1 1 0 1 1 0 0 1 0 0 1 1 0 1 0 1 0 0 1 0 1 0 0 1 0 0 1 0 0 1 1 1 1 1 1 1 0 0 1 1 0 1 1 1 0 0 1 1 1 1 0 1 1 0 1 1 0 0 0 1 1 0 0 0 0 0 1 1 1
    0 0 0 1 0 1 0 0 0 1 1 0 1 0 0 0 0 1 0 0 1 1 0 1 1 0 0 1 0 0 1 1 0 0 1 1 0 1 0 0 1 1 1 1 1 0 1 1 1 0 1 1 1 0 0 1 0 0 0 0 0 1 0 1 0 1 1 0 0 1 1 1 0 0 1 1 0 0 0 1 1 0 0 1 0 1 0
    1 0 0 0 1 0 1 1 0 1 0 1 0 1 0 0 0 1 0 1 1 1 1 1 1 0 0 0 0 1 0 0 1 0 1 1 1 1 1 1 1 1 0 1 1 0 0 1 1 1 1 1 0 0 0 0 1 0 0 1 0 0 1 1 0 1 0 0 0 0 1 0 1 1 1 0 0 1 0 1 0 1 0 1 1 1 0
    0 1 1 0 1 0 0 1 0 1 1 0 0 0 0 1 0 1 1 0 1 1 1 0 1 0 0 1 1 1 0 0 1 0 1 0 1 1 1 0 0 0 1 0 1 1 0 0 0 1 0 1 0 1 0 0 1 1 1 0 1 1 0 1 0 0 1 0 0 0 1 0 0 0 0 1 1 1 1 1 0 1 0]
[0 0 0 0 0 0 0 0 0 0 0 0 0 0 0 0 0 0 0 0 0 0 0 0 0 0 0 0 0 0 1 0 1 1 0 1 0 1 0 1 1 1 0 1 0 0 0 1 1 0 0 1 0 1 0 1 1 1 0 0 1 1 1 0 0 0 1 1 0 1 1 0 0 0 0 1 0 1 0 0 1 1 1 1 0 1 1 1 1
    0 1 0 1 0 1 0 1 0 1 0 0 1 0 0 0 0 0 1 1 1 0 0 0 0 0 0 1 1 0 1 1 0 0 0 1 1 0 1 0 0 1 1 1 1 1 1 1 1 1 0 0 1 1 0 1 1 1 0 0 1 0 1 1 1 0 0 1 1 0 0 1 1 0 1 1 0 0 1 1 0 0 1 1 0 0 0
    1 1 1 0 1 0 1 1 0 0 1 0 0 1 0 0 0 0 1 1 0 1 0 0 0 0 0 0 1 0 1 0 0 0 0 0 0 0 1 1 1 0 1 0 0 0 1 0 0 0 0 1 0 0 0 1 1 1 0 1 0 0 1 0 0 0 1 0 0 1 1 0 0 1 1 0 1 1 1 0 1 1 1 1 0 1 0
    0 1 1 0 0 0 1 0 1 0 1 0 0 1 1 1 0 1 0 1 1 0 0 1 1 0 1 1 0 1 1 1 1 1 1 0 1 0 1 1 0 0 1 1 1 0 1 1 0 1 0 0 0 1 1 1 1 0 1 0 0 1 0 1 1 0 0 1 0 0 0 1 1 1 0 1 0 1 1 1 1 1 0 0 1 1 1
    1 0 1 0 0 1 0 0 1 0 1 1 0 1 0 0 1 0 0 0 1 0 1 0 0 0 0 0 0 0 1 0 1 0 1 1 0 0 0 1 1 0 0 1 0 0 0 0 0 1 0 1 0 0 0 0 0 0 1 0 0 0 1 1 1 1 0 1 0 0 1 0 1 1 0 1 1 0 1 0 0 1 0 1 1 0 1
    1 1 0 1 0 0 1 0 1 0 1 0 0 0 0 1 1 0 1 1 0 1 0 1 1 1 0 0 0 1 0 0 1 1 0 1 0 1 0 1 1 0 0 1 0 0 0 1 1 0 1 1 1 1 1 1 1 1 0 1 0 1 0 0 1 1 0 1 0 1 1 1 0 1 1 0 1 1 0 1 0 1 1]
[0 0 0 0 0 0 0 0 0 0 0 0 0 0 0 0 0 0 0 0 0 0 0 0 0 0 0 0 0 0 0 1 0 0 0 0 0 1 1 1 0 1 1 1 1 1 0 0 1 0 1 1 1 0 1 0 0 1 1 1 1 1 1 0 0 1 0 1 1 0 0 0 1 0 0 1 1 1 1 1 0 0 1 1 1 1 1 1 0
    0 0 1 0 1 0 1 1 0 0 1 1 1 0 0 1 1 1 0 0 1 1 0 0 1 0 0 0 1 0 0 0 1 0 1 0 1 1 0 0 1 0 1 1 0 0 1 0 1 0 1 0 1 0 1 1 1 1 0 1 1 1 0 1 0 0 0 0 1 1 0 0 0 0 0 0 0 0 0 1 0 1 0 1 0 1 0
    0 1 0 1 0 0 1 1 1 0 1 0 1 0 0 0 1 0 1 1 0 0 1 0 1 1 0 0 0 0 1 0 1 1 0 0 0 0 0 1 0 1 1 0 0 0 0 1 1 0 1 0 0 0 1 0 0 0 1 1 1 1 1 1 1 1 1 0 0 1 1 1 0 0 1 0 0 0 1 0 1 0 0 1 1 0 1
    1 0 0 1 0 0 0 1 0 0 0 1 0 0 0 1 1 0 1 0 0 1 0 0 0 0 0 0 0 1 1 1 1 0 0 0 1 1 0 0 0 0 0 0 0 0 0 1 0 1 0 0 0 0 0 1 1 0 1 0 0 1 0 1 0 1 0 0 1 1 1 1 0 0 1 0 1 0 0 1 0 0 0 1 1 1 0
    1 1 0 1 0 0 1 0 1 1 0 1 0 0 0 1 1 1 0 1 0 1 1 0 0 1 1 0 0 0 1 0 1 1 0 0 0 1 1 1 1 1 1 1 0 0 0 0 0 0 1 1 0 0 1 1 0 1 1 1 1 1 0 0 1 1 0 0 0 0 0 0 1 0 0 0 1 1 1 0 1 0 0 0 1 1 1
    0 1 0 0 1 1 1 1 1 0 0 0 1 1 0 0 1 0 1 1 1 1 0 0 0 1 0 1 0 0 1 1 0 0 0 1 1 1 0 1 0 1 0 1 1 0 1 0 0 0 0 1 1 1 0 1 1 0 0 0 0 1 1 0 0 1 0 0 1 1 0 0 1 0 1 0 0 1 0 1 1 1 1]
[0 0 0 0 0 0 0 0 0 0 0 0 0 0 0 0 0 0 0 0 0 0 0 0 0 0 0 0 0 0 0 0 0 0 1 0 0 0 0 0 1 0 0 1 0 0 1 0 0 1 1 1 1 1 1 0 1 0 1 1 0 1 1 1 1 1 0 0 1 0 0 0 1 1 1 1 1 0 1 1 1 1 0 1 1 1 0 1 0
    1 0 0 0 0 1 0 0 1 0 1 0 0 1 1 1 1 0 1 0 0 1 1 1 1 1 1 0 1 1 0 0 1 0 0 1 0 0 1 1 0 0 1 1 1 1 0 0 1 1 1 1 1 1 0 0 0 0 1 1 1 0 0 0 1 0 0 0 0 1 0 1 1 0 1 1 1 0 1 1 0 0 1 0 1 1 0
    0 0 0 1 0 1 1 0 0 1 1 0 0 0 0 1 0 1 0 0 0 1 1 1 0 0 1 0 0 0 1 0 0 1 1 0 1 1 1 0 1 1 0 0 0 0 0 0 0 0 0 0 1 1 0 1 0 0 0 0 0 1 0 1 1 1 1 0 0 1 0 0 0 1 0 1 0 0 0 1 1 0 1 1 1 0 1
    0 1 1 1 1 0 1 0 0 1 1 1 1 0 1 0 0 1 1 1 0 0 0 0 0 0 1 1 1 0 1 0 0 0 1 0 1 1 1 1 0 1 0 0 1 1 0 1 1 1 0 1 0 0 1 1 0 1 1 0 0 0 1 0 1 1 0 0 0 0 1 0 1 0 1 0 1 1 1 0 1 1 1 0 1 0 0
    0 1 0 1 1 1 0 0 1 0 0 1 1 0 1 1 1 1 1 0 1 1 1 0 1 1 1 0 0 0 0 1 0 1 0 0 1 1 0 0 1 1 0 1 0 1 1 0 0 0 0 1 0 1 0 0 1 0 0 0 1 1 1 0 1 1 1 0 0 0 1 1 0 1 1 0 0 0 0 0 0 0 1 0 0 0 0
    0 0 1 1 0 0 1 1 1 1 1 0 1 0 1 1 0 0 1 1 1 1 0 0 0 1 0 1 1 0 1 1 1 0 1 1 1 1 1 1 1 0 0 0 1 1 0 0 0 0 1 0 1 0 0 0 0 1 1 1 1 0 0 1 1 1 0 1 0 1 0 0 0 0 1 0 1 0 0 0 0 1 1]

