     n    m      integral       rel error     err const

     1    2    0.7608957E+01    0.4115E+00    0.2810E+01
     2    4    0.1282002E+02    0.8449E-02    0.3754E-01
     3    6    0.1292781E+02    0.1122E-03    0.3170E-03
     4    8    0.1292914E+02    0.9073E-05    0.1432E-05
     5   10    0.1292918E+02    0.5975E-05    0.4018E-08
     6   12    0.1292916E+02    0.7450E-05    0.7674E-11
     7   14    0.1292916E+02    0.7229E-05    0.1061E-13
     8   16    0.1292918E+02    0.5680E-05    0.1112E-16
     9   18    0.1292918E+02    0.5753E-05    0.9128E-20
    10   20    0.1292914E+02    0.9073E-05    0.6029E-23
