

     n    m      integral       rel error     err const

     1    2    0.7546452E+01    0.1642E-01    0.1204E-01  om= 0.100
     2    4    0.7667665E+01    0.6252E-03    0.4843E-04
     3    6    0.7672359E+01    0.1355E-04    0.8441E-07
     4    8    0.7672458E+01    0.5593E-06    0.8250E-10
     5   10    0.7672466E+01    0.4350E-06    0.5157E-13
     6   12    0.7672466E+01    0.4972E-06    0.2238E-16
     7   14    0.7672463E+01    0.1243E-06    0.7136E-20
     8   16    0.7672465E+01    0.3107E-06    0.1742E-23
     9   18    0.7672470E+01    0.9944E-06    0.3360E-27
    10   20    0.7672466E+01    0.4350E-06    0.5249E-31


     1    2    0.2485091E+01    0.2665E-01    0.3101E-01  om= 0.500
     2    4    0.2550596E+01    0.9954E-03    0.1217E-03
     3    6    0.2553083E+01    0.2129E-04    0.2113E-06
     4    8    0.2553135E+01    0.8404E-06    0.2062E-09
     5   10    0.2553137E+01    0.0000E+00    0.1289E-12
     6   12    0.2553138E+01    0.2801E-06    0.5591E-16
     7   14    0.2553138E+01    0.1868E-06    0.1782E-19
     8   16    0.2553138E+01    0.1868E-06    0.4350E-23
     9   18    0.2553138E+01    0.1868E-06    0.8390E-27
    10   20    0.2553139E+01    0.5603E-06    0.1311E-30


     1    2    0.1433538E+01    0.3039E-01    0.4022E-01  om= 1.000
     2    4    0.1476804E+01    0.1125E-02    0.1563E-03
     3    6    0.1478432E+01    0.2371E-04    0.2709E-06
     4    8    0.1478467E+01    0.4032E-06    0.2643E-09
     5   10    0.1478468E+01    0.2419E-06    0.1651E-12
     6   12    0.1478468E+01    0.4838E-06    0.7162E-16
     7   14    0.1478468E+01    0.3225E-06    0.2283E-19
     8   16    0.1478468E+01    0.2419E-06    0.5572E-23
     9   18    0.1478467E+01    0.8063E-07    0.1075E-26
    10   20    0.1478467E+01    0.1613E-06    0.1679E-30


     1    2    0.7906218E+00    0.3313E-01    0.4783E-01  om= 1.999
     2    4    0.8167189E+00    0.1217E-02    0.1844E-03
     3    6    0.8176936E+00    0.2515E-04    0.3193E-06
     4    8    0.8177140E+00    0.2187E-06    0.3114E-09
     5   10    0.8177141E+00    0.7289E-07    0.1944E-12
     6   12    0.8177143E+00    0.2187E-06    0.8434E-16
     7   14    0.8177143E+00    0.1458E-06    0.2688E-19
     8   16    0.8177145E+00    0.3645E-06    0.6561E-23
     9   18    0.8177142E+00    0.0000E+00    0.1265E-26
    10   20    0.8177140E+00    0.1458E-06    0.1977E-30


     1    2    0.7902704E+00    0.3313E-01    0.4783E-01  om= 2.000
     2    4    0.8163572E+00    0.1217E-02    0.1844E-03
     3    6    0.8173314E+00    0.2538E-04    0.3193E-06
     4    8    0.8173519E+00    0.2917E-06    0.3114E-09
     5   10    0.8173526E+00    0.5105E-06    0.1945E-12
     6   12    0.8173519E+00    0.2917E-06    0.8435E-16
     7   14    0.8173525E+00    0.3646E-06    0.2689E-19
     8   16    0.8173525E+00    0.4375E-06    0.6562E-23
     9   18    0.8173521E+00    0.7292E-07    0.1265E-26
    10   20    0.8173527E+00    0.5834E-06    0.1977E-30


     1    2    0.5478238E+00    0.3427E-01    0.5121E-01  om= 3.000
     2    4    0.5665526E+00    0.1255E-02    0.1968E-03
     3    6    0.5672499E+00    0.2564E-04    0.3405E-06
     4    8    0.5672644E+00    0.0000E+00    0.3320E-09
     5   10    0.5672650E+00    0.1051E-05    0.2073E-12
     6   12    0.5672646E+00    0.3152E-06    0.8993E-16
     7   14    0.5672645E+00    0.1051E-06    0.2867E-19
     8   16    0.5672647E+00    0.4203E-06    0.6996E-23
     9   18    0.5672642E+00    0.4203E-06    0.1349E-26
    10   20    0.5672643E+00    0.2101E-06    0.2108E-30


     1    2    0.5476564E+00    0.3427E-01    0.5121E-01  om= 3.001
     2    4    0.5663798E+00    0.1255E-02    0.1968E-03
     3    6    0.5670768E+00    0.2586E-04    0.3405E-06
     4    8    0.5670917E+00    0.4204E-06    0.3321E-09
     5   10    0.5670917E+00    0.4204E-06    0.2073E-12
     6   12    0.5670913E+00    0.3153E-06    0.8994E-16
     7   14    0.5670916E+00    0.3153E-06    0.2867E-19
     8   16    0.5670917E+00    0.4204E-06    0.6996E-23
     9   18    0.5670916E+00    0.3153E-06    0.1349E-26
    10   20    0.5670913E+00    0.2102E-06    0.2108E-30


     1    2    0.1668670E+00    0.3618E-01    0.5719E-01  om=10.500
     2    4    0.1729025E+00    0.1317E-02    0.2186E-03
     3    6    0.1731258E+00    0.2728E-04    0.3778E-06
     4    8    0.1731305E+00    0.4303E-06    0.3682E-09
     5   10    0.1731307E+00    0.5164E-06    0.2299E-12
     6   12    0.1731306E+00    0.3443E-06    0.9971E-16
     7   14    0.1731307E+00    0.7746E-06    0.3178E-19
     8   16    0.1731306E+00    0.1721E-06    0.7756E-23
     9   18    0.1731305E+00    0.1721E-06    0.1496E-26
    10   20    0.1731305E+00    0.3443E-06    0.2336E-30


     1    2    0.3584975E-01    0.3687E-01    0.5945E-01  om=50.000
     2    4    0.3717221E-01    0.1340E-02    0.2267E-03
     3    6    0.3722105E-01    0.2772E-04    0.3917E-06
     4    8    0.3722207E-01    0.4003E-06    0.3818E-09
     5   10    0.3722209E-01    0.2002E-06    0.2384E-12
     6   12    0.3722208E-01    0.2002E-06    0.1034E-15
     7   14    0.3722208E-01    0.0000E+00    0.3295E-19
     8   16    0.3722209E-01    0.3002E-06    0.8041E-23
     9   18    0.3722208E-01    0.0000E+00    0.1551E-26
    10   20    0.3722207E-01    0.5004E-06    0.2422E-30


