     n    m      integral       rel error     err const

     1    2    0.9650458E+02    0.2059E-02    0.2025E-03
     2    4    0.9669596E+02    0.7992E-04    0.8408E-06
     3    6    0.9670349E+02    0.2051E-05    0.1472E-08
     4    8    0.9670368E+02    0.7889E-07    0.1441E-11
     5   10    0.9670367E+02    0.2367E-06    0.9012E-15
     6   12    0.9670368E+02    0.7889E-07    0.3913E-18
     7   14    0.9670372E+02    0.3156E-06    0.1248E-21
     8   16    0.9670367E+02    0.1578E-06    0.3046E-25
     9   18    0.9670367E+02    0.2367E-06    0.5875E-29
    10   20    0.9670371E+02    0.2367E-06    0.9180E-33
