     n    m      integral       rel error     err const

     1    2    0.2754090E+00    0.5199E-01    0.2782E+00
     2    4    0.2901222E+00    0.1343E-02    0.5457E-01
     3    6    0.2905045E+00    0.2739E-04    0.9089E-02
     4    8    0.2905124E+00    0.1026E-06    0.1394E-02
     5   10    0.2905125E+00    0.3078E-06    0.2033E-03
     6   12    0.2905124E+00    0.0000E+00    0.2868E-04
     7   14    0.2905126E+00    0.6155E-06    0.3950E-05
     8   16    0.2905124E+00    0.0000E+00    0.5343E-06
     9   18    0.2905126E+00    0.7181E-06    0.7128E-07
    10   20    0.2905125E+00    0.2052E-06    0.9403E-08
