  0.000000000000000E+000   4.00000000000000     
  0.100000000000000        4.28681382232121     
  0.200000000000000        4.38639715651073     
  0.300000000000000        4.48438887285961     
  0.400000000000000        2.53977102202245     
  0.500000000000000        2.63192209134903     
  0.600000000000000        2.71967807799200     
  0.700000000000000        2.80231102621554     
  0.800000000000000        2.87903781507974     
  0.900000000000000        2.58485455706647     
   1.00000000000000        2.64719417353133     
   1.10000000000000        2.70109384988986     
   1.20000000000000        2.74660396809598     
   1.30000000000000        2.78310807483060     
   1.40000000000000        2.71977037735258     
   1.50000000000000        2.73674645439446     
   1.60000000000000        2.74460672057752     
   1.70000000000000        2.74128156849348     
   1.80000000000000        2.72838727281185     
   1.90000000000000        2.70201305950115     
   2.00000000000000        2.66987569544857     
   2.10000000000000        2.62792115302054     
   2.20000000000000        2.57847460055159     
   2.30000000000000        2.51924505944475     
   2.40000000000000        2.41320688648578     
   2.50000000000000        2.33934161194869     
   2.60000000000000        2.25971765731209     
   2.70000000000000        2.17421395258872     
   2.80000000000000        2.08358513438426     
   2.90000000000000        2.11435606173245     
   3.00000000000000        2.01726708223489     
   3.10000000000000        1.91826691322153     
   3.20000000000000        1.81836892437995     
   3.30000000000000        1.71854120104010     
   3.40000000000000        1.32836133480635     
   3.50000000000000        1.23150085986742     
   3.60000000000000        1.13790446584124     
   3.70000000000000        1.04831554849968     
   3.80000000000000       0.963471747351860     
   3.90000000000000        1.03088713800943     
   4.00000000000000       0.957843449192798     
   4.10000000000000       0.892180764781032     
   4.20000000000000       0.835304940130583     
   4.30000000000000       0.785924364603947     
   4.40000000000000       0.887029665981408     
   4.50000000000000       0.856054685403527     
   4.60000000000000       0.834927850054289     
   4.70000000000000       0.823396715319923     
   4.80000000000000       0.823104776723288     
   4.90000000000000       0.857890580352768     
   5.00000000000000       0.876969436641926     
   5.10000000000000       0.904656690943271     
   5.20000000000000       0.942881165915995     
   5.30000000000000       0.990279756565053     
   5.40000000000000        1.00718866737206     
   5.50000000000000        1.07098374313551     
   5.60000000000000        1.14158371594249     
   5.70000000000000        1.21937336868270     
   5.80000000000000        1.30244539496850     
   5.90000000000000        1.44476102451312     
   6.00000000000000        1.53776305614594     
   6.10000000000000        1.63363707279920     
   6.20000000000000        1.73186174603117     
   6.30000000000000        1.83153151308632     
   6.40000000000000        1.94401054741955     
   6.50000000000000        2.04333404251067     
   6.60000000000000        2.14101598017140     
   6.70000000000000        2.23625827593699     
   6.80000000000000        2.32777860352301     
   6.90000000000000        2.40282544297944     
   7.00000000000000        2.48476841554614     
   7.10000000000000        2.56041705705642     
   7.20000000000000        2.62923521542626     
   7.30000000000000        2.68993258253093     
   7.40000000000000        2.76320880087602     
   7.50000000000000        2.80762020373006     
   7.60000000000000        2.84160046677153     
   7.70000000000000        2.86704540705619     
   7.80000000000000        2.88312267413865     
   7.90000000000000        2.91706723011824     
   8.00000000000000        2.91220203746494     
   8.10000000000000        2.89839090603285     
   8.20000000000000        2.87386219812091     
   8.30000000000000        2.84015650913601     
   8.40000000000000        2.81080587260853     
   8.50000000000000        2.75892059357588     
   8.60000000000000        2.69768810533086     
   8.70000000000000        2.62957454060271     
   8.80000000000000        2.55529370995134     
   8.90000000000000        2.47695195390678     
   9.00000000000000        2.39036786512530     
   9.10000000000000        2.29926267986524     
   9.20000000000000        2.20460417041071     
   9.30000000000000        2.10715849697930     
   9.40000000000000        1.99779758676282     
   9.50000000000000        1.89781788978164     
   9.60000000000000        1.79808424903678     
   9.70000000000000        1.69951596297919     
   9.80000000000000        1.60327481915811     
   9.90000000000000        1.47798275704628     
   10.0000000000000        1.38901822429604     
   10.1000000000000        1.30491021101326     
   10.2000000000000        1.22625903622498     
   10.3000000000000        1.15498843564072     
   10.4000000000000        1.13083554044747     
   10.5000000000000        1.07435877982230     
   10.6000000000000        1.02678509579897     
   10.7000000000000       0.988138411008927     
   10.8000000000000       0.959020654799663     
   10.9000000000000       0.954126304473969     
   11.0000000000000       0.944430124296444     
   11.1000000000000       0.944182724525381     
   11.2000000000000       0.954494205541379     
   11.3000000000000       0.974834217944403     
   11.4000000000000        1.02953289980165     
   11.5000000000000        1.06936941497017     
   11.6000000000000        1.11730935761202     
   11.7000000000000        1.17403478184293     
   11.8000000000000        1.23841474347573     
   11.9000000000000        1.31004390167965     
   12.0000000000000        1.38880838445707     
   12.1000000000000        1.47284385104389     
   12.2000000000000        1.56238389705468     
   12.3000000000000        1.65556923625956     
   12.4000000000000        1.77734638183644     
   12.5000000000000        1.87598108138048     
   12.6000000000000        1.97571777615227     
   12.7000000000000        2.07565854894264     
   12.8000000000000        2.17486718795622     
   12.9000000000000        2.26158795616508     
   13.0000000000000        2.35588424795739     
   13.1000000000000        2.44693188723437     
   13.2000000000000        2.53316824375018     
   13.3000000000000        2.61346010713788     
   13.4000000000000        2.67889014314952     
   13.5000000000000        2.74579846877772     
   13.6000000000000        2.80573964715180     
   13.7000000000000        2.85704546348533     
   13.8000000000000        2.89970355279817     
   13.9000000000000        2.93377806470694     
   14.0000000000000        2.95718194941888     
   14.1000000000000        2.97076782511112     
   14.2000000000000        2.97480543051351     
   14.3000000000000        2.96828951857194     
   14.4000000000000        2.95729821310500     
   14.5000000000000        2.92982998096126     
   14.6000000000000        2.89471867202685     
   14.7000000000000        2.84995404981580     
   14.8000000000000        2.79685390653199     
   14.9000000000000        2.74336760963423     
   15.0000000000000        2.67371277133175     
   15.1000000000000        2.59749107707238     
   15.2000000000000        2.51557677432788     
   15.3000000000000        2.42787043774780     
   15.4000000000000        2.30852208108917     
   15.5000000000000        2.21301937697315     
   15.6000000000000        2.11510615188195     
   15.7000000000000        2.01572864142977     
   15.8000000000000        1.91572974897284     
   15.9000000000000        1.82981580032330     
   16.0000000000000        1.73158730008977     
   16.1000000000000        1.63597545678669     
   16.2000000000000        1.54379774231249     
   16.3000000000000        1.45560421383071     
   16.4000000000000        1.35642438193379     
   16.5000000000000        1.27963962362621     
   16.6000000000000        1.20906117068696     
   16.7000000000000        1.14647093943290     
   16.8000000000000        1.09197923431630     
   16.9000000000000        1.04973613445854     
   17.0000000000000        1.01320028799072     
   17.1000000000000       0.984453269424417     
   17.2000000000000       0.966344314106353     
   17.3000000000000       0.958028785174027     
   17.4000000000000       0.956963170465797     
   17.5000000000000       0.968954444410205     
   17.6000000000000       0.989821623606867     
   17.7000000000000        1.02158114458222     
   17.8000000000000        1.06247552113963     
   17.9000000000000        1.12694092721271     
   18.0000000000000        1.18480621118968     
   18.1000000000000        1.25091387564536     
   18.2000000000000        1.32433377325705     
   18.3000000000000        1.40417425041471     
   18.4000000000000        1.49272494220646     
   18.5000000000000        1.58305478371252     
   18.6000000000000        1.67681810156189     
   18.7000000000000        1.77391190307766     
   18.8000000000000        1.87306912902338     
   18.9000000000000        1.97248075091953     
   19.0000000000000        2.07236395455996     
   19.1000000000000        2.17115505693239     
   19.2000000000000        2.26801229228185     
   19.3000000000000        2.36215077773112     
   19.4000000000000        2.44890548246622     
   19.5000000000000        2.53412603055181     
   19.6000000000000        2.61343072957241     
   19.7000000000000        2.68655958759603     
   19.8000000000000        2.75214928642261     
   19.9000000000000        2.80132907962357     
   20.0000000000000        2.85116793805677     
   20.1000000000000        2.89212873308455     
   20.2000000000000        2.92322276893771     
   20.3000000000000        2.94445800313796     
   20.4000000000000        2.95728744560997     
   20.5000000000000        2.95979727893308     
   20.6000000000000        2.95198788802597     
   20.7000000000000        2.93470062074990     
   20.8000000000000        2.90683344266512     
   20.9000000000000        2.86785248062632     
   21.0000000000000        2.82180849594040     
   21.1000000000000        2.76702585978238     
   21.2000000000000        2.70460038151939     
   21.3000000000000        2.63430705049214     
   21.4000000000000        2.56507267883064     
   21.5000000000000        2.48164910691899     
   21.6000000000000        2.39316600052372     
   21.7000000000000        2.30071077695840     
   21.8000000000000        2.20489223116924     
   21.9000000000000        2.10790605196417     
   22.0000000000000        2.00832952196199     
   22.1000000000000        1.90833392852575     
   22.2000000000000        1.80898240800605     
   22.3000000000000        1.71100354941209     
   22.4000000000000        1.62802039349940     
   22.5000000000000        1.53597620726856     
   22.6000000000000        1.44859432226460     
   22.7000000000000        1.36680029905483     
   22.8000000000000        1.29083651644830     
   22.9000000000000        1.22115400403913     
   23.0000000000000        1.16019675788976     
   23.1000000000000        1.10720479139308     
   23.2000000000000        1.06212231383821     
   23.3000000000000        1.02704237253002     
   23.4000000000000       0.989691246474948     
   23.5000000000000       0.972560038896643     
   23.6000000000000       0.966725470437242     
   23.7000000000000       0.969964605704238     
   23.8000000000000       0.983338537423350     
   23.9000000000000        1.01472007411016     
   24.0000000000000        1.04766411259405     
   24.1000000000000        1.09020007111949     
   24.2000000000000        1.14176869487434     
   24.3000000000000        1.20191333017366     
   24.4000000000000        1.27482442076932     
   24.5000000000000        1.34893963259883     
   24.6000000000000        1.42996028910764     
   24.7000000000000        1.51629969375330     
   24.8000000000000        1.60701896775125     
   24.9000000000000        1.70312474422483     
