THE INPUT IS  

KCOL =  5, NINT =  10, ATOL(1) =0.10E-05, RTOL(1) =0.10E-05

TOUT = 0.10E+01

IDID =    1

THE OUTPUT IS  

KCOL =  5, NINT =  27

     XOUT         UOUT(1)       EXACTU(1)     UOUT(2)       EXACTU(2)

   -0.3000E+02   -0.7507E-09   -0.4710E-19   -0.1329E-08   -0.1943E-18

   -0.2880E+02    0.1289E-09    0.3866E-18    0.2649E-09   -0.1020E-17

   -0.2760E+02    0.1133E-08    0.4886E-17    0.1981E-08   -0.3405E-17

   -0.2640E+02    0.1141E-08    0.3250E-16    0.1806E-08   -0.2805E-18

   -0.2520E+02    0.2107E-09    0.1473E-15   -0.2356E-10    0.9890E-16

   -0.2400E+02   -0.1042E-08    0.3586E-15   -0.2255E-08    0.8994E-15

   -0.2280E+02   -0.1917E-08   -0.1156E-14   -0.3552E-08    0.5157E-14

   -0.2160E+02   -0.1949E-08   -0.2110E-13   -0.3117E-08    0.1967E-13

   -0.2040E+02   -0.1075E-08   -0.1556E-12   -0.1006E-08    0.2356E-13

   -0.1920E+02    0.3465E-09   -0.7737E-12    0.1863E-08   -0.3735E-12

   -0.1800E+02    0.1669E-08   -0.2334E-11    0.4009E-08   -0.4067E-11

   -0.1680E+02    0.2242E-08    0.2019E-11    0.3996E-08   -0.2551E-10

   -0.1560E+02    0.1848E-08    0.8772E-10    0.1342E-08   -0.1087E-09

   -0.1440E+02    0.1286E-08    0.7301E-09   -0.2252E-08   -0.2193E-09

   -0.1320E+02    0.3111E-08    0.3965E-08   -0.1382E-08    0.1262E-08

   -0.1200E+02    0.1226E-07    0.1397E-07    0.1495E-07    0.1790E-07

   -0.1080E+02    0.1365E-07    0.7755E-08    0.1283E-06    0.1237E-06

   -0.9600E+01   -0.3550E-06   -0.3463E-06    0.5774E-06    0.5811E-06

   -0.8400E+01   -0.3368E-05   -0.3351E-05    0.1546E-05    0.1551E-05

   -0.7200E+01   -0.1990E-04   -0.1987E-04   -0.3318E-05   -0.3342E-05

   -0.6000E+01   -0.7922E-04   -0.7922E-04   -0.7624E-04   -0.7629E-04

   -0.4800E+01   -0.1218E-03   -0.1217E-03   -0.5878E-03   -0.5878E-03

   -0.3600E+01    0.1263E-02    0.1263E-02   -0.3023E-02   -0.3023E-02

   -0.2400E+01    0.1500E-01    0.1500E-01   -0.9724E-02   -0.9724E-02

   -0.1200E+01    0.9737E-01    0.9737E-01    0.2435E-02    0.2435E-02

    0.0000E+00    0.4078E+00    0.4078E+00    0.2943E+00    0.2943E+00

    0.1200E+01    0.3569E+00    0.3569E+00    0.9907E+00    0.9907E+00

    0.2400E+01   -0.7465E-01   -0.7465E-01    0.2873E+00    0.2873E+00

    0.3600E+01   -0.4177E-01   -0.4177E-01    0.3638E-01    0.3638E-01

    0.4800E+01   -0.1009E-01   -0.1009E-01    0.1182E-02    0.1181E-02

    0.6000E+01   -0.1648E-02   -0.1648E-02   -0.8647E-03   -0.8649E-03

    0.7200E+01   -0.1597E-03   -0.1597E-03   -0.3012E-03   -0.3012E-03

    0.8400E+01    0.7003E-05    0.7020E-05   -0.6207E-04   -0.6207E-04

    0.9600E+01    0.7476E-05    0.7483E-05   -0.8661E-05   -0.8660E-05

    0.1080E+02    0.2024E-05    0.2028E-05   -0.5428E-06   -0.5354E-06

    0.1200E+02    0.3577E-06    0.3620E-06    0.1340E-06    0.1288E-06

    0.1320E+02    0.6461E-07    0.4142E-07    0.6969E-07    0.5693E-07

    0.1440E+02    0.6812E-08    0.3738E-09    0.1319E-07    0.1289E-07

    0.1560E+02   -0.7927E-08   -0.1277E-08   -0.3142E-08    0.1988E-08

    0.1680E+02   -0.6864E-08   -0.3989E-09   -0.3913E-08    0.1685E-09

    0.1800E+02   -0.3938E-08   -0.7775E-10   -0.1986E-08   -0.1578E-10

    0.1920E+02   -0.4207E-08   -0.1013E-10   -0.2321E-08   -0.1043E-10

    0.2040E+02   -0.7511E-08   -0.4521E-12   -0.5166E-08   -0.2625E-11

    0.2160E+02   -0.1138E-07    0.2032E-12   -0.8596E-08   -0.4437E-12

    0.2280E+02   -0.1317E-07    0.7662E-13   -0.1039E-07   -0.4607E-13

    0.2400E+02   -0.1142E-07    0.1635E-13   -0.9253E-08    0.9599E-15

    0.2520E+02   -0.6488E-08    0.2374E-14   -0.5386E-08    0.1837E-14

    0.2640E+02   -0.3547E-09    0.1689E-15   -0.3919E-09    0.5234E-15

    0.2760E+02    0.4274E-08   -0.2860E-16    0.3467E-08    0.9662E-16

    0.2880E+02    0.5669E-08   -0.1432E-16    0.4677E-08    0.1165E-16

    0.3000E+02    0.5533E-08   -0.3371E-17    0.4528E-08    0.2803E-18

    0.3120E+02    0.7331E-08   -0.5388E-18    0.5883E-08   -0.3064E-18

    0.3240E+02    0.8234E-08   -0.4978E-19    0.6547E-08   -0.1021E-18

    0.3360E+02    0.8353E-08    0.3032E-20    0.6606E-08   -0.2058E-19

    0.3480E+02    0.7884E-08    0.2588E-20    0.6210E-08   -0.2799E-20

    0.3600E+02    0.6996E-08    0.6809E-21    0.5493E-08   -0.1555E-21

    0.3720E+02    0.5831E-08    0.1191E-21    0.4564E-08    0.4693E-22

    0.3840E+02    0.4510E-08    0.1315E-22    0.3516E-08    0.1941E-22

    0.3960E+02    0.3129E-08   -0.1997E-25    0.2425E-08    0.4296E-23

    0.4080E+02    0.1768E-08   -0.4475E-24    0.1353E-08    0.6476E-24

    0.4200E+02    0.4873E-09   -0.1347E-24    0.3455E-09    0.5163E-25

    0.4320E+02   -0.6668E-09   -0.2571E-25   -0.5604E-09   -0.6123E-26

    0.4440E+02   -0.1662E-08   -0.3254E-26   -0.1341E-08   -0.3585E-26

    0.4560E+02   -0.2478E-08   -0.1211E-27   -0.1979E-08   -0.8788E-27

    0.4680E+02   -0.3106E-08    0.7260E-28   -0.2469E-08   -0.1454E-27

    0.4800E+02   -0.3542E-08    0.2602E-28   -0.2808E-08   -0.1448E-28

    0.4920E+02   -0.3794E-08    0.5433E-29   -0.3003E-08    0.5027E-30

    0.5040E+02   -0.3874E-08    0.7696E-30   -0.3063E-08    0.6381E-30

    0.5160E+02   -0.3798E-08    0.5036E-31   -0.3000E-08    0.1761E-30

    0.5280E+02   -0.3586E-08   -0.1060E-31   -0.2831E-08    0.3184E-31

    0.5400E+02   -0.3262E-08   -0.4898E-32   -0.2574E-08    0.3718E-32

    0.5520E+02   -0.2848E-08   -0.1125E-32   -0.2247E-08    0.5556E-34

    0.5640E+02   -0.2371E-08   -0.1759E-33   -0.1870E-08   -0.1080E-33

    0.5760E+02   -0.1853E-08   -0.1543E-34   -0.1463E-08   -0.3453E-34

    0.5880E+02   -0.1320E-08    0.1240E-35   -0.1043E-08   -0.6818E-35

    0.6000E+02   -0.7921E-09    0.8928E-36   -0.6270E-09   -0.9028E-36

    0.6120E+02   -0.2898E-09    0.2284E-36   -0.2317E-09   -0.4415E-37

    0.6240E+02    0.1700E-09    0.3911E-37    0.1301E-09    0.1695E-37

    0.6360E+02    0.5728E-09    0.4160E-38    0.4472E-09    0.6610E-38

    0.6480E+02    0.9077E-09   -0.5476E-40    0.7108E-09    0.1430E-38

    0.6600E+02    0.1167E-08   -0.1562E-39    0.9150E-09    0.2106E-39

    0.6720E+02    0.1346E-08   -0.4540E-40    0.1057E-08    0.1568E-40

    0.6840E+02    0.1445E-08   -0.8488E-41    0.1135E-08   -0.2326E-41

    0.6960E+02    0.1466E-08   -0.1043E-41    0.1152E-08   -0.1230E-41

    0.7080E+02    0.1414E-08   -0.3047E-43    0.1112E-08   -0.2939E-42

    0.7200E+02    0.1298E-08    0.2580E-43    0.1022E-08   -0.4759E-43

    0.7320E+02    0.1130E-08    0.8825E-44    0.8910E-09   -0.4528E-44

    0.7440E+02    0.9233E-09    0.1803E-44    0.7291E-09    0.2282E-45

    0.7560E+02    0.6916E-09    0.2490E-45    0.5479E-09    0.2210E-45

    0.7680E+02    0.4511E-09    0.1479E-46    0.3597E-09    0.5919E-46

    0.7800E+02    0.2177E-09   -0.3886E-47    0.1770E-09    0.1048E-46

    0.7920E+02    0.6465E-11   -0.1672E-47    0.1149E-10    0.1183E-47

    0.8040E+02   -0.1689E-09   -0.3752E-48   -0.1260E-09    0.5893E-50

    0.8160E+02   -0.2975E-09   -0.5735E-49   -0.2270E-09   -0.3793E-49

    0.8280E+02   -0.3717E-09   -0.4749E-50   -0.2855E-09   -0.1167E-49

    0.8400E+02   -0.3891E-09    0.4890E-51   -0.2995E-09   -0.2256E-50

    0.8520E+02   -0.3531E-09    0.3073E-51   -0.2718E-09   -0.2905E-51

    0.8640E+02   -0.2748E-09    0.7653E-52   -0.2110E-09   -0.1214E-52

    0.8760E+02   -0.1740E-09    0.1283E-52   -0.1325E-09    0.6082E-53

    0.8880E+02   -0.8105E-10    0.1311E-53   -0.6005E-10    0.2247E-53

    0.9000E+02   -0.3840E-10   -0.3424E-55   -0.2679E-10    0.4754E-54

     XOUT         UOUT(3)       EXACTU(3)     UOUT(4)       EXACTU(4)

   -0.3000E+02    0.4367E-09    0.1847E-18   -0.1134E-08   -0.7651E-19

   -0.2880E+02   -0.8021E-09    0.1776E-18    0.6786E-09    0.1077E-17

   -0.2760E+02   -0.1741E-08   -0.5943E-17    0.2477E-08   -0.3910E-18

   -0.2640E+02   -0.8461E-09    0.9448E-17    0.1976E-08   -0.3110E-16

   -0.2520E+02    0.1244E-08    0.1536E-15   -0.3923E-09    0.8878E-16

   -0.2400E+02    0.3077E-08   -0.6623E-15   -0.3025E-08    0.7063E-15

   -0.2280E+02    0.3380E-08   -0.2933E-14   -0.4310E-08   -0.4396E-14

   -0.2160E+02    0.1681E-08    0.2700E-13   -0.3383E-08   -0.1014E-13

   -0.2040E+02   -0.1436E-08    0.2039E-13   -0.4899E-09    0.1561E-12

   -0.1920E+02   -0.4447E-08   -0.8549E-12    0.3049E-08   -0.8520E-13

   -0.1800E+02   -0.5369E-08    0.1513E-11    0.5267E-08   -0.4438E-11

   -0.1680E+02   -0.2618E-08    0.2171E-10    0.4387E-08    0.1355E-10

   -0.1560E+02    0.3775E-08   -0.9892E-10    0.3926E-10    0.9862E-10

   -0.1440E+02    0.1057E-07   -0.4015E-09   -0.5108E-08   -0.6481E-09

   -0.1320E+02    0.9354E-08    0.3943E-08   -0.3334E-08   -0.1330E-08

   -0.1200E+02   -0.1594E-07    0.2182E-08    0.2020E-07    0.2260E-07

   -0.1080E+02   -0.9974E-07   -0.1229E-06   -0.5456E-08   -0.1643E-07

   -0.9600E+01    0.2248E-06    0.2397E-06   -0.6488E-06   -0.6326E-06

   -0.8400E+01    0.3049E-05    0.3065E-05    0.2074E-05    0.2058E-05

   -0.7200E+01   -0.1476E-04   -0.1474E-04    0.1380E-04    0.1374E-04

   -0.6000E+01   -0.5475E-04   -0.5475E-04   -0.9530E-04   -0.9539E-04

   -0.4800E+01    0.5749E-03    0.5749E-03   -0.1727E-03   -0.1727E-03

   -0.3600E+01    0.2050E-03    0.2050E-03    0.3269E-02    0.3270E-02

   -0.2400E+01   -0.1763E-01   -0.1763E-01   -0.2965E-02   -0.2965E-02

   -0.1200E+01    0.3755E-01    0.3755E-01   -0.8987E-01   -0.8987E-01

    0.0000E+00    0.4078E+00    0.4078E+00    0.2943E+00    0.2943E+00

    0.1200E+01   -0.7940E+00   -0.7940E+00    0.6917E+00    0.6917E+00

    0.2400E+01   -0.1390E+00   -0.1390E+00   -0.2623E+00   -0.2623E+00

    0.3600E+01    0.5356E-01    0.5356E-01   -0.1414E-01   -0.1414E-01

    0.4800E+01    0.2946E-03    0.2943E-03    0.1015E-01    0.1015E-01

    0.6000E+01   -0.1824E-02   -0.1824E-02   -0.3699E-03   -0.3701E-03

    0.7200E+01    0.1418E-03    0.1419E-03   -0.3099E-03   -0.3100E-03

    0.8400E+01    0.4942E-04    0.4940E-04    0.3829E-04    0.3823E-04

    0.9600E+01   -0.8872E-05   -0.8878E-05    0.7223E-05    0.7223E-05

    0.1080E+02   -0.8944E-06   -0.9192E-06   -0.1971E-05   -0.1885E-05

    0.1200E+02    0.3515E-06    0.3746E-06   -0.1722E-07   -0.8556E-07

    0.1320E+02    0.4709E-07   -0.3272E-09    0.6550E-07    0.7040E-07

    0.1440E+02   -0.2394E-08   -0.1255E-07    0.3193E-07   -0.2989E-08

    0.1560E+02   -0.1375E-07    0.1056E-08    0.2929E-08   -0.2114E-08

    0.1680E+02   -0.1200E-07    0.3333E-09   -0.1697E-07    0.2764E-09

    0.1800E+02   -0.9425E-08   -0.6319E-10   -0.2708E-07    0.4797E-10

    0.1920E+02   -0.9961E-08   -0.5929E-11   -0.2904E-07   -0.1327E-10

    0.2040E+02   -0.1284E-07    0.2615E-11   -0.2553E-07   -0.5054E-12

    0.2160E+02   -0.1542E-07   -0.1867E-13   -0.1934E-07    0.4876E-12

    0.2280E+02   -0.1524E-07   -0.8623E-13   -0.1270E-07   -0.2363E-13

    0.2400E+02   -0.1126E-07    0.7806E-14   -0.6924E-08   -0.1440E-13

    0.2520E+02   -0.4366E-08    0.2245E-14   -0.2278E-08    0.1992E-14

    0.2640E+02    0.2997E-08   -0.4490E-15    0.1763E-08    0.3176E-15

    0.2760E+02    0.7893E-08   -0.3798E-16    0.6035E-08   -0.9333E-16

    0.2880E+02    0.8811E-08    0.1823E-16    0.1090E-07   -0.2892E-17

    0.3000E+02    0.8354E-08   -0.2430E-18    0.1515E-07    0.3374E-17

    0.3120E+02    0.1058E-07   -0.5919E-18    0.1671E-07   -0.1838E-18

    0.3240E+02    0.1155E-07    0.5744E-19    0.1677E-07   -0.9796E-19

    0.3360E+02    0.1143E-07    0.1509E-19    0.1575E-07    0.1433E-19

    0.3480E+02    0.1052E-07   -0.3184E-20    0.1395E-07    0.2096E-20

    0.3600E+02    0.9069E-08   -0.2414E-21    0.1164E-07   -0.6554E-21

    0.3720E+02    0.7270E-08    0.1270E-21    0.9046E-08   -0.1579E-22

    0.3840E+02    0.5298E-08   -0.2470E-23    0.6352E-08    0.2332E-22

    0.3960E+02    0.3291E-08   -0.4058E-23    0.3703E-08   -0.1411E-23

    0.4080E+02    0.1356E-08    0.4207E-24    0.1214E-08   -0.6653E-24

    0.4200E+02   -0.4219E-09    0.1012E-24   -0.1030E-08    0.1028E-24

    0.4320E+02   -0.1984E-08   -0.2255E-25   -0.2968E-08    0.1378E-25

    0.4440E+02   -0.3289E-08   -0.1520E-26   -0.4562E-08   -0.4597E-26

    0.4560E+02   -0.4314E-08    0.8835E-27   -0.5794E-08   -0.7976E-28

    0.4680E+02   -0.5052E-08   -0.2255E-28   -0.6661E-08    0.1610E-27

    0.4800E+02   -0.5508E-08   -0.2778E-28   -0.7175E-08   -0.1072E-28

    0.4920E+02   -0.5695E-08    0.3070E-29   -0.7357E-08   -0.4511E-29

    0.5040E+02   -0.5637E-08    0.6771E-30   -0.7241E-08    0.7355E-30

    0.5160E+02   -0.5363E-08   -0.1594E-30   -0.6863E-08    0.9019E-31

    0.5280E+02   -0.4908E-08   -0.9456E-32   -0.6267E-08   -0.3220E-31

    0.5400E+02   -0.4308E-08    0.6139E-32   -0.5498E-08   -0.3467E-33

    0.5520E+02   -0.3601E-08   -0.1937E-33   -0.4603E-08    0.1110E-32

    0.5640E+02   -0.2825E-08   -0.1900E-33   -0.3629E-08   -0.8077E-34

    0.5760E+02   -0.2017E-08    0.2232E-34   -0.2620E-08   -0.3053E-34

    0.5880E+02   -0.1213E-08    0.4519E-35   -0.1619E-08    0.5254E-35

    0.6000E+02   -0.4433E-09   -0.1126E-35   -0.6620E-09    0.5877E-36

    0.6120E+02    0.2635E-09   -0.5800E-37    0.2166E-09   -0.2253E-36

    0.6240E+02    0.8845E-09    0.4261E-37    0.9896E-09   -0.9709E-39

    0.6360E+02    0.1401E-08   -0.1601E-38    0.1635E-08    0.7644E-38

    0.6480E+02    0.1801E-08   -0.1297E-38    0.2138E-08   -0.6038E-39

    0.6600E+02    0.2075E-08    0.1617E-39    0.2490E-08   -0.2063E-39

    0.6720E+02    0.2223E-08    0.3008E-40    0.2688E-08    0.3745E-40

    0.6840E+02    0.2247E-08   -0.7934E-41    0.2737E-08    0.3809E-41

    0.6960E+02    0.2157E-08   -0.3493E-42    0.2646E-08   -0.1574E-41

    0.7080E+02    0.1965E-08    0.2954E-42    0.2433E-08    0.3206E-44

    0.7200E+02    0.1690E-08   -0.1287E-43    0.2117E-08    0.5258E-43

    0.7320E+02    0.1351E-08   -0.8846E-44    0.1723E-08   -0.4485E-44

    0.7440E+02    0.9739E-09    0.1169E-44    0.1280E-08   -0.1392E-44

    0.7560E+02    0.5832E-09    0.1997E-45    0.8181E-09    0.2665E-45

    0.7680E+02    0.2054E-09   -0.5586E-46    0.3678E-09    0.2454E-46

    0.7800E+02   -0.1342E-09   -0.2053E-47   -0.4050E-10   -0.1099E-46

    0.7920E+02   -0.4122E-09    0.2046E-47   -0.3792E-09    0.9107E-49

    0.8040E+02   -0.6088E-09   -0.1014E-48   -0.6248E-09    0.3613E-48

    0.8160E+02   -0.7096E-09   -0.6024E-49   -0.7600E-09   -0.3314E-49

    0.8280E+02   -0.7075E-09    0.8420E-50   -0.7758E-09   -0.9370E-50

    0.8400E+02   -0.6045E-09    0.1321E-50   -0.6738E-09    0.1892E-50

    0.8520E+02   -0.4139E-09   -0.3927E-51   -0.4690E-09    0.1570E-51

    0.8640E+02   -0.1627E-09   -0.1166E-52   -0.1918E-09   -0.7660E-52

    0.8760E+02    0.1059E-09    0.1415E-52    0.1086E-09    0.1108E-53

    0.8880E+02    0.3304E-09   -0.7868E-54    0.3615E-09    0.2479E-53

    0.9000E+02    0.4276E-09   -0.4096E-54    0.4716E-09   -0.2436E-54

