8 -1 -1

1.68799275397998433594897833667e-1 6.99509014058876673278726428810e-1
-7.54253434935352078512279020688e-1 1.93777669914642473024571703442
-4.08183789452428603476577432725e-2 -2.26467545292523271735337989314e-1
1.65617064336246242963477645753 1.16210075328278771038803980508
2.92368921270144508030586110666e-1 1.21158515270238648218175962178
0 0

5.33079419012958302897919629131e-1 9.59400898671573440013096098347e-1
-1.50291574443158255269486417632 -7.20993805893159698048412673001e-1
9.77931494953658909879774798733e-2 1.54505348962741056312268452116e-1
3.71500801455396097874793042513e-1 -1.58079237309419939535105567488
0 0
9.23320638199742349114967372823e-1 1.66173110132640539137853367637

9.36744949538221511700420657519e-1 3.27461354360818830594765064605e-2
-1.70819237206724969214436167684 -6.60188625190857618237096707812e-1
2.14520965208283792754433071064e-1 4.40455708415006280102107118365e-3
-1.26777111584623004241309674623 7.93498860317175334469036149845e-1
-1.62248984633374377830428129227 -5.67179703268254553716073775078e-2
0 0

8.27747136847183305739613898361e-1 1.00205889229107512392712577050e-1
-9.79260768192652001394006953831e-1 -1.46987043623388395136976708976e-1
8.53529228822961439462735907771e-2 -2.06680799929188122346833043838e-2
-1.11626391394246407237118922540e-1 5.30604148094664430576757144400e-1
0 0
-1.43370009683898983131794437719 -1.73561691362433129789726088125e-1

9.37877850237787561274041622274e-2 7.76083842621965446306738808826e-1
-5.00102213372927879236897578721e-1 1.62577065466066411971706667473
-5.01718060235638888522210000395e-2 -1.66732855138695366782198398260e-1
1.47589739303814552624248455559 5.94535503008613730601160510912e-1
0 0
1.62445208790532250050187797508e-1 1.34421664635453272314286643229

7.97574431308721070737643372027e-1 5.88432107204254319590934557722e-1
1.47994485543357649684721461534 8.53851227392371439674945618328e-1
-1.60071381146109070488135618952e-1 -1.22157105591713489763858292312e-1
6.76804710720737915279276942319e-1 8.77752497529768890741982929583e-1
-1.38143943784455838057863669368 -1.01919430648258487265172246818
0 0

8.52457799559781704384107289864e-1 8.37932832509116994869253123320e-1
-2.47073777273450696168463054637 -1.30926673843126912460751712707
1.85733684588842156746158209719e-1 2.32027613993420670627173437049e-1
2.02573158444703504849490666623e-1 -2.07698106606154148045110666804
1.47650022014590803168225942471 1.45134223923589288773627821253
0 0

8.74079440802895161863988280491e-1 3.12958010954301182065506866563e-1
4.56973185278680289564197572037e-1 -7.67046078938865487965404690127e-2
-8.44444612807545187534969851160e-2 -1.78844927845280056984475580614e-2
7.81494457322939745357536101337e-1 3.92954630667551592286734112942e-1
0 0
-1.51395000132200723965485127495 -5.42059175608546908777030856172e-1


1 6
4.255647534174754742823675545721856624082143739108750258930076562610233785348292236470054695638807784967851193968802638564178144944194314195181314590577870660351913870770320939530294507946630439961998113274085402457940723116401306452220876452072144229078105366844477491044516530172998337911052185216285733414019e-1 7.480696784073024539810810913217905268067667441141071141527613281229546971622824533645919641819759995050969171149413070734170057047066931048420219593420769268806637553924239882673329053390590885026631304009924806527261065630180177730794544656661259939232556899068765370834465044836339051486728529658593250525153e-1
-4.492066183832659765394886269313612493744466035359929191476128168482731263178663466954553375884523325364424751252779664737697116197373430079091321033018231306317972520943527837374927910503589473474762673151661504772687597754268214442826664354464880005078009199682461244450845543744297789185392085074925920651198e-1 7.292957870809209975144208866450831209122723452294220274182666820405208313462777172242690074845542168786016914028435492946913064607272586000864779270057345522043093069804215927245788257142867091140349925973252924472134893731607994764095903276403763313132011202111154789494570976921271850487119900475595480674182e-1
-4.190245890702789525462992717412960156518255581530721849653862797133991378269459826353071100673859632781908654750344727678115176676701644333241187788541565310614784354676952929804536748979068496822320154264198298660722170057435499983662029729978581414969385828279075585562837244923180678697494846012694773889501e-1 7.167461535086210065428073322000141208014105648377790880005528682264989928344761155708364232666700720489102883598876697215207766801321912826329753231703860378396435684901421867596371982409201825215571381935790577199957713225185159014930192799992864406887313583927791702950513570911845579283360293083697783084535e-1
8.869171625133715897940449389479938867210737470594842689661033680621085991986240954008264682506609107468432053652546291479509385761119283342015819926095782451894946350672145581842687088168923009664502008174031516391814284028327929117138365912372461635038615145516663236871952668107225162713758833127626380903670e-1 -6.528987418121422779014621961286403735731635271388536708373350811949255439293266932756902002952896019354757934227272752695685167083290946589247702064055409434694455448531594386724315636874684519289139382936185267190973683815099811892087156287309076503259078079189156715731236314121242768167471350939545477606158e-1
5.997159716293840071044168422150299309230618905960548337308425829409060359229710229543942009080608451161703143508734325498336048401382734815057752264621603305334313666179197944825970745775776526117839547379496489096267085262938207692380429203602800770037797741998612006529660362262234140214188871820227918894349e-1 8.720303594447558780573533644425107198336965303153301194468932849310355025898117489687331905112944159347866966595816887240308250096054126977183548508097193192084756337857570654325982753957542921831814845176268181643364814966393930439510190519473129066216378377620869536210537128865184112009804193724633806888788e-1
7.745663663255145908805605693712402836316535416176637476606786221473741340821301230821390921988353504171143747732318366805371144741184289710193763351350013424681813832845419869491307784448748298912642405942012405296603764006176666734188888035609163113511677139552243221834798528324609096024062868671696561573873e-1 3.435850010941909056886226994688298997129352381436048580840409111471658465890033627367321007538199142242826868572923787235639693782892933707444013425715389860046840143049652016315808645373071077149739177759586268083812911669361831393293207202003401826422783824976336791129730984334159648192265934466452719029069e-1


1 6
5.259477117771178897576406236555301538775375339888575836124494336982578318329446026381557760536743667021974025446538130266408075764602013097555057111774678866033361468705383242607269972220610265000796571151380052609773569823885563875179077492087228653033003199919632655260507171945842667702755480938807612460652e-1 -5.173549140287000423146875013531782686147765930110055071634032718012230876401075072586591783190889346559405157163194793745513405682755024917129655854612874293718977083038560778777439491672350131675173118445862303458232359990618995854635835117344601890165853076888360195046171661804840351493950494548126171655109e-1
-1.885555691878134330658880716376912188481957632800394668235747322246560092869606516837383609778526440123839355916688698576267628217588717207426792650297569371400519233598321238151645270687637213884006032899010515059209267875488142149938728406840577633237144935182143213078136744015850514880738854160040869737179e-1 -2.026248179741765897909185721743661581151351330007563921025166926949480982210953035039324598773996863980206836722455576654478705110805333181852298079728775187526129960287133592463037587124852329208084169499568757854574418571922797234379545800894246540972291511112169660477439149761967558776314893225200943186073e-1
3.584423416423688491079316539698001267670684390882236969690574792432122695576157953913710186156315817107278839826466391400601962513916563918707131113462251444352679676171756912556327672209098935836698887264839257088611079480403582037943391688086943762963924003343087233867435704093849169355536503126980037814358e-1 -4.860048207862371348824899233170393868146602446275484599415486791986477095379849452415991962279274852641271913028323784773812713302035578536473314215496769057415917213537513276217629674878092498751383745580442964318572881361972183134852789758999548527890922440809551830059749097510110284258138439109656952548368e-3
1.660716857997404377305880899791798376951522978445351262763822699699592900426708251781536238272699761254783045910140884074655383096574875454577686244595911134006044983774852463583875588616152967534303631132429287473501305918985018977115671108989782924658884161825579976233693064294301768227135892544753600098241e-1 1.413697384297208773347641206254283956235434710959060885523821719023551464096009379734611807580307352019913367660352296223038149961756698654966516988362415968333861667309532135983346218373560198353163577650702129087001411742173277408602322315036059117860348474948940162036960343259518195455967409464737779087342e-1
-3.381972056030903676973033843432262627671655351733377613397219690845220410516406389654822217601116480910807039496257045939737336755932833609680324648285219198322674620295938288659559551259754467373301192789226535802709864268473695887143378774048506383595306309161195929657821628657546528093453877617394547693513e-1 -1.511945265328442893792856636060748049194418216918797951074722087209089524095288261098297217615067807854892754434005522018349303039547085030694315213718236602370172648425626271335530419358278021564856274449835609970440162201735933350793411270004851129066632318348432921504062650036294488106386870127050407603248e-2
-2.964684756617187612141330332429424049800478126200379410324972267225297291886533780111073491298320489671033333147910158116471963796684280610880873977903938684282731660188270543583659580340195067543987636131266521918091607035050370752674479442962867202484825922433417035517043246799032122299181601725988981940572e-1 -2.331593810683537147262626927992568811602912825977803072698126257217735821655753680014074819460311395884342542185040619443241550848713865655976098303096352832009792108616560346998841857890740518251575420811693976582037207402809053806448160057182345316813642124684769964652387522017942140690243248499296552991408e-2


