8

0.157676527814942301148117069242e1 0.704301415182954148297525656299e0
-0.212884331190645299622225337608e1 0.521653242679225447294110611279e0
-0.193729476463294860349999037295e-149 0.377432549385384289003436298180e-149

0.155406740637510967979120854528e1 0.142766848591238650029068826577e1
-0.142766848591238650029068826577e1 0.155406740637510967979120854528e1
-0.126608629840268403245990992026e-28 -0.193649167310370844258963269989e1

-0.107577816193032074758647413257e1 0.737212163991977939131550801031e0
0.737212163991977939131550801031e0 0.107577816193032074758647413257e1
-0.111408054682866950811746717218e-28 -0.193649167310370844258963269989e1

-0.146225612765503835065352835645e1 -0.199548065696552807876562433975e-1
0.345455654791593054971064295901e0 -0.844653656060504176704301479599e-1
-0.129639086206978095121950853234e-150 0.104773299240563669041168810448e-152

0.725026719750585993125623162555e0 0.586620581949239063149487410378e0
-0.146713964485583258739914550589e1 0.289894419907540527975919454089e0
-0.110089797381546272603195919421e-148 -0.556341059485129392875583249754e-148

-0.231399468605387536900907588631e1 -0.137635639803370365935694489306e0
0.100715932184221346379417216607e1 -0.316224188377735336988621305156e0
-0.586673471279380069480712337279e-146 0.497271050228405257840651258458e-146

-0.208586775997807192701362443304e1 0.260681279531436814499224111174e0
-0.260681279531436814499224111174e0 -0.208586775997807192701362443304e1
0.109852195756087548837890015192e-28 0.193649167310370844258963269992e1

0.133119699724378279753079632551e0 -0.129223037867663368919780084401e1
-0.129223037867663368919780084401e1 -0.133119699724378279753079632551e0
0.000000000000000000000000000000e0 0.193649167310370844258963269989e1

