  -0.5443328424916750
   0.7291317809076620
  -0.4148115266664550
   1.0000000000000000
   0.0000000000000000
   0.0000000000000000
   0.0000000000000000
   0.0000000000000000
  -0.3190898168330725
   0.8542071664728298
  -0.4105018946849041
   0.8987631463929238
  -0.2091187495030961
   0.3789945964264358
  -6.9693982320687353E-02
   1.0000000000000000
  -7.0148704440561524E-02
   0.9101315775546833
  -0.4083376921166291
   0.6233481604158142
  -0.2694677580412906
   0.7122966855095518
  -0.1773629896413781
   2.0000000000000000
   0.1838905613313429
   0.8938210887826882
  -0.4089842572771894
   0.2480301741968920
  -0.1976502972007674
   0.8859442831385779
  -0.3384052598267042
   3.0000000000000000
   0.4244780116183401
   0.8061472848858513
  -0.4122438267866621
  -0.1318657509460484
  -6.4863241379294626E-02
   0.8336899528696919
  -0.5323206234304068
   4.0000000000000000
   0.6329949441793352
   0.6521807551498515
  -0.4171062973098953
  -0.4302217964837589
   3.5376477621538886E-02
   0.5622834494105770
  -0.7053332780893888
   5.0000000000000000
   0.7914042302163218
   0.4422386691847926
  -0.4220240560363541
  -0.5960878262689675
   2.8290757825617841E-02
   0.1515281029763694
  -0.7879836104919774
   6.0000000000000000
   0.8842563711166413
   0.1927195944777637
  -0.4253819789835437
  -0.6263870457624042
  -0.1076612222083959
  -0.2724920270859096
  -0.7223547780061083
   7.0000000000000000
   0.9016251423289691
  -7.4531761630289836E-02
  -0.4260482592718257
  -0.5602513380946637
  -0.3277604390116486
  -0.5828745688397192
  -0.4888238637607025
   8.0000000000000000
   0.8415743373507820
  -0.3348880302092617
  -0.4237955190125934
  -0.4570064574384628
  -0.5371579878364885
  -0.6986421509720028
  -0.1204389424074077
   9.0000000000000000
   0.7106898781472937
  -0.5648300034433583
  -0.4193887985022505
  -0.3676198430772359
  -0.6306293413288832
  -0.6127232632258010
   0.3028737154869889
  10.0000000000000000
