3.381637995985402
1.2413292314172881
14.990654073053925
2.4537652900153386
0.2574749282115818
4.8438727680841595E-4
4.909533744767475
0.23622521935067123
0.8767101194268249
0.010444118301515773
0.01509417111040116
0.13652961107655245
3.4461491127652524
2.3122179107707432
2.6761595322859324
1.3718893039651545
0.15359830617623824
11.35867582962702
2.160863612696238
2.1581287713384545
0.002560597748578726
3.917812513757284
0.455698854406588
0.04042882854350012
1.333306886833826
0.6800576550536318
2.3787768539435463
0.7616694396476613
0.5622226386358966
0.4128897449872293
8.744588727990077E-4
0.025440303635928207
0.0020874048475859825
2.9524849888536666
0.06070243037193547
7.233764101906762
1.348207130151546
0.47782606807156
9.955304886290467
0.9193785336539825
1.6611248678972685
0.19719337550299632
0.4740017519252386
3.453890263114026
1.9126899862047972
0.08414035018099732
0.3323181249987297
0.006911859887913897
0.06359768273833172
0.024677863676688398
0.3765073389199677
2.178723310496445
0.0011175952862114967
0.0074823793552759145
0.8103142923583828
0.5309769463939514
0.3386071573197024
5.162975626304451
5.275737337372179E-4
14.65409646912344
0.00731024646015735
0.09641363215961093
0.03594649322190802
0.23878665118330364
2.21202692845756
9.600725547442631E-5
0.006925601402366674
1.6638125966210182
4.204204111385401
0.22409656561623498
0.40480205144310005
8.517519066501308
1.2591210923872656
0.8993771149169872
3.8988589528615116
3.2398459944891047E-4
0.005128633641316149
0.009915073850852364
0.03301221913754927
0.0038154290224060544
0.0022288825290613487
0.003714369053735687
3.5081497178247307
0.33388327801976764
0.008112061443346683
0.02781919154581666
0.46973653037598123
0.20590349502677566
0.7130479730418462
7.527966612955245
39.21845978256503
0.1368387571580008
0.24947058232367833
4.0864550983790755
7.576799363187195
0.3303440631525148
2.953652110101531
0.27658103365301157
4.075358830667115
0.05356130324513214
0.16815908666020893
0.3390010486517767
0.13108451054385983
0.18411603783755637
2.22543000176898
0.44652231558190414
3.87882899006326
0.8104325252048411
0.3194947112318229
1.887069730033734E-4
9.147487389789495
1.881838488158747
0.006021379675357315
0.5387299250212602
1.5789429525939358
0.0051233155355284166
4.106858256078083
0.01970257640140827
0.4043912271876662
0.17330223808443554
0.023198091689663823
6.875500905864694E-5
13.154543668413812
0.49845001543055
1.4548585716909217
0.011706088949130857
0.0054231222785670755
0.3459666303139783
1.760429478136916E-5
0.6506663605184555
30.472636740181215
0.008329469202519525
10.910799964813297
0.3256740966731576
0.6590347090062916
8.549475228512803
0.3451738663219087
0.527389588126008
2.854383066377118
28.923810635564294
1.3188322616046821
0.12224883576221564
0.6728124100055562
3.596609443199489
2.7598538080435575
1.5165065494350278
3.9704895005315923
0.108600043879196
0.5511091294292105
1.4717461913539425
0.39388147333475193
0.1059023897259451
0.8928298504821492
0.047374772271185465
0.21769593618837488
0.02861736609843037
0.6199829705493439
5.259438873081783
0.03760461684529675
0.6923576578866256
1.8692018124754932
0.0012698944570274132
20.44463572229977
1.7650542309805688
0.12317572446684025
0.009436750491574214
1.0570486755713762
3.245199987225714
10.668986608314992
0.5263735634150997
5.034016444085801
16.750063579023823
0.07532658566076417
0.572614167531973
3.2823842889253925
0.046899942609148114
6.574638225620988
0.07249484545871457
0.41564358503307836
0.22343672690944452
0.06578042334351468
0.8261395926671031
0.7255361061485338
0.3206653916473875
10.415485263911524
0.007333232340417884
0.174413247686585
0.6273915947801177
0.4722767660604186
0.23074542711917062
0.186602971358757
3.793862626733601
0.2422400756189791
7.98399975410801
0.06283034059420364
6.099608012256664
0.37710615415551496
6.743464914638289
0.020156359898682582
1.2202768204627388
15.209167585075097
1.5686252705042567
0.0021082746697009915
0.006537949767232223
0.048339781976450634
0.008768969927160765
1.7566925871842058
18.7925008846887
9.123100623634521
11.07255584194464
0.0753263618221242
0.37064741397739387
0.3966543478226418
1.828263480065488
0.07376312355324169
0.333761119232153
0.7426382738793329
0.08939809462123932
0.0028835501783070544
0.41540798675197754
1.0311122303613522
1.6008988303650122
0.812345239630558
7.032415526599411
0.10561023806250587
0.002145399674416636
0.2898541925852037
0.10501984073515602
2.9999481088931557
1.9761555559878425
0.17114842523628446
20.615358210778442
2.336764377692049
0.9778980871231441
1.3011273716475682
1.7552063285454211
0.03938515963872087
0.16996492326024573
0.00837252067512588
3.204002683907807
1.9005156735366444
0.6967606967135934
0.06462370841481024
0.10478305032458535
0.01144770276160114
0.03542770368112955
0.06444965491284967
2.7834512034328123E-4
5.162940109619137
0.7312999325543743
2.094027904921232
2.403607297530453
2.399037732695798
1.5933675072690798
9.96418107068486
0.15947776924497178
0.7320786684881398
1.9253152052933038
4.7932720049436055
0.7916735603503132
0.30402356943250747
30.98536555211855
1.142390479055477
0.13537745475069513
0.1283871406199643
1.3818058874090413
0.0132309275541558
0.09775329703969168
8.791689706467908
0.9027580196717068
0.022692869913002064
0.5053009655521096
1.3028205442701393
3.4532560416209863
0.45661994250585625
4.071964710551338
0.021607965174954908
1.3836091755381361
0.16028479231824416
0.30774588416448645
2.3303367865758697
0.023975962356133657
0.9969488884383996
1.3514010007221335
0.4419433023877343
0.03694613905566062
0.34941807354538723
1.367465131224339
3.334275709243959
2.2284464201386793
0.6015804183356619
1.724110871954339
0.018576477886547524
1.4003869300736742
1.1122309215124002
7.495777239890545
4.0800665055339795
1.0053817466977075
1.5886313615939782
0.5744070010423774
1.9571910048234726
8.382536963771754
2.9550384180768114
0.42100045916564627
0.7442711915590082
2.508015491022031
0.40159306428735236
4.858927369778173
0.10496726629956984
0.109751766505037
3.577547388832513
1.254423544639745
1.1999261486923678
0.009302120372955207
0.08800248241734965
2.278990938527606
1.6187358206663807
12.614447645643613
1.232601236396032
0.9411334725450734
0.17822734328645445
0.8284612101096621
0.8701021860892589
0.30820671301895897
0.6305866849899703
0.13188366170277793
5.2983181130727734
0.6890110846939074
1.721659505207691
0.8635083025115403
5.3883154251502
0.16405801749372745
0.3342093323680302
0.5526503942714228
2.1757434128535347
0.029648205719311375
0.31483193890006433
0.3047245932052956
0.006023828404688501
1.944230356630462
0.0574077244422034
0.09037020865577623
2.38641673616566
0.4043551259854169
0.31236547255283875
0.004645389391897297
8.598260063665106E-6
4.220719980015927
0.27091919961281313
6.182766890151999
0.07996430523142406
0.19415065138393156
0.029130874745367158
1.0621422943943482
0.02731414335093076
1.7264666420960155
1.5743890361407202
0.0699339688719377
0.7359995690196279
0.8325846392456184
0.1448125235577399
0.0038436731178826213
1.9981662328072296
0.9283479191003937
0.12714352090959297
7.094897117628938
0.016479983993392924
8.451261118453887
3.1968860088683795
0.14139023053089067
0.7505733069085297
0.4021686589221047
1.208259617070523
0.04262793252904408
2.971762931852327
7.5073714756015475
0.0017278396795814505
0.4325233218898483
0.0025704780997766958
0.563023969030179
0.9190948208107597
0.18426394658732725
8.684681938470312
0.023978978636460237
9.756704500106956
0.06640720975022688
0.1413558087685276
0.102446454569816
0.45113628009563167
0.014196753140450843
2.4658510190026854
0.07289852139504113
0.07285639512244504
0.22759664999008106
0.47895853428430524
0.24708571920030392
1.320282802734866
0.010315296301538737
1.5192101306628537E-4
14.004231119574603
0.04561932355421619
7.374985552946083
0.07046338032407852
0.10633928001725836
0.0399203558528591
0.5676456481652238
4.7745795104458275E-4
0.002930969795797068
8.632821221047447
0.5724160662465245
0.04948273540880959
0.2018076343841128
0.6827030688757524
0.4266161541961209
0.8716132510987737
0.24244712322544001
0.878027598212188
0.07807955909172436
0.12143779034054818
0.07447631951387139
1.7246798001683181
3.468639033650305
1.3483401229070016
0.1279144644464184
0.002678003145524972
0.08360472488974847
1.1482368469681807
0.2460389264190325
0.17720736159716471
0.0013692300638143994
4.538670025286204
1.1031983566607533
1.2137751957499905
1.5566814294569606
0.997740158574757
30.991827547347757
1.1794151720849158
0.0049454934347272885
0.1337632939775464
4.418836664517194
0.04985129059868087
7.0554873606306
0.3317006820431323
0.009278070253809273
0.1479666240601582
0.4556405461060685
2.1286425416812103
0.6427708251101757
0.4544959603248908
0.8732456345444758
0.014302892873962731
0.012497402064764074
0.059681689862931396
0.22746025851024607
0.09452010701997964
2.9089047486650186
2.2382163233855525
2.556716648592133
1.0353912341758658E-8
0.5197512806196776
0.6342862557046577
0.1406906371046811
0.42584743498084465
5.148448324227673
4.2093454764468445
3.57324286997813
3.322803417100837
0.021509786547216428
1.2510797823729234
0.0032619773020653694
1.1733247394994994
0.46240252098484674
0.18272676238653943
0.3090466243999951
0.07438948270540913
0.1700969236859024
0.13761895427193324
0.23213715840851915
0.007760015308222017
2.3791799142390135
0.6855455553006023
0.3400430830409362
0.009961088375775931
0.021591281614629625
0.13269554906293082
0.0824631227050621
16.971546060157102
0.19052588455900596
0.026471823409800727
0.3685016410294185
0.06217827189919392
21.732213490209542
7.382684358033099
0.0914947378854948
1.1145998825853476
0.04653218427839075
0.1461788566073382
4.4118761279123575
0.0856499648962867
2.1489172667190988
0.4117064807332745
0.01846162532567144
0.011771687681123919
1.5788447693303351
0.005089533841918154
0.0027233446243605302
0.9523800762073409
0.036062855867235226
0.5760776042067062
0.7029664724172652
0.4155664348953999
0.1692010483412992
0.04620449858407789
5.319194922777167E-4
0.016540202603863168
0.9009445512644733
0.19333690009937693
3.7800323891915912
0.010091404923453815
0.00858357068906219
1.0418485214291788
0.8315593772456898
0.21313300335399776
0.13878749774443017
0.012069457471240415
10.32067434104072
4.013174093757384
0.17079314774993537
0.9372991351741847
18.319107665802928
0.07193110614686686
0.02066984322485857
2.815177651370538
10.15224447909416
0.24395026302039288
0.6338700308681842
0.6672931459585236
0.015982701318259802
11.565919048074381
0.2999321010861244
0.5952577711473377
0.06231212488784173
5.112641229810358E-4
1.3130042508206141
1.702628703320322
0.3941425235672561
0.9263204124348935
2.9966169095405486
5.043510276783383
0.4930923505940148
1.7495118066172384
1.1199929630968204
0.05079875146429756
6.482126903611621
0.0014467547480350488
5.205225260077079
22.286590605407735
9.335122629400503
0.4285559279029804
10.70692295367226
0.33742767050586997
0.0068953616015256175
0.3984899041859282
4.194449807201365E-6
0.4118957682043919
1.2765554935501062
0.45194305407965957
0.2520777571465314
1.1834357667742919
17.41603510253015
0.6625032378122193
1.5411198566249023
0.03225206364193351
0.21907561692940825
0.9572942695151333
0.30522145707592113
2.9362064603229165
0.034673165049979866
0.1366479285961635
2.5732841447144503
0.5712757141719927
0.04033338302270739
1.9446202157337815
1.507148107906417
2.513357972767137
0.695135727979936
0.11306977130876295
0.5764913101048468
9.925816294351705
1.632494003395925
2.3279850887874645
2.6119704889119397
0.04272295220524666
0.8223763818539391
0.007857747130321415
2.4186204413733634
0.6739916711974336
3.2407325797627774E-4
2.443199656640024
2.235557969821123E-5
2.142081234389323
0.6177579513411618
5.359905793418167
0.0986803193169758
1.6508487594909128E-4
2.058454292816276
0.2536711984108164
7.778535875189651
0.46277634273892554
1.2077063345368344E-5
1.4854773554349072
2.670090327585497
0.963581000369284
0.010897302123225925
0.1430579602490973
0.1001738856417114
1.0453322613930942
27.805905425986204
0.16215366599045428
0.5611975623572161
1.097457044215721
5.516180240757981
1.9832482374985654
1.585365909901953
0.38167956779921847
0.005613342436238002
0.5887447695965207
0.2892423010963293
0.6134513061245823
0.07262103602522124
0.0048046406314293565
0.04357620951031767
0.3230855093046432
0.4491119078447092
2.3551585915733084
0.4215889155936005
1.2772802620021282
0.29919906503393
2.9596064887868905
2.059122832798711
14.217217064289377
0.08202578739927598
0.1841613046304644
0.7250373055566492
1.5127106749646309
12.413120182995112
0.07160687997084804
2.726372357554054
0.06874034966821059
0.9692259075521155
15.10024582835508
1.1334010387981075
0.8559616908922605
0.1009584069759502
0.8785226071169225
0.374749850812233
0.08898115672059238
0.3750112474495799
0.054846047850470876
6.620749958378386
0.0027805250311406867
2.094136584062145
0.04550791732745252
0.09800654204301035
2.240724919606811
0.1319401546958355
0.006294904397696617
0.03324696268751432
1.6590257633301781
0.0013382016909659728
1.1252143269176886
1.809137813838624
0.09907016430369235
0.11877269219285094
2.87244630976577
0.11983501536237366
1.0507624327653118
0.0025512388328121816
0.004040894269614828
0.002943010099751657
0.009550325171623596
0.05384675398756123
2.6554278111005902
2.9379990571190233
0.840869384964592
0.34916590924588126
0.002885559976335079
0.04351448379154504
6.000483588430605
0.04089498900275012
2.5881538449408907
3.208449489666205
0.28381747970798965
0.9525348390222119
0.8503244002524036
0.11585498030955116
0.8853501941261384
9.99061917400127E-4
0.11631071898674826
1.2270069029103803
0.3036323621956655
0.0011522377218150866
0.7090330324913732
6.195405994103303
0.40054639989257623
0.0037086646624769964
0.3677531882558424
0.17896438845583262
0.6081280253333076
5.88047648787494
6.484247129656206
0.8135624687071095
0.12606197614949816
8.117112522891249
0.0073377143394220655
0.4349359639340846
2.1335829199890886
0.21610762043573117
0.1564967087650486
1.90000721096297
2.640140086080026
12.77373644193298
0.32158368304331475
0.0899047882855407
8.71750183636046
0.7423645753075904
0.5118583142006058
11.384293828637556
0.1585376347277418
2.0297584853245714
4.680698093684786
0.938426653114735
0.06603113878980217
0.32022633670955625
0.6920557120307095
0.04162143794432872
3.3449340814484234
0.05772339027916505
4.538515023168414
2.4778866178175654
0.3425085138818444
21.68202731634879
0.01265258735498335
0.05345341307596774
1.6581080412760378
0.2170769462815348
0.4180448103010611
3.3094609750926125
0.3316245134894159
0.6021995287583821
13.752512975320602
1.2630322419824196
2.4118734149135728
0.2766619200570815
0.5688487602101058
2.175007061802713
8.445249287328935E-5
0.0025480532909663966
4.240189280839772
0.26177849579138296
0.6137348849846737
4.758779495669664
0.16634988803620576
0.49045205029707034
29.477581458971716
0.3322971412161764
0.014200262756925779
1.2293181650270064
1.0432098495417619
0.009095748610520616
0.06667361180921491
0.9196667299558235
1.585819653905884
3.884920832056382
0.2808008087109065
7.018162523934317
0.003921520580752907
9.398719023396668E-6
0.3945295901640765
1.7670088513876225
1.9053336080449959
10.024515775653496
0.21856087160971738
13.04358642018514
0.29224398096440973
0.08614939912806645
0.3168815206012177
5.562293136723799E-5
2.240161357672895
2.216735473374292
0.010085309291660242
0.5713556394653129
0.3960512234533992
0.016629095142130887
6.661835572138764
9.530842852837145
17.116168318497493
2.454571692610772
0.0036897608708761137
4.597883238443114
1.408958308167311
0.24720021858627758
0.02103530390108728
1.4693702921076306
0.07114190817459014
0.10079772218191885
0.06490501458938305
5.292895104499657
0.7407194733819281
1.3037145725630057
0.5816170036401871
0.19602916702293308
2.982873759439446E-7
4.239361481833361
7.520199553934973E-6
0.990718165840913
4.241108404001258
0.5060261721421843
2.08318836183568
0.0013330295840461228
2.5183580418526024
0.05726732125413527
0.5028053536099335
0.16887798187134584
0.002788921518353133
0.0681848750943953
0.13990343889521795
2.7320103311713884
0.6949455627353368
3.933321557445862
0.1064585612446686
0.8741897423724768
1.602242692967104
0.9436589928952079
0.4787862386346356
0.7457125806248083
0.11736282660202504
7.3960676436945185
0.20947534106711718
7.306257945583384
0.9829908724924338
1.6395534533056708
0.00920674054251639
1.0666320522744175
2.044598620207792
0.07552572085605005
0.4256853008726064
4.815547233264797
1.2084596516804922
0.06866516871707845
0.6998892778431521
0.3957402334151215
0.10199616465655811
1.510559831969461
0.7104722369257342
2.615629192575674
4.209630374649991
0.6284477508726919
3.305568773655394
5.389499009767164
1.5633493244605627
0.4795433840740238
0.00569103081139525
0.6259002591685842
0.2370045890988139
0.10876215984311503
11.509162342600819
5.422719004440809
0.0939441946896415
0.0026640693150485513
1.292759737295315
3.677195196244282
6.371223523744811
2.4552171137860896
0.034613829447976245
0.38985088362956105
1.5883461849733291
9.010131902029965
0.15894420188617597
0.09104025679582534
0.009990306903661416
0.010690734925693189
0.02832380294539143
0.1441021849736622
0.015733983211714694
0.24952694978994772
3.2857841180577654
0.8935256380771733
2.060007453587569
0.06526789635632736
0.7483408291538711
0.9384138255194778
0.06898272233254231
0.9646826489341812
0.15234488006802832
1.5820330579975619
0.030015420742252278
2.7044745263160426
0.0376942568848603
1.453850961060913
0.0016424639621478703
0.8490020560378418
0.20075201118086675
0.7293599674421604
0.5152005637470881
0.5646662581902804
3.507745900188612
0.6218440709482164
0.10854965897812985
2.511365958753185
0.5198202416947978
0.1263490742992864
0.3159097315319078
1.7029995238512425
1.8392531037774196
0.911224926521344
1.7187676137963488
3.7669790718608347
1.2713982765464866
0.9149963428396677
0.0514344121219206
0.07282744357456743
0.030268721844069667
0.04975692072963798
1.707324613925402
0.765335547056606
0.2478136936647851
0.7747207612935737
3.8586519624049824
0.09258926660819052
2.038944342003336
0.1883126436857274
0.03560549247703368
0.23299720382516087
0.00405482685628605
7.257658888637349
0.7846872582335853
6.817410207536499
0.3161026856846655
0.024456917358911333
8.529962124393498
0.045642290159951755
1.5247433622944626
0.015320603676541578
4.197056474784883
1.8323683062027705
2.79816599890006
2.2393676557991893
0.6312930947448752
0.6166282060988884
1.698149321450633
0.001051334182092289
0.36963475308114735
0.018421709718070514
0.13452980622210123
2.235688082166719
0.19680920823196227
0.07039340969074004
2.213054159001104
13.716851050302473
21.69052908479983
2.2512099945987196
0.007545338100072326
0.1588979229281758
2.6432885760108134
2.330861468324345
1.5921519640142934
0.09497351964994104
10.086960879789014
0.3817893836628802
0.25001422053697653
0.416389754762094
0.24361949131937913
1.1477664185723158
0.15938188684366603
1.1101408574964038
0.07767466888546135
0.7298563522671986
0.0729117713152562
1.4688875621295705
0.167495441137986
6.5379114824267175
0.016848020354290595
0.2628385853179363
0.3527473377671044
0.537726337599578
0.030162176544933778
0.040792753947271866
0.11317658307004264
2.594658634117179
0.4724138400614089
1.439057581141629
2.7549162558343383
1.789174264235336
1.8288086416258944
1.307832251954146
0.1615259473250229
0.15114284377812048
0.022288904359447418
1.857069630550745
