3 1 -1

-1.536844036554193007004749128555951439750e-1 -4.699268643911916779030138244209413186022e-2
-2.138467813928454019833409188048889269241e-1 -9.889730386457783357911566702011360425275e-1
-2.054211302345102458461868671458769497699e-1 3.490914470364289645577624465030934882193e-1
-3.700056620905665923273848889805559926483e-1 9.321146187497738546686672411603139519014e-1

1.827793251276613355238378362842853924424 -7.544654540493646109509479007996321516589e-1
6.773962715240075286480650414535999951154e-1 -4.266244434029756419907736204180561921072e-1
-2.041867399279732416440597499745437171517 6.463194749910469712626293457161879176484e-1
1.712044665322214150513051802359240438698e-1 -2.168321731402954223713100569913064695200e-1

2.359052254335448277655510870370333059268e-1 8.152751835170187420707968780504687991640e-1
-4.333035135529390356178229616784686121511e-1 -5.689250175401799750675551285539557090145e-1
-4.058236332885808452445500428436885928551e-1 -4.631765919184327724652279177744818709506e-1
1.647783074894606590199133185871948927256e-1 1.132669716786878834299004987713414221202


1 4
-2.483770735530042310022605520140429915771485340652007628598658037949078926096907622449857961078511917995296993154274732775728362795307140578847477017430128178033520156123523459208944463274749138247259702739034950341665140313867333211272508277170192131277443825200249506078239042557151123746646444675485893283356e-1 -4.584415733044726831256255411072826365121107352358394615447775738651918864442364304876393318077117283840297776423562072603765931134018098844975603341733135432685670456318113370115817782832449823629911996266307850974719739601549632477368893373502505291654421505098815326900552198982084756778580006591895121564111e-1
-6.579817326672334634977150424278552439356296802198223132888969865471121631745310957568663265185663131765502226401557139626178104296947472509833902266347936811153909683761711541472476992805040719879466274301557504495540474809580759380540089882613285160794094844029339369504554875664713335009581435342316838108473e-2 -1.047787162968025487909925328830593028609554311280602476439664654398914186555911542215627353914185674275825754102572699318753322451255183484322775555785633521567849208929149412544011298999399069761628456572185726242468248385484207141662176391920880824982721719757650820317366283241010410576721229784418699903838
-4.809021664949856350564401639948908910756638021341894054684278993543195211950714006941088042745214566000445137404401272216758501249992696240360968340893979173155746215581454391811789839421676816749460751140889513842358708761362958488610655034079282067805171431669029594202232540695884211500406542681729929121132e-1 -7.821119392610838727260110860410328481313079447481963749439820273118859539096126149499280095455609600065082705490184248046436566664438514624100947615949844027518682538248925531244144181743599581411293092666544647884039849722039930868023811709541668170848015886870470594938362838143362399287456264753392331914854e-1
-5.705389890703207454382285712136894482956387421925480605748968284957533023344905500232517794422127848529993552374444257154361977504276897093081053527908690173460513692350422568839984175363814600184090986922478970630960090759562794821872992778209222629996896476865312509855715120164351540297035070628070870992946e-1 -4.533943845734838999297794255562692925190847756209158804381011345941234298648389532542627176325277402305072413486003794308569570480954734301840345594987565312474468520195555770978241147171047995677160420811410458974630896910656920006942690060353088788151633196500076563221817770255842632988927135380899946404307e-1


1 4
9.312106568180284788829645379906333613802523477640050919308207631526231445515619586008736281328363437772748197055776575583011261793880037201801236704278775003647821398503575322077386733850691915054927258325263110027682252060045429737171647881454463833616420953864250484522338880225556894425488443233524030727262e-2 3.136496598551931643092292272500164650088204912950960271046256985106888350699626895658121114765848672189775365538544750465544437148617247161970598842229924816953916098245270898157897679101777425091163660209111749015375580802815512885980317469889272316252433393466960341452423355591258315365640389770931926409726e-1
-3.069229941005762741349711420348435234053204550798928075920823457407841314539161326368829677914777003653999520545573506379821402426212288572165763534494493855443155802417425049090878243492847542015108246329741946204455289867962372844441904923600891164026042965499828823357950873979330669060447056339095927930978e-1 2.210346955494766522559916725589457434540714027296439688267178479827766162921532277222027724634699106959106059392366566085756304945208311275953972811771996939931428133781103188419008553135839544531399674925436481714253016054685993442683853322149128199049387780454019404699469956511918638904818408616994192083506e-1
-4.968931351470746757644299018660034646807155661890446458905354230776404245492785100787226973667029331041970955860023882780449049672619967494532434666899468602565311920954685402505375044319802055967526051177234294155166889281413749526831183658401537782513087336757477708556509804086221579263818741668079994000767e-1 1.987821056156046140430182228451557236626723952104185237515259230752146098182384731947187838011078317117045533347587740954819898268688134387763443518085870873496561213706934032362315650048421976614833055402708895560654869019370067254555306454600667439630759952966750272231425076941123897252223708616803222843620e-1
-2.413193518616646561840218099908810921821638526900190686685979961948324064423192194685403111991194754134346483970553173900479736947076146292085896687197187754972582527076083547317578475268520120568988560764248565138625631462931319868114089211395913339400822320848765687907659582874020710380817606197938596644928e-1 -6.365863289472202123148273967641941288208608333906840533624609060998382191020870642069844432699970917294551277442270141819387064612981393065533319472354563830374152540275118543636606906155526290908385024717646729393057494966458489612916552819154729255383511540547379291267529967369330237388176287412583547211583e-1


