72
4  3
               2  0.8500000238418579  1.850000023841858
1.850000023841858                 1  1.850000023841858
1.850000023841858                 1  1.149999976158142
               2  0.8500000238418579  1.149999976158142
               2               0.5               1.5
               2  0.1500000059604645  1.850000023841858
1.850000023841858  0.1500000059604645                 2
1.850000023841858  0.8500000238418579                 2
1.899999976158142  0.8999999761581421  1.899999976158142

4  3
               2  0.1500000059604645  1.850000023841858
1.850000023841858  0.1500000059604645                 2
1.850000023841858  0.8500000238418579                 2
               2  0.8500000238418579  1.850000023841858
               2               0.5               1.5
               2  0.1500000059604645  1.149999976158142
1.850000023841858                 0  1.149999976158142
1.850000023841858                 0  1.850000023841858
1.899999976158142  0.1000000014901161  1.899999976158142

4  3
               2  0.1500000059604645  1.149999976158142
1.850000023841858                 0  1.149999976158142
1.850000023841858                 0  1.850000023841858
               2  0.1500000059604645  1.850000023841858
               2               0.5               1.5
               2  0.8500000238418579  1.149999976158142
1.850000023841858  0.8500000238418579                 1
1.850000023841858  0.1500000059604645                 1
1.899999976158142  0.1000000014901161  1.100000023841858

4  3
               2  0.8500000238418579  1.149999976158142
1.850000023841858  0.8500000238418579                 1
1.850000023841858  0.1500000059604645                 1
               2  0.1500000059604645  1.149999976158142
               2               0.5               1.5
               2  0.8500000238418579  1.850000023841858
1.850000023841858                 1  1.850000023841858
1.850000023841858                 1  1.149999976158142
1.899999976158142  0.8999999761581421  1.100000023841858

4  5
1.102322220802307                 1  1.856218814849854
0.9961565136909485  1.108541011810303  1.799199104309082
0.9150000214576721  1.100000023841858  1.097499966621399
1.057500004768372                 1  1.095000028610229
1.464955568313599                 1  1.487804770469666
1.850000023841858                 1  1.850000023841858
1.850000023841858  0.8500000238418579                 2
1.067082047462463  0.8914589881896973  1.958541035652161
               1                 1  1.889000058174133

4  3
1.850000023841858                 1  1.850000023841858
1.850000023841858  0.8500000238418579                 2
1.067082047462463  0.8914589881896973  1.958541035652161
1.102322220802307                 1  1.856218814849854
1.464955568313599                 1  1.487804770469666
1.850000023841858                 1  1.149999976158142
               2  0.8500000238418579  1.149999976158142
               2  0.8500000238418579  1.850000023841858
1.899999976158142  0.8999999761581421  1.899999976158142

4  3
1.850000023841858                 1  1.149999976158142
               2  0.8500000238418579  1.149999976158142
               2  0.8500000238418579  1.850000023841858
1.850000023841858                 1  1.850000023841858
1.464955568313599                 1  1.487804770469666
1.057500004768372                 1  1.095000028610229
1.100000023841858  0.8999999761581421  0.9975000023841858
1.850000023841858  0.8500000238418579                 1
1.899999976158142  0.8999999761581421  1.100000023841858

4  6
1.057500004768372                 1  1.095000028610229
1.100000023841858  0.8999999761581421  0.9975000023841858
1.850000023841858  0.8500000238418579                 1
1.850000023841858                 1  1.149999976158142
1.464955568313599                 1  1.487804770469666
1.102322220802307                 1  1.856218814849854
0.9961565136909485  1.108541011810303  1.799199104309082
0.9150000214576721  1.100000023841858  1.097499966621399
0.9574999809265137                 1                 1

4  3
1.850000023841858  0.8500000238418579                 1
1.850000023841858                 1  1.149999976158142
1.057500004768372                 1  1.095000028610229
1.100000023841858  0.8999999761581421  0.9975000023841858
1.477135300636292  0.5021352767944336  0.9993749856948853
1.850000023841858  0.1500000059604645                 1
               2  0.1500000059604645  1.149999976158142
               2  0.8500000238418579  1.149999976158142
1.899999976158142  0.8999999761581421  1.100000023841858

4  3
1.850000023841858  0.1500000059604645                 1
               2  0.1500000059604645  1.149999976158142
               2  0.8500000238418579  1.149999976158142
1.850000023841858  0.8500000238418579                 1
1.477135300636292  0.5021352767944336  0.9993749856948853
1.108541011810303  0.1085410192608833                 1
1.067082047462463  0.04145897924900055  1.108541011810303
1.850000023841858                 0  1.149999976158142
1.899999976158142  0.1000000014901161  1.100000023841858

4  5
1.108541011810303  0.1085410192608833                 1
1.067082047462463  0.04145897924900055  1.108541011810303
1.850000023841858                 0  1.149999976158142
1.850000023841858  0.1500000059604645                 1
1.477135300636292  0.5021352767944336  0.9993749856948853
1.100000023841858  0.8999999761581421  0.9975000023841858
               1  0.8999999761581421  0.9024999737739563
               1  0.1085410192608833  0.8914589881896973
               1  0.05999999865889549                 1

4  6
1.100000023841858  0.8999999761581421  0.9975000023841858
               1  0.8999999761581421  0.9024999737739563
               1  0.1085410192608833  0.8914589881896973
1.108541011810303  0.1085410192608833                 1
1.477135300636292  0.5021352767944336  0.9993749856948853
1.850000023841858  0.8500000238418579                 1
1.850000023841858                 1  1.149999976158142
1.057500004768372                 1  1.095000028610229
0.9574999809265137                 1                 1

4  6
               1  0.8999999761581421  0.9024999737739563
0.8575000166893005                 1  0.9049999713897705
0.8500000238418579                 1  0.1500000059604645
               1  0.8500000238418579  0.1500000059604645
               1  0.5021352767944336  0.523489773273468
               1  0.1085410192608833  0.8914589881896973
1.108541011810303  0.1085410192608833                 1
1.100000023841858  0.8999999761581421  0.9975000023841858
0.9574999809265137                 1                 1

4  5
               1  0.1085410192608833  0.8914589881896973
1.108541011810303  0.1085410192608833                 1
1.100000023841858  0.8999999761581421  0.9975000023841858
               1  0.8999999761581421  0.9024999737739563
               1  0.5021352767944336  0.523489773273468
               1  0.1500000059604645  0.1500000059604645
0.8500000238418579                 0  0.1500000059604645
0.8914589881896973  0.04145897924900055  0.9329179525375366
               1  0.05999999865889549                 1

4  3
               1  0.1500000059604645  0.1500000059604645
0.8500000238418579                 0  0.1500000059604645
0.8914589881896973  0.04145897924900055  0.9329179525375366
               1  0.1085410192608833  0.8914589881896973
               1  0.5021352767944336  0.523489773273468
               1  0.8500000238418579  0.1500000059604645
0.8500000238418579  0.8500000238418579                 0
0.8500000238418579  0.1500000059604645                 0
0.8999999761581421  0.1000000014901161  0.1000000014901161

4  3
               1  0.8500000238418579  0.1500000059604645
0.8500000238418579  0.8500000238418579                 0
0.8500000238418579  0.1500000059604645                 0
               1  0.1500000059604645  0.1500000059604645
               1  0.5021352767944336  0.523489773273468
               1  0.8999999761581421  0.9024999737739563
0.8575000166893005                 1  0.9049999713897705
0.8500000238418579                 1  0.1500000059604645
0.8999999761581421  0.8999999761581421  0.1000000014901161

4  3
0.8500000238418579  0.1500000059604645                 0
               1  0.1500000059604645  0.1500000059604645
               1  0.8500000238418579  0.1500000059604645
0.8500000238418579  0.8500000238418579                 0
             0.5               0.5                 0
0.1500000059604645  0.1500000059604645                 0
0.1500000059604645                 0  0.1500000059604645
0.8500000238418579                 0  0.1500000059604645
0.8999999761581421  0.1000000014901161  0.1000000014901161

4  3
0.1500000059604645  0.1500000059604645                 0
0.1500000059604645                 0  0.1500000059604645
0.8500000238418579                 0  0.1500000059604645
0.8500000238418579  0.1500000059604645                 0
             0.5               0.5                 0
0.1500000059604645  0.8500000238418579                 0
               0  0.8500000238418579  0.1500000059604645
               0  0.1500000059604645  0.1500000059604645
0.1000000014901161  0.1000000014901161  0.1000000014901161

4  3
0.1500000059604645  0.8500000238418579                 0
               0  0.8500000238418579  0.1500000059604645
               0  0.1500000059604645  0.1500000059604645
0.1500000059604645  0.1500000059604645                 0
             0.5               0.5                 0
0.8500000238418579  0.8500000238418579                 0
0.8500000238418579                 1  0.1500000059604645
0.1500000059604645                 1  0.1500000059604645
0.1000000014901161  0.8999999761581421  0.1000000014901161

4  3
0.8500000238418579  0.8500000238418579                 0
0.8500000238418579                 1  0.1500000059604645
0.1500000059604645                 1  0.1500000059604645
0.1500000059604645  0.8500000238418579                 0
             0.5               0.5                 0
0.8500000238418579  0.1500000059604645                 0
               1  0.1500000059604645  0.1500000059604645
               1  0.8500000238418579  0.1500000059604645
0.8999999761581421  0.8999999761581421  0.1000000014901161

4  6
0.8575000166893005                 1  0.9049999713897705
0.8149999976158142  1.100000023841858  1.002500057220459
0.1046975627541542  1.108541011810303  1.092259883880615
0.1023221760988235                 1  0.9266991019248962
0.4899555444717407                 1  0.5329247713088989
0.8500000238418579                 1  0.1500000059604645
               1  0.8500000238418579  0.1500000059604645
               1  0.8999999761581421  0.9024999737739563
0.9574999809265137                 1                 1

4  3
0.8500000238418579                 1  0.1500000059604645
               1  0.8500000238418579  0.1500000059604645
               1  0.8999999761581421  0.9024999737739563
0.8575000166893005                 1  0.9049999713897705
0.4899555444717407                 1  0.5329247713088989
0.1500000059604645                 1  0.1500000059604645
0.1500000059604645  0.8500000238418579                 0
0.8500000238418579  0.8500000238418579                 0
0.8999999761581421  0.8999999761581421  0.1000000014901161

4  3
0.1500000059604645                 1  0.1500000059604645
0.1500000059604645  0.8500000238418579                 0
0.8500000238418579  0.8500000238418579                 0
0.8500000238418579                 1  0.1500000059604645
0.4899555444717407                 1  0.5329247713088989
0.1023221760988235                 1  0.9266991019248962
0.04145897924900055  0.8914589881896973  0.9329179525375366
               0  0.8500000238418579  0.1500000059604645
0.1000000014901161  0.8999999761581421  0.1000000014901161

4  5
0.1023221760988235                 1  0.9266991019248962
0.04145897924900055  0.8914589881896973  0.9329179525375366
               0  0.8500000238418579  0.1500000059604645
0.1500000059604645                 1  0.1500000059604645
0.4899555444717407                 1  0.5329247713088989
0.8575000166893005                 1  0.9049999713897705
0.8149999976158142  1.100000023841858  1.002500057220459
0.1046975627541542  1.108541011810303  1.092259883880615
0.05999999865889549                 1  1.050999999046326

4  3
               0  0.8500000238418579  0.1500000059604645
0.1500000059604645                 1  0.1500000059604645
0.1023221760988235                 1  0.9266991019248962
0.04145897924900055  0.8914589881896973  0.9329179525375366
0.01036474481225014  0.5103647708892822  0.5207294821739197
               0  0.1500000059604645  0.1500000059604645
0.1500000059604645  0.1500000059604645                 0
0.1500000059604645  0.8500000238418579                 0
0.1000000014901161  0.8999999761581421  0.1000000014901161

4  3
               0  0.1500000059604645  0.1500000059604645
0.1500000059604645  0.1500000059604645                 0
0.1500000059604645  0.8500000238418579                 0
               0  0.8500000238418579  0.1500000059604645
0.01036474481225014  0.5103647708892822  0.5207294821739197
               0  0.1500000059604645  0.8500000238418579
0.1500000059604645                 0  0.8500000238418579
0.1500000059604645                 0  0.1500000059604645
0.1000000014901161  0.1000000014901161  0.1000000014901161

4  4
               0  0.1500000059604645  0.8500000238418579
0.1500000059604645                 0  0.8500000238418579
0.1500000059604645                 0  0.1500000059604645
               0  0.1500000059604645  0.1500000059604645
0.01036474481225014  0.5103647708892822  0.5207294821739197
0.04145897924900055  0.8914589881896973  0.9329179525375366
0.006218846887350082  0.9329179525375366  1.102322220802307
               0  0.1500000059604645  1.149999976158142
0.07500000298023224  0.07500000298023224                 1

4  5
0.04145897924900055  0.8914589881896973  0.9329179525375366
0.006218846887350082  0.9329179525375366  1.102322220802307
               0  0.1500000059604645  1.149999976158142
               0  0.1500000059604645  0.8500000238418579
0.01036474481225014  0.5103647708892822  0.5207294821739197
               0  0.8500000238418579  0.1500000059604645
0.1500000059604645                 1  0.1500000059604645
0.1023221760988235                 1  0.9266991019248962
0.05999999865889549                 1  1.050999999046326

4  3
0.8500000238418579                 0  0.1500000059604645
0.8500000238418579  0.1500000059604645                 0
0.1500000059604645  0.1500000059604645                 0
0.1500000059604645                 0  0.1500000059604645
0.5103647708892822  0.01036474481225014  0.5207294821739197
0.8914589881896973  0.04145897924900055  0.9329179525375366
               1  0.1085410192608833  0.8914589881896973
               1  0.1500000059604645  0.1500000059604645
0.8999999761581421  0.1000000014901161  0.1000000014901161

4  5
0.8914589881896973  0.04145897924900055  0.9329179525375366
               1  0.1085410192608833  0.8914589881896973
               1  0.1500000059604645  0.1500000059604645
0.8500000238418579                 0  0.1500000059604645
0.5103647708892822  0.01036474481225014  0.5207294821739197
0.1500000059604645                 0  0.8500000238418579
0.1500000059604645                 0  1.149999976158142
0.9329179525375366                 0  1.067082047462463
               1  0.05999999865889549                 1

4  4
0.1500000059604645                 0  0.8500000238418579
0.1500000059604645                 0  1.149999976158142
0.9329179525375366                 0  1.067082047462463
0.8914589881896973  0.04145897924900055  0.9329179525375366
0.5103647708892822  0.01036474481225014  0.5207294821739197
0.1500000059604645                 0  0.1500000059604645
               0  0.1500000059604645  0.1500000059604645
               0  0.1500000059604645  0.8500000238418579
0.07500000298023224  0.07500000298023224                 1

4  3
0.1500000059604645                 0  0.1500000059604645
               0  0.1500000059604645  0.1500000059604645
               0  0.1500000059604645  0.8500000238418579
0.1500000059604645                 0  0.8500000238418579
0.5103647708892822  0.01036474481225014  0.5207294821739197
0.8500000238418579                 0  0.1500000059604645
0.8500000238418579  0.1500000059604645                 0
0.1500000059604645  0.1500000059604645                 0
0.1000000014901161  0.1000000014901161  0.1000000014901161

4  3
1.850000023841858                 0  1.149999976158142
1.850000023841858  0.1500000059604645                 1
1.108541011810303  0.1085410192608833                 1
1.067082047462463  0.04145897924900055  1.108541011810303
1.479270458221436  0.01036474481225014  1.489635229110718
1.850000023841858                 0  1.850000023841858
               2  0.1500000059604645  1.850000023841858
               2  0.1500000059604645  1.149999976158142
1.899999976158142  0.1000000014901161  1.100000023841858

4  3
1.850000023841858                 0  1.850000023841858
               2  0.1500000059604645  1.850000023841858
               2  0.1500000059604645  1.149999976158142
1.850000023841858                 0  1.149999976158142
1.479270458221436  0.01036474481225014  1.489635229110718
1.149999976158142                 0  1.850000023841858
1.149999976158142  0.1500000059604645                 2
1.850000023841858  0.1500000059604645                 2
1.899999976158142  0.1000000014901161  1.899999976158142

4  4
1.149999976158142                 0  1.850000023841858
1.149999976158142  0.1500000059604645                 2
1.850000023841858  0.1500000059604645                 2
1.850000023841858                 0  1.850000023841858
1.479270458221436  0.01036474481225014  1.489635229110718
1.067082047462463  0.04145897924900055  1.108541011810303
0.9329179525375366                 0  1.067082047462463
0.8500000238418579                 0  1.850000023841858
               1  0.07500000298023224  1.924999952316284

4  5
1.067082047462463  0.04145897924900055  1.108541011810303
0.9329179525375366                 0  1.067082047462463
0.8500000238418579                 0  1.850000023841858
1.149999976158142                 0  1.850000023841858
1.479270458221436  0.01036474481225014  1.489635229110718
1.850000023841858                 0  1.149999976158142
1.850000023841858  0.1500000059604645                 1
1.108541011810303  0.1085410192608833                 1
               1  0.05999999865889549                 1

4  4
0.8500000238418579                 0  1.850000023841858
1.149999976158142                 0  1.850000023841858
1.067082047462463  0.04145897924900055  1.108541011810303
0.9329179525375366                 0  1.067082047462463
0.5207294821739197                 0  1.479270458221436
0.1500000059604645                 0  1.850000023841858
0.1500000059604645  0.1500000059604645                 2
0.8500000238418579  0.1500000059604645                 2
               1  0.07500000298023224  1.924999952316284

4  3
0.1500000059604645                 0  1.850000023841858
0.1500000059604645  0.1500000059604645                 2
0.8500000238418579  0.1500000059604645                 2
0.8500000238418579                 0  1.850000023841858
0.5207294821739197                 0  1.479270458221436
0.1500000059604645                 0  1.149999976158142
               0  0.1500000059604645  1.149999976158142
               0  0.1500000059604645  1.850000023841858
0.1000000014901161  0.1000000014901161  1.899999976158142

4  4
0.1500000059604645                 0  1.149999976158142
               0  0.1500000059604645  1.149999976158142
               0  0.1500000059604645  1.850000023841858
0.1500000059604645                 0  1.850000023841858
0.5207294821739197                 0  1.479270458221436
0.9329179525375366                 0  1.067082047462463
0.8914589881896973  0.04145897924900055  0.9329179525375366
0.1500000059604645                 0  0.8500000238418579
0.07500000298023224  0.07500000298023224                 1

4  5
0.9329179525375366                 0  1.067082047462463
0.8914589881896973  0.04145897924900055  0.9329179525375366
0.1500000059604645                 0  0.8500000238418579
0.1500000059604645                 0  1.149999976158142
0.5207294821739197                 0  1.479270458221436
0.8500000238418579                 0  1.850000023841858
1.149999976158142                 0  1.850000023841858
1.067082047462463  0.04145897924900055  1.108541011810303
               1  0.05999999865889549                 1

4  3
1.850000023841858  0.1500000059604645                 2
1.850000023841858                 0  1.850000023841858
1.149999976158142                 0  1.850000023841858
1.149999976158142  0.1500000059604645                 2
1.479270458221436  0.5103647708892822  1.989635229110718
1.850000023841858  0.8500000238418579                 2
               2  0.8500000238418579  1.850000023841858
               2  0.1500000059604645  1.850000023841858
1.899999976158142  0.1000000014901161  1.899999976158142

4  3
1.850000023841858  0.8500000238418579                 2
               2  0.8500000238418579  1.850000023841858
               2  0.1500000059604645  1.850000023841858
1.850000023841858  0.1500000059604645                 2
1.479270458221436  0.5103647708892822  1.989635229110718
1.067082047462463  0.8914589881896973  1.958541035652161
1.102322220802307                 1  1.856218814849854
1.850000023841858                 1  1.850000023841858
1.899999976158142  0.8999999761581421  1.899999976158142

4  5
1.067082047462463  0.8914589881896973  1.958541035652161
1.102322220802307                 1  1.856218814849854
1.850000023841858                 1  1.850000023841858
1.850000023841858  0.8500000238418579                 2
1.479270458221436  0.5103647708892822  1.989635229110718
1.149999976158142  0.1500000059604645                 2
0.8500000238418579  0.1500000059604645                 2
0.939136803150177  0.9329179525375366  1.964759826660156
               1                 1  1.889000058174133

4  4
1.149999976158142  0.1500000059604645                 2
0.8500000238418579  0.1500000059604645                 2
0.939136803150177  0.9329179525375366  1.964759826660156
1.067082047462463  0.8914589881896973  1.958541035652161
1.479270458221436  0.5103647708892822  1.989635229110718
1.850000023841858  0.1500000059604645                 2
1.850000023841858                 0  1.850000023841858
1.149999976158142                 0  1.850000023841858
               1  0.07500000298023224  1.924999952316284

4  4
0.8500000238418579  0.1500000059604645                 2
0.8500000238418579                 0  1.850000023841858
0.1500000059604645                 0  1.850000023841858
0.1500000059604645  0.1500000059604645                 2
0.522284209728241  0.5207294821739197  1.991189956665039
0.939136803150177  0.9329179525375366  1.964759826660156
1.067082047462463  0.8914589881896973  1.958541035652161
1.149999976158142  0.1500000059604645                 2
               1  0.07500000298023224  1.924999952316284

4  5
0.939136803150177  0.9329179525375366  1.964759826660156
1.067082047462463  0.8914589881896973  1.958541035652161
1.149999976158142  0.1500000059604645                 2
0.8500000238418579  0.1500000059604645                 2
0.522284209728241  0.5207294821739197  1.991189956665039
0.1500000059604645  0.8500000238418579                 2
0.2775000035762787  1.149999976158142  1.977499961853027
0.895302414894104  1.067082047462463  1.866281151771545
               1                 1  1.889000058174133

4  4
0.1500000059604645  0.8500000238418579                 2
0.2775000035762787  1.149999976158142  1.977499961853027
0.895302414894104  1.067082047462463  1.866281151771545
0.939136803150177  0.9329179525375366  1.964759826660156
0.522284209728241  0.5207294821739197  1.991189956665039
0.1500000059604645  0.1500000059604645                 2
               0  0.1500000059604645  1.850000023841858
               0  0.8500000238418579  1.850000023841858
0.1387500017881393                 1  1.924999952316284

4  3
0.1500000059604645  0.1500000059604645                 2
               0  0.1500000059604645  1.850000023841858
               0  0.8500000238418579  1.850000023841858
0.1500000059604645  0.8500000238418579                 2
0.522284209728241  0.5207294821739197  1.991189956665039
0.8500000238418579  0.1500000059604645                 2
0.8500000238418579                 0  1.850000023841858
0.1500000059604645                 0  1.850000023841858
0.1000000014901161  0.1000000014901161  1.899999976158142

4  4
               0  0.8500000238418579  1.850000023841858
0.1500000059604645  0.8500000238418579                 2
0.1500000059604645  0.1500000059604645                 2
               0  0.1500000059604645  1.850000023841858
0.001554711721837521  0.5207294821739197  1.488080501556396
0.006218846887350082  0.9329179525375366  1.102322220802307
0.04530243948101997  1.067082047462463  1.200800895690918
0.1274999976158142  1.149999976158142  1.872499942779541
0.1387500017881393                 1  1.924999952316284

4  5
0.006218846887350082  0.9329179525375366  1.102322220802307
0.04530243948101997  1.067082047462463  1.200800895690918
0.1274999976158142  1.149999976158142  1.872499942779541
               0  0.8500000238418579  1.850000023841858
0.001554711721837521  0.5207294821739197  1.488080501556396
               0  0.1500000059604645  1.149999976158142
               0  0.1500000059604645  0.8500000238418579
0.04145897924900055  0.8914589881896973  0.9329179525375366
0.05999999865889549                 1  1.050999999046326

4  4
               0  0.1500000059604645  1.149999976158142
               0  0.1500000059604645  0.8500000238418579
0.04145897924900055  0.8914589881896973  0.9329179525375366
0.006218846887350082  0.9329179525375366  1.102322220802307
0.001554711721837521  0.5207294821739197  1.488080501556396
               0  0.1500000059604645  1.850000023841858
0.1500000059604645                 0  1.850000023841858
0.1500000059604645                 0  1.149999976158142
0.07500000298023224  0.07500000298023224                 1

4  3
               0  0.1500000059604645  1.850000023841858
0.1500000059604645                 0  1.850000023841858
0.1500000059604645                 0  1.149999976158142
               0  0.1500000059604645  1.149999976158142
0.001554711721837521  0.5207294821739197  1.488080501556396
               0  0.8500000238418579  1.850000023841858
0.1500000059604645  0.8500000238418579                 2
0.1500000059604645  0.1500000059604645                 2
0.1000000014901161  0.1000000014901161  1.899999976158142

4  4
0.2775000035762787  1.149999976158142  1.977499961853027
0.1274999976158142  1.149999976158142  1.872499942779541
0.7225000262260437  1.850000023841858  1.977499961853027
0.8725000023841858  1.850000023841858  1.872499942779541
0.7557005882263184  1.479270458221436  1.748445272445679
0.895302414894104  1.067082047462463  1.866281151771545
0.939136803150177  0.9329179525375366  1.964759826660156
0.1500000059604645  0.8500000238418579                 2
0.1387500017881393                 1  1.924999952316284

4  5
0.895302414894104  1.067082047462463  1.866281151771545
0.939136803150177  0.9329179525375366  1.964759826660156
0.1500000059604645  0.8500000238418579                 2
0.2775000035762787  1.149999976158142  1.977499961853027
0.7557005882263184  1.479270458221436  1.748445272445679
0.9775000214576721  1.850000023841858  1.277500033378601
0.8725000023841858  1.850000023841858  1.127500057220459
0.9961565136909485  1.108541011810303  1.799199104309082
               1                 1  1.889000058174133

4  3
0.9775000214576721  1.850000023841858  1.277500033378601
0.8725000023841858  1.850000023841858  1.127500057220459
0.9961565136909485  1.108541011810303  1.799199104309082
0.895302414894104  1.067082047462463  1.866281151771545
0.7557005882263184  1.479270458221436  1.748445272445679
0.8725000023841858  1.850000023841858  1.872499942779541
0.8500000238418579                 2  1.850000023841858
0.8500000238418579                 2  1.149999976158142
0.8999999761581421  1.899999976158142  1.184999942779541

4  3
0.8725000023841858  1.850000023841858  1.872499942779541
0.8500000238418579                 2  1.850000023841858
0.8500000238418579                 2  1.149999976158142
0.9775000214576721  1.850000023841858  1.277500033378601
0.7557005882263184  1.479270458221436  1.748445272445679
0.2775000035762787  1.149999976158142  1.977499961853027
0.1274999976158142  1.149999976158142  1.872499942779541
0.7225000262260437  1.850000023841858  1.977499961853027
0.8149999976158142  1.899999976158142  1.899999976158142

4  5
0.9961565136909485  1.108541011810303  1.799199104309082
0.895302414894104  1.067082047462463  1.866281151771545
0.9775000214576721  1.850000023841858  1.277500033378601
0.8725000023841858  1.850000023841858  1.127500057220459
0.7652891278266907  1.477135300636292  1.261674761772156
0.9150000214576721  1.100000023841858  1.097499966621399
1.057500004768372                 1  1.095000028610229
1.102322220802307                 1  1.856218814849854
               1                 1  1.889000058174133

4  6
0.9150000214576721  1.100000023841858  1.097499966621399
1.057500004768372                 1  1.095000028610229
1.102322220802307                 1  1.856218814849854
0.9961565136909485  1.108541011810303  1.799199104309082
0.7652891278266907  1.477135300636292  1.261674761772156
0.2775000035762787  1.850000023841858  1.022500038146973
0.1274999976158142  1.850000023841858  1.127500057220459
0.8149999976158142  1.100000023841858  1.002500057220459
0.9574999809265137                 1                 1

4  3
0.2775000035762787  1.850000023841858  1.022500038146973
0.1274999976158142  1.850000023841858  1.127500057220459
0.8149999976158142  1.100000023841858  1.002500057220459
0.9150000214576721  1.100000023841858  1.097499966621399
0.7652891278266907  1.477135300636292  1.261674761772156
0.8725000023841858  1.850000023841858  1.127500057220459
0.8500000238418579                 2  1.149999976158142
0.1500000059604645                 2  1.149999976158142
0.1850000023841858  1.899999976158142  1.100000023841858

4  3
0.8725000023841858  1.850000023841858  1.127500057220459
0.8500000238418579                 2  1.149999976158142
0.1500000059604645                 2  1.149999976158142
0.2775000035762787  1.850000023841858  1.022500038146973
0.7652891278266907  1.477135300636292  1.261674761772156
0.9961565136909485  1.108541011810303  1.799199104309082
0.895302414894104  1.067082047462463  1.866281151771545
0.9775000214576721  1.850000023841858  1.277500033378601
0.8999999761581421  1.899999976158142  1.184999942779541

4  6
0.8149999976158142  1.100000023841858  1.002500057220459
0.9150000214576721  1.100000023841858  1.097499966621399
0.2775000035762787  1.850000023841858  1.022500038146973
0.1274999976158142  1.850000023841858  1.127500057220459
0.2674244046211243  1.477135300636292  1.236189961433411
0.1046975627541542  1.108541011810303  1.092259883880615
0.1023221760988235                 1  0.9266991019248962
0.8575000166893005                 1  0.9049999713897705
0.9574999809265137                 1                 1

4  5
0.1046975627541542  1.108541011810303  1.092259883880615
0.1023221760988235                 1  0.9266991019248962
0.8575000166893005                 1  0.9049999713897705
0.8149999976158142  1.100000023841858  1.002500057220459
0.2674244046211243  1.477135300636292  1.236189961433411
0.02250000089406967  1.850000023841858  1.722499966621399
0.1274999976158142  1.850000023841858  1.872499942779541
0.04530243948101997  1.067082047462463  1.200800895690918
0.05999999865889549                 1  1.050999999046326

4  3
0.02250000089406967  1.850000023841858  1.722499966621399
0.1274999976158142  1.850000023841858  1.872499942779541
0.04530243948101997  1.067082047462463  1.200800895690918
0.1046975627541542  1.108541011810303  1.092259883880615
0.2674244046211243  1.477135300636292  1.236189961433411
0.1274999976158142  1.850000023841858  1.127500057220459
0.1500000059604645                 2  1.149999976158142
0.1500000059604645                 2  1.850000023841858
0.1000000014901161  1.899999976158142  1.815000057220459

4  3
0.1274999976158142  1.850000023841858  1.127500057220459
0.1500000059604645                 2  1.149999976158142
0.1500000059604645                 2  1.850000023841858
0.02250000089406967  1.850000023841858  1.722499966621399
0.2674244046211243  1.477135300636292  1.236189961433411
0.8149999976158142  1.100000023841858  1.002500057220459
0.9150000214576721  1.100000023841858  1.097499966621399
0.2775000035762787  1.850000023841858  1.022500038146973
0.1850000023841858  1.899999976158142  1.100000023841858

4  5
0.04530243948101997  1.067082047462463  1.200800895690918
0.1046975627541542  1.108541011810303  1.092259883880615
0.02250000089406967  1.850000023841858  1.722499966621399
0.1274999976158142  1.850000023841858  1.872499942779541
0.2557006180286407  1.479270458221436  1.730825185775757
0.1274999976158142  1.149999976158142  1.872499942779541
               0  0.8500000238418579  1.850000023841858
0.006218846887350082  0.9329179525375366  1.102322220802307
0.05999999865889549                 1  1.050999999046326

4  4
0.1274999976158142  1.149999976158142  1.872499942779541
               0  0.8500000238418579  1.850000023841858
0.006218846887350082  0.9329179525375366  1.102322220802307
0.04530243948101997  1.067082047462463  1.200800895690918
0.2557006180286407  1.479270458221436  1.730825185775757
0.7225000262260437  1.850000023841858  1.977499961853027
0.8725000023841858  1.850000023841858  1.872499942779541
0.2775000035762787  1.149999976158142  1.977499961853027
0.1387500017881393                 1  1.924999952316284

4  3
0.7225000262260437  1.850000023841858  1.977499961853027
0.8725000023841858  1.850000023841858  1.872499942779541
0.2775000035762787  1.149999976158142  1.977499961853027
0.1274999976158142  1.149999976158142  1.872499942779541
0.2557006180286407  1.479270458221436  1.730825185775757
0.1274999976158142  1.850000023841858  1.872499942779541
0.1500000059604645                 2  1.850000023841858
0.8500000238418579                 2  1.850000023841858
0.8149999976158142  1.899999976158142  1.899999976158142

4  3
0.1274999976158142  1.850000023841858  1.872499942779541
0.1500000059604645                 2  1.850000023841858
0.8500000238418579                 2  1.850000023841858
0.7225000262260437  1.850000023841858  1.977499961853027
0.2557006180286407  1.479270458221436  1.730825185775757
0.04530243948101997  1.067082047462463  1.200800895690918
0.1046975627541542  1.108541011810303  1.092259883880615
0.02250000089406967  1.850000023841858  1.722499966621399
0.1000000014901161  1.899999976158142  1.815000057220459

4  3
0.1500000059604645                 2  1.149999976158142
0.2775000035762787  1.850000023841858  1.022500038146973
0.8725000023841858  1.850000023841858  1.127500057220459
0.8500000238418579                 2  1.149999976158142
             0.5                 2               1.5
0.1500000059604645                 2  1.850000023841858
0.02250000089406967  1.850000023841858  1.722499966621399
0.1274999976158142  1.850000023841858  1.127500057220459
0.1850000023841858  1.899999976158142  1.100000023841858

4  3
0.1500000059604645                 2  1.850000023841858
0.02250000089406967  1.850000023841858  1.722499966621399
0.1274999976158142  1.850000023841858  1.127500057220459
0.1500000059604645                 2  1.149999976158142
             0.5                 2               1.5
0.8500000238418579                 2  1.850000023841858
0.7225000262260437  1.850000023841858  1.977499961853027
0.1274999976158142  1.850000023841858  1.872499942779541
0.1000000014901161  1.899999976158142  1.815000057220459

4  3
0.8500000238418579                 2  1.850000023841858
0.7225000262260437  1.850000023841858  1.977499961853027
0.1274999976158142  1.850000023841858  1.872499942779541
0.1500000059604645                 2  1.850000023841858
             0.5                 2               1.5
0.8500000238418579                 2  1.149999976158142
0.9775000214576721  1.850000023841858  1.277500033378601
0.8725000023841858  1.850000023841858  1.872499942779541
0.8149999976158142  1.899999976158142  1.899999976158142

4  3
0.8500000238418579                 2  1.149999976158142
0.9775000214576721  1.850000023841858  1.277500033378601
0.8725000023841858  1.850000023841858  1.872499942779541
0.8500000238418579                 2  1.850000023841858
             0.5                 2               1.5
0.1500000059604645                 2  1.149999976158142
0.2775000035762787  1.850000023841858  1.022500038146973
0.8725000023841858  1.850000023841858  1.127500057220459
0.8999999761581421  1.899999976158142  1.184999942779541

