Requested percentage is 30%
Requested accuracy is 1e-08
Number of the roots that the program has calculated is 1912
Estimated percentage of the calculated roots is 33%
Estimated total number of roots in the interval (-200.5,100) is 5835.
The roots are: 
-200.49944
-200.4083
-200.33485
-200.13378
-200.12303
-199.91389
-199.90314
-199.69377
-199.683
-199.4734
-199.46262
-199.18971
-199.17891
-198.96878
-198.95007
-198.7397
-198.66563
-198.44704
-198.43621
-198.16188
-198.1431
-197.86837
-197.84956
-197.56648
-197.49197
-197.27208
-197.19746
-196.90546
-196.8307
-196.47421
-196.39129
-196.03399
-195.95089
-195.58476
-195.43717
-194.92508
-194.777
-194.11756
-193.67711
-191.71556
-191.22851
-190.69688
-190.43007
-189.95409
-189.84351
-189.4407
-189.32981
-189.00072
-188.88958
-188.64301
-188.53166
-188.27627
-188.15635
-187.90046
-187.7803
-187.61602
-187.49567
-187.23049
-187.20222
-187.02903
-186.8999
-186.72643
-186.69809
-186.42334
-186.38653
-186.21258
-186.18415
-186.00157
-185.96467
-185.78187
-185.75338
-185.5619
-185.53338
-185.34168
-185.31313
-185.1212
-185.08412
-184.89195
-184.85483
-184.65392
-184.62526
-184.5433
-184.50611
-184.29629
-184.26757
-184.17693
-184.13966
-183.92943
-183.89211
-183.80983
-183.77249
-183.55327
-183.51588
-183.42486
-183.38745
-183.29636
-183.25892
-182.89314
-182.85562
-182.76427
-182.71812
-182.6267
-182.58052
-182.48043
-182.44281
-182.34264
-182.29639
-182.19614
-182.15847
-182.05814
-182.01181
-181.91141
-181.86504
-181.75591
-181.70951
-181.60893
-181.56249
-181.45318
-181.40669
-181.29729
-181.25077
-181.14127
-181.0947
-180.98511
-180.92982
-180.82013
-180.76479
-180.655
-180.59961
-180.48102
-180.42558
-180.30687
-180.25137
-180.13255
-180.077
-179.95806
-179.89372
-179.77466
-179.71026
-179.3898
-179.33402
-179.19705
-179.13245
-178.99533
-178.93065
-178.79337
-178.71983
-178.5736
-178.50877
-178.36236
-178.28864
-178.13324
-178.05942
-177.90382
-177.82108
-177.65642
-177.57357
-177.40868
-177.31685
-177.14286
-177.05089
-176.86776
-176.77564
-176.58333
-176.48217
-176.27171
-176.17037
-175.95062
-175.83122
-175.6021
-175.47352
-175.21703
-175.0792
-174.79518
-174.63902
-174.31824
-174.1346
-173.74962
-173.51106
-172.99762
-172.63069
-169.94713
-169.57359
-169.06678
-168.8216
-168.44313
-168.25307
-167.93881
-167.77627
-167.49862
-167.35443
-167.10428
-166.96916
-166.74669
-166.62071
-166.40722
-166.29987
-166.09542
-165.98787
-165.80199
-165.70373
-165.52702
-165.42859
-165.2611
-165.16251
-165.00426
-164.91505
-164.75656
-164.66722
-164.51804
-164.43812
-164.28873
-164.20869
-164.06868
-163.99811
-163.85791
-163.77767
-163.64688
-163.57613
-163.44518
-163.37435
-163.24324
-163.18194
-163.05067
-162.9893
-162.86753
-162.79644
-162.68418
-162.61301
-162.50062
-162.43904
-162.32653
-162.26489
-162.15226
-162.09055
-161.81285
-161.75101
-161.64774
-161.59556
-161.48246
-161.43022
-161.32674
-161.27446
-160.71216
-160.65967
-160.56548
-160.51295
-159.85956
-159.8068
-159.72194
-159.67896
-159.58419
-159.54118
-159.45618
-159.40328
-159.06166
-159.01851
-158.93322
-158.89004
-158.68595
-158.64269
-158.55721
-158.51392
-158.19024
-158.14685
-157.95174
-157.91823
-157.84231
-157.79882
-157.60329
-157.56971
-157.37389
-157.34026
-157.15414
-157.12047
-156.93409
-156.90037
-156.71374
-156.67996
-156.5031
-156.46929
-156.29219
-156.14771
-155.98031
-155.94638
-155.77877
-155.64391
-155.47598
-155.44193
-155.18271
-155.1486
-154.88888
-154.76339
-154.60466
-154.47894
-154.22828
-154.11245
-153.8714
-153.74508
-153.42157
-153.30512
-152.99095
-152.79195
-152.39428
-152.20483
-151.66069
-151.31468
-150.2664
-149.50798
-148.4152
-148.11464
-147.53413
-147.38106
-146.94738
-146.7937
-146.43338
-146.35431
-145.99291
-145.9136
-145.62663
-145.54712
-145.25943
-145.17972
-144.96716
-144.88729
-144.60915
-144.58341
-144.31557
-144.30066
-144.08681
-144.00645
-143.79216
-143.77721
-143.50786
-143.49287
-143.28877
-143.2628
-143.05838
-143.04335
-142.83861
-142.82355
-142.6185
-142.60342
-142.39805
-142.38295
-142.1883
-142.17318
-141.96719
-141.95204
-141.86757
-141.79703
-141.60159
-141.5753
-141.39066
-141.31989
-141.22392
-141.20869
-140.86754
-140.85227
-140.76715
-140.69606
-140.35366
-140.33834
-140.19689
-140.18155
-140.09602
-140.03581
-139.39912
-139.33861
-139.25256
-139.19198
-139.10584
-139.0452
-138.95896
-138.89826
-138.48338
-138.42247
-138.33584
-138.27487
-138.14268
-138.12711
-138.00616
-137.94503
-137.67568
-137.61441
-137.49301
-137.43166
-137.11548
-137.11125
-136.7484
-136.6982
-136.57599
-136.51422
-136.39184
-136.33
-136.17285
-136.1109
-135.98816
-135.92613
-135.76851
-135.70638
-135.54851
-135.48628
-135.32815
-135.26582
-135.10743
-135.0101
-134.85141
-134.75389
-134.5949
-134.53223
-134.33791
-134.24001
-134.08042
-133.98234
-133.78721
-133.68892
-133.45806
-133.35952
-133.16349
-133.02931
-132.79731
-132.66276
-132.43011
-132.29519
-131.99052
-131.85515
-131.51362
-131.34189
-130.96305
-130.71851
-130.22934
-129.87462
-127.02986
-126.72816
-126.1862
-125.95733
-125.56224
-125.40741
-125.08596
-124.93053
-124.64566
-124.52754
-124.24174
-124.12323
-123.87455
-123.79376
-123.54441
-123.46341
-123.25163
-123.17044
-122.95816
-122.87677
-122.66398
-122.62083
-122.4076
-122.32584
-122.15068
-122.10735
-121.89322
-121.8498
-121.67395
-121.63045
-121.45428
-121.37188
-121.23422
-121.19056
-121.01375
-120.97001
-120.79289
-120.74907
-120.61069
-120.56681
-120.38909
-120.34512
-120.20628
-120.16225
-120.0232
-119.9791
-119.83983
-119.79566
-119.65619
-119.61195
-119.47226
-119.42795
-119.28805
-119.28319
-119.14311
-119.09868
-118.81305
-118.7685
-118.62782
-118.62293
-118.48207
-118.4374
-118.33615
-118.29142
-118.19004
-118.14526
-117.30959
-117.26447
-117.16221
-117.11703
-117.01464
-117.00969
-116.86688
-116.86192
-116.75931
-116.71397
-116.35501
-116.35003
-116.20641
-116.20142
-115.84087
-115.83587
-115.73234
-115.6866
-115.47417
-115.46915
-115.3653
-115.31941
-115.1063
-115.10127
-114.88775
-114.88271
-114.77832
-114.62263
-114.518
-114.51294
-114.29833
-114.29325
-114.07823
-114.07315
-113.8577
-113.85261
-113.70584
-113.56251
-113.3461
-113.34098
-113.12414
-113.03567
-112.83217
-112.82703
-112.53944
-112.53429
-112.24594
-112.24078
-111.95168
-111.9465
-111.65664
-111.58108
-111.29027
-111.21446
-110.92268
-110.84663
-110.48282
-110.32106
-109.96979
-109.82158
-109.38258
-109.23358
-108.57541
-108.28033
-105.87997
-105.47315
-104.92619
-104.66585
-104.26541
-104.0789
-103.75192
-103.6403
-103.31193
-103.19983
-102.94638
-102.84915
-102.57952
-102.46662
-102.21135
-102.09804
-101.91894
-101.8053
-101.62569
-101.51172
-101.33158
-101.21729
-101.03662
-101.01534
-100.81873
-100.70386
-100.50664
-100.48525
-100.30326
-100.28182
-100.08378
-100.06229
-99.863808
-99.842272
-99.643353
-99.621769
-99.42241
-99.384974
-99.185138
-99.163455
-99.074217
-99.03665
-98.83611
-98.798452
-98.597427
-98.559679
-98.469894
-98.448053
-98.230322
-98.192432
-98.102311
-98.064371
-97.974132
-97.936143
-97.717271
-97.679182
-97.588587
-97.550448
-97.443615
-97.421544
-97.314569
-97.276322
-96.910193
-96.871786
-96.764204
-96.725739
-96.617994
-96.579472
-96.487844
-96.44927
-96.341215
-96.302582
-96.178032
-96.139333
-96.03093
-95.992172
-95.883602
-95.844784
-95.736048
-95.680754
-95.407332
-95.36832
-95.25904
-95.203469
-95.093999
-95.038332
-94.746479
-94.707195
-94.580544
-94.524575
-94.397679
-94.341601
-94.214459
-94.158272
-94.030882
-93.974585
-93.846946
-93.790539
-93.645876
-93.589348
-93.444374
-93.387724
-93.242436
-93.185663
-93.04006
-92.966269
-92.820322
-92.76329
-92.600061
-92.525919
-92.362271
-92.304957
-92.123867
-92.066404
-91.884844
-91.810124
-91.628056
-91.553126
-91.353353
-91.278198
-91.077822
-90.985177
-90.784154
-90.691209
-90.472172
-90.361524
-90.124259
-90.013184
-89.774998
-89.645969
-89.37166
-89.224445
-88.913509
-88.747837
-88.399694
-88.197444
-87.75767
-87.482144
-86.803826
-86.106704
-85.196503
-84.486119
-83.821037
-83.532527
-83.086967
-82.890704
-82.536888
-82.358389
-82.059723
-81.918543
-81.656749
-81.514871
-81.271107
-81.147914
-80.922458
-80.818172
-80.611281
-80.506592
-80.298899
-80.193802
-79.749286
-79.643464
-79.492816
-79.386653
-79.235517
-79.148857
-78.997266
-78.910344
-78.758294
-78.691072
-78.538598
-78.471188
-78.318286
-78.250686
-78.117463
-78.029561
-77.895959
-77.827992
-77.694044
-77.625901
-77.511871
-77.443567
-77.125871
-77.057225
-76.758395
-76.7099
-76.594507
-76.525384
-76.430267
-76.360996
-76.245075
-76.196253
-76.080081
-76.031153
-75.769749
-75.699873
-75.603717
-75.554481
-75.45814
-75.387976
-75.291422
-75.241981
-75.14524
-75.095703
-74.998773
-74.949139
-74.852019
-74.802288
-74.704977
-74.655148
-74.557645
-74.507718
-74.431128
-74.381116
-74.283253
-74.233141
-73.880386
-73.830001
-73.752708
-73.702235
-73.60347
-73.574248
-73.218318
-73.188942
-73.089483
-73.060055
-72.852694
-72.801597
-72.723211
-72.693635
-72.485226
-72.455552
-72.376792
-72.325359
-72.137663
-72.107847
-71.89774
-71.867824
-71.67893
-71.648923
-71.459451
-71.429351
-71.239295
-71.209103
-71.018457
-70.988171
-70.79693
-70.766549
-70.596962
-70.566494
-70.284769
-70.254166
-70.083339
-70.052648
-69.791358
-69.760539
-69.475545
-69.467201
-69.203701
-69.081727
-68.907993
-68.785495
-68.542294
-68.419141
-68.174633
-68.050814
-67.735444
-67.610821
-67.223324
-67.09775
-66.707273
-66.43902
-65.901791
-65.558405
-62.876773
-62.567006
-61.996233
-61.834651
-61.410717
-61.247591
-60.896998
-60.732492
-60.456904
-60.369307
-60.013584
-59.925338
-59.646022
-59.636303
-59.355627
-59.266401
-58.983965
-58.974137
-58.690294
-58.680417
-58.475789
-58.385219
-58.179552
-58.169589
-58.017332
-57.871785
-57.664288
-57.654235
-57.445951
-57.43586
-57.226782
-57.216652
-57.00677
-56.996601
-56.785906
-56.775697
-56.564179
-56.553931
-56.34158
-56.331291
-56.22995
-56.191693
-55.977968
-55.967612
-55.753028
-55.714444
-55.611979
-55.601555
-55.413907
-55.346713
-55.243565
-55.233072
-55.129712
-55.090691
-54.872678
-54.833475
-54.72936
-54.718768
-54.585665
-54.575046
-54.470437
-54.430944
-54.065203
-54.025414
-53.919739
-53.879842
-53.773881
-53.733876
-53.627626
-53.587512
-53.480972
-53.440747
-53.333914
-53.293579
-53.18645
-53.146002
-53.038575
-52.998015
-52.711791
-52.670979
-52.562582
-52.521654
-52.382969
-52.371902
-52.23282
-52.191633
-52.052069
-52.01074
-51.900963
-51.859513
-51.719052
-51.677457
-51.5365
-51.494757
-51.353299
-51.311406
-51.169441
-51.127398
-50.984921
-50.942726
-50.7688
-50.726424
-50.582818
-50.540287
-50.364971
-50.322256
-50.177492
-50.134618
-49.957878
-49.914815
-49.737294
-49.66242
-49.483995
-49.440518
-49.261289
-49.18569
-49.005529
-48.961627
-48.748426
-48.672031
-48.489961
-48.413158
-48.197531
-48.120261
-47.903316
-47.825571
-47.574276
-47.495992
-47.242945
-47.130794
-46.875775
-46.762744
-46.471918
-46.324006
-45.99627
-45.846824
-45.446578
-45.260625
-44.785055
-44.490551
-43.684228
-41.946366
-41.166533
-40.845948
-40.396183
-40.186868
-39.808639
-39.635869
-39.332285
-39.157413
-38.890501
-38.754187
-38.525274
-38.387664
-38.156552
-38.058901
-37.825781
-37.727274
-37.533965
-37.434691
-37.239863
-37.139803
-36.985914
-36.885165
-36.687419
-36.628757
-36.472712
-36.370541
-36.213384
-36.153953
-35.99585
-35.892322
-35.733061
-35.67283
-35.512585
-35.451979
-35.335214
-35.274303
-35.112239
-35.050941
-34.932835
-34.871222
-34.707276
-34.645262
-34.525768
-34.463427
-34.3433
-34.280627
-34.159858
-34.096848
-33.975426
-33.912073
-33.789986
-33.726285
-33.603524
-33.58627
-33.462995
-33.39867
-33.132776
-33.067809
-32.990242
-32.924994
-32.799234
-32.781556
-32.655244
-32.589325
-32.510616
-32.444403
-32.365342
-32.298832
-32.219414
-32.152601
-32.072821
-32.005702
-31.925555
-31.858126
-31.777607
-31.709863
-31.628966
-31.560903
-31.479624
-31.461205
-31.32957
-31.311063
-31.229133
-31.160197
-30.824114
-30.75427
-30.670853
-30.651949
-30.568252
-30.497823
-30.310231
-30.2392
-30.154358
-30.13513
-29.945266
-29.873367
-29.787483
-29.768018
-29.575797
-29.556193
-29.469384
-29.396322
-29.201655
-29.181799
-28.985691
-28.965687
-28.768106
-28.74795
-28.548862
-28.528552
-28.327922
-28.307453
-28.105245
-28.084613
-27.88079
-27.859992
-27.711255
-27.576642
-27.369035
-27.347848
-27.080549
-27.059136
-26.847528
-26.76731
-26.553376
-26.472267
-26.196035
-26.173898
-25.894483
-25.811304
-25.52792
-25.443542
-25.093497
-25.007653
-24.651418
-24.56403
-24.136273
-23.981602
-23.476451
-23.24994
-22.520245
-21.856986
-21.004476
-20.291732
-19.612224
-19.340509
-18.877632
-18.679468
-18.285892
-18.167911
-17.851216
-17.730342
-17.405687
-17.281697
-17.040879
-16.914216
-16.668089
-16.633277
-16.382931
-16.25114
-16.09272
-15.958533
-15.797179
-15.660459
-15.496002
-15.458551
-15.291923
-15.150644
-14.980591
-14.941849
-14.769392
-14.730093
-14.555128
-14.515249
-14.337662
-14.297177
-14.116847
-14.075727
-13.892523
-13.850737
-13.664516
-13.622031
-13.43264
-13.389419
-13.315188
-13.271584
-13.077119
-13.032719
-12.834635
-12.789393
-12.711659
-12.665977
-12.335375
-12.288295
-12.20737
-12.159795
-11.815038
-11.765876
-11.681332
-11.631605
-11.546079
-11.495767
-11.409222
-11.358303
-11.270703
-11.219156
-10.248785
-10.192071
-10.094355
-10.036769
-9.9375254
-9.8790248
-9.7781807
-9.718721
-9.616196
-9.5557284
-9.2837514
-9.2211041
-9.1129823
-9.0491529
-8.7614646
-8.695055
-8.580307
-8.5124843
-8.3952413
-8.3259112
-8.2060029
-8.1350602
-8.0122962
-7.9396229
-7.813789
-7.7392518
-7.6101055
-7.5335534
-7.4008184
-7.3220785
-7.1854381
-7.1043114
-6.9633991
-6.8796547
-6.734043
-6.6474097
-6.4965947
-6.4067514
-6.250132
-6.1566931
-5.993543
-5.8960391
-5.7254663
-5.6233162
-5.4442053
-5.3366743
-5.1475994
-5.0337362
-4.8328239
-4.7113594
-4.4960643
-4.3652393
-4.1319488
-3.9892006
-3.7324802
-3.5738116
-3.2847855
-3.1033106
-2.7655421
-2.5473405
-2.1228826
-1.8295767
-1.1683484
-0.45360602
0.45360602
1.1683484
1.8295767
2.1228826
2.5473405
2.7655421
3.1033106
3.2847855
3.5738116
3.7324802
3.9892006
4.1319488
4.3652393
4.4960643
4.7113594
4.8328239
5.0337362
5.1475994
5.3366743
5.4442053
5.6233162
5.7254663
5.8960391
5.9935429
6.1566931
6.250132
6.4067514
6.4965947
6.6474097
6.734043
6.8796547
6.9633991
7.1043114
7.1854381
7.3220785
7.4008184
7.5335534
7.6101055
7.7392518
7.813789
7.9396229
8.0122962
8.1350602
8.2060029
8.3259112
8.3952413
8.5124843
8.580307
8.695055
8.7614646
8.8738703
8.9389515
9.0491529
9.1129823
9.2211041
9.2837514
9.389907
9.4514355
9.5557284
9.616196
9.718721
9.7781807
9.8790248
9.9375254
10.036769
10.094355
10.192071
10.248785
10.345043
10.400922
10.935551
10.988428
11.078261
11.130461
11.219156
11.270703
11.358303
11.409222
11.495767
11.546079
11.631605
11.681332
12.029922
12.078009
12.159795
12.20737
12.288295
12.335375
12.541347
12.587481
12.665977
12.711659
12.911629
12.956444
13.032719
13.077119
13.271584
13.315188
13.389419
13.43264
13.622031
13.664516
13.850737
13.892523
14.075727
14.116847
14.297177
14.337662
14.515249
14.555128
14.730093
14.769392
14.941849
14.980591
15.25397
15.291923
15.458551
15.496002
15.760443
15.797179
16.056661
16.09272
16.347512
16.382931
16.633277
16.762064
17.00683
17.040879
17.372353
17.4957
17.730342
17.851216
18.167911
18.371594
18.763372
18.960659
19.421557
19.692154
20.445967
22.310013
23.18228
23.409446
23.916012
24.071105
24.499999
24.587615
24.944761
25.030821
25.381731
25.466314
25.750375
25.833751
26.113816
26.196035
26.412863
26.494154
26.708562
26.788956
27.001023
27.080549
27.29035
27.311582
27.576642
27.597653
27.803553
27.824393
27.972528
28.105245
28.307453
28.327922
28.528552
28.548862
28.74795
28.768106
28.965687
29.039832
29.073943
29.147814
29.342838
29.362585
29.556193
29.575797
29.662294
29.734703
29.925903
29.945266
30.030698
30.102221
30.291101
30.310231
30.446274
30.465306
30.651949
30.722025
30.805304
30.824114
30.957899
30.976617
31.059213
31.128373
31.461205
31.529483
31.610635
31.67859
31.759361
31.777607
31.907394
31.925555
32.054743
32.072821
32.201418
32.219414
32.347428
32.365342
32.492782
32.558897
32.637489
32.703311
32.781556
32.84709
33.115277
33.180152
33.304474
33.321873
33.445669
33.509903
33.772828
33.836441
33.958361
34.021627
34.142886
34.205811
34.326418
34.389008
34.508975
34.571234
34.690571
34.752505
34.916238
34.977773
35.095727
35.156947
35.318806
35.37964
35.540484
35.600939
35.716836
35.820872
35.979743
36.039462
36.197374
36.256734
36.456816
36.515754
36.671616
36.77295
36.970239
37.02836
37.224295
37.324129
37.518519
37.617572
37.810454
37.908744
38.141358
38.238797
38.469415
38.606735
38.875594
39.011484
39.277573
39.451913
39.754583
39.92684
40.30396
40.551424
41.03778
41.394843
44.242717
44.574114
45.086763
45.308112
45.709571
45.859465
46.222167
46.336517
46.661863
46.775138
47.030703
47.143091
47.396672
47.508195
47.726936
47.804842
48.054931
48.132305
48.348223
48.425129
48.607442
48.683939
48.897421
48.94138
49.121776
49.197473
49.376934
49.452241
49.630781
49.674091
49.851836
49.894954
50.071915
50.114844
50.291031
50.333773
50.478088
50.520672
50.695449
50.73785
50.881019
50.923266
51.065915
51.108009
51.280784
51.292086
51.647051
51.658273
51.798898
51.840397
51.980529
52.021883
52.161528
52.172639
52.311882
52.352973
52.641148
52.681983
52.819883
52.830856
52.968368
52.97931
53.116438
53.127349
53.264096
53.304454
53.411346
53.451593
53.558191
53.598328
53.704635
53.744662
53.85068
53.890599
53.996331
54.007065
54.141589
54.152294
54.286459
54.297136
54.402078
54.441592
54.80482
54.815396
54.947942
54.95849
55.062171
55.129712
55.318324
55.328802
55.460121
55.470571
55.686243
55.753028
55.827105
55.837487
56.051748
56.062088
56.163732
56.22995
56.414884
56.425157
56.637195
56.647428
56.858637
56.86883
57.07922
57.089374
57.298954
57.309069
57.517848
57.527925
57.735912
57.745951
57.953156
58.0444
58.250544
58.260494
58.54642
58.55632
58.760668
58.85066
59.053989
59.143534
59.425213
59.434966
59.71527
59.803825
60.082408
60.170423
60.447316
60.612596
60.887479
61.051568
61.401278
61.563997
62.062858
62.299534
62.942467
63.473513
64.980815
65.543285
66.1547
66.4241
66.886723
67.082976
67.4014
67.526409
67.842752
67.943834
68.281251
68.404653
68.648341
68.771084
69.036236
69.044631
69.308736
69.430312
69.602742
69.723804
69.89551
69.92627
70.209434
70.240056
70.410503
70.552447
70.722141
70.752542
70.921757
70.974207
71.142895
71.173116
71.363348
71.393475
71.583122
71.613157
71.802224
71.854031
72.042465
72.072309
72.151402
72.202959
72.390485
72.420185
72.628781
72.658384
72.758432
72.787982
72.995527
73.046488
73.124527
73.153929
73.51017
73.539418
73.638269
73.667466
73.766146
73.816575
74.021236
74.071491
74.169633
74.219788
74.296595
74.346664
74.444444
74.494414
74.591999
74.64187
74.739263
74.76803
74.865259
74.914949
75.011987
75.061579
75.179325
75.228807
75.325441
75.374827
75.471274
75.520565
75.637596
75.686779
75.782829
75.831917
76.113748
76.162623
76.278669
76.327438
76.443234
76.512431
76.627948
76.676495
76.791765
76.860648
76.975642
77.044361
77.159081
77.227637
77.342085
77.410479
77.544917
77.59289
77.727012
77.795067
77.928842
77.996721
78.13015
78.217939
78.350991
78.418505
78.571212
78.638536
78.790817
78.877871
79.02969
79.116481
79.267844
79.354374
79.525039
79.61129
79.781404
79.887043
80.056572
80.161849
80.350349
80.455242
80.643056
80.767019
80.973512
81.096969
81.321942
81.464156
81.707345
81.848889
82.129198
82.289107
82.605962
82.8029
83.174472
83.426571
83.926495
84.306866
86.995991
87.345017
87.87628
88.097099
88.499696
88.665833
88.995285
89.160498
89.435455
89.582323
89.838507
89.949798
90.187522
90.298383
90.535192
90.628297
90.846957
90.939743
91.140423
91.215692
91.415766
91.490808
91.673148
91.765099
91.92981
92.004433
92.185758
92.260173
92.424002
92.481243
92.644681
92.718728
92.864835
92.938707
93.084469
93.141303
93.286748
93.34346
93.48859
93.545179
93.689998
93.746465
93.890973
93.930598
94.074823
94.131059
94.258314
94.314441
94.607628
94.663548
94.790088
94.829337
94.955656
95.011372
95.120937
95.176555
95.28593
95.341453
95.450639
95.489617
95.926694
95.965479
96.073956
96.112681
96.220992
96.259658
96.367804
96.406411
96.514393
96.552941
96.660759
96.699249
97.211709
97.249982
97.357027
97.379113
97.486017
97.524182
97.614836
97.652951
97.871966
97.90998
98.000278
98.038242
98.128422
98.166337
98.38421
98.406065
98.495908
98.533681
98.750744
98.772518
98.862028
98.899661
99.100073
99.12177
99.337547
99.359193
99.558679
99.580276
99.779321
99.816609
99.889459
