input_critslice_7
6 1

6
0.0000000000000000000000000000000000000000000000000000000000000000000000000000000000000000000000000000000000000000000000000000000000000000000000000000000000000000000000000000000000000000000000000000000000000000000000000000000000000000000000000000000000000000000000000000000000000000000000000000000000000000000000e0 0.0000000000000000000000000000000000000000000000000000000000000000000000000000000000000000000000000000000000000000000000000000000000000000000000000000000000000000000000000000000000000000000000000000000000000000000000000000000000000000000000000000000000000000000000000000000000000000000000000000000000000000000000e0
0.1428180161525717562390921119425403679726480992541610753921147506541333356188999481193824028771004789007806472542931618352744362449495981109549344672228551767451837215918615670241306518275886885085684949244883766164478197905025373230685870715214204534549177874955931299957972508677374942890513058438988638881779e0 -0.0000000000000000000000000000000000000000000000000000000000000000000000000000000000000000000000000000000000000000000000000000000000000000000000000000000000000000000000000000000000000000000000000000000000000000000000000000000000000000000000000000000000000000000000000000000000000000000000000000000000000000000000e0
-0.4071394056161151665663283825553968495214152159069635718918561758276111364193128815415631111848959293164262841589732618124068436403834022769338478926928678269083580504074907744254839599406086747530644465690561758675723338300837630593584220387258914092434599898388262169440035845767436156149299557008751789403462e-1 -0.0000000000000000000000000000000000000000000000000000000000000000000000000000000000000000000000000000000000000000000000000000000000000000000000000000000000000000000000000000000000000000000000000000000000000000000000000000000000000000000000000000000000000000000000000000000000000000000000000000000000000000000000e0
0.4783998583289062626179309942993392795154889148023752680485341861388250628271220358584242013126123635895984544658484422881356606530980869815738600489687761008838167487584474840821331684716036165138054394829193337683608852214942796628612578403013954453331843282957096568834023057149203570064959987876632003866498e0 -0.0000000000000000000000000000000000000000000000000000000000000000000000000000000000000000000000000000000000000000000000000000000000000000000000000000000000000000000000000000000000000000000000000000000000000000000000000000000000000000000000000000000000000000000000000000000000000000000000000000000000000000000000e0
0.5124949966315066940932252750454816577058011161374864974464082047329223693991073957660238475942511065948977070074487916759879985334073829507296924172686388653177130706109262552555716916055908954487902733906331017342279699542566863126474142455480214266892541496944128648179635947418900653997820612816024599823768e0 -0.0000000000000000000000000000000000000000000000000000000000000000000000000000000000000000000000000000000000000000000000000000000000000000000000000000000000000000000000000000000000000000000000000000000000000000000000000000000000000000000000000000000000000000000000000000000000000000000000000000000000000000000000e0
-0.6974437922046074652637463626385541602866954704157272798236738632717849635867622802158852278418709383140051045702293541332898038378858075654718861047365767069640297298349365315375504699602787056392925406273057167764044547759887611738740454174590075503048287771285222895730752995857085850472837915499569424483977e0 -0.0000000000000000000000000000000000000000000000000000000000000000000000000000000000000000000000000000000000000000000000000000000000000000000000000000000000000000000000000000000000000000000000000000000000000000000000000000000000000000000000000000000000000000000000000000000000000000000000000000000000000000000000e0


1

6
0.5259477117771178897576406236555301538775375339888575836124494336982578318329446026381557760536743667021974025446538130266408075764602013097555057111774678866033361468705383242607269972220610265000796571151380052609773569823885563875179077492087228653033003199919632655260507171945842667702755480938807612460652e0 -0.5173549140287000423146875013531782686147765930110055071634032718012230876401075072586591783190889346559405157163194793745513405682755024917129655854612874293718977083038560778777439491672350131675173118445862303458232359990618995854635835117344601890165853076888360195046171661804840351493950494548126171655109e0
-0.1885555691878134330658880716376912188481957632800394668235747322246560092869606516837383609778526440123839355916688698576267628217588717207426792650297569371400519233598321238151645270687637213884006032899010515059209267875488142149938728406840577633237144935182143213078136744015850514880738854160040869737179e0 -0.2026248179741765897909185721743661581151351330007563921025166926949480982210953035039324598773996863980206836722455576654478705110805333181852298079728775187526129960287133592463037587124852329208084169499568757854574418571922797234379545800894246540972291511112169660477439149761967558776314893225200943186073e0
0.3584423416423688491079316539698001267670684390882236969690574792432122695576157953913710186156315817107278839826466391400601962513916563918707131113462251444352679676171756912556327672209098935836698887264839257088611079480403582037943391688086943762963924003343087233867435704093849169355536503126980037814358e0 -0.4860048207862371348824899233170393868146602446275484599415486791986477095379849452415991962279274852641271913028323784773812713302035578536473314215496769057415917213537513276217629674878092498751383745580442964318572881361972183134852789758999548527890922440809551830059749097510110284258138439109656952548368e-2
0.1660716857997404377305880899791798376951522978445351262763822699699592900426708251781536238272699761254783045910140884074655383096574875454577686244595911134006044983774852463583875588616152967534303631132429287473501305918985018977115671108989782924658884161825579976233693064294301768227135892544753600098241e0 0.1413697384297208773347641206254283956235434710959060885523821719023551464096009379734611807580307352019913367660352296223038149961756698654966516988362415968333861667309532135983346218373560198353163577650702129087001411742173277408602322315036059117860348474948940162036960343259518195455967409464737779087342e0
-0.3381972056030903676973033843432262627671655351733377613397219690845220410516406389654822217601116480910807039496257045939737336755932833609680324648285219198322674620295938288659559551259754467373301192789226535802709864268473695887143378774048506383595306309161195929657821628657546528093453877617394547693513e0 -0.1511945265328442893792856636060748049194418216918797951074722087209089524095288261098297217615067807854892754434005522018349303039547085030694315213718236602370172648425626271335530419358278021564856274449835609970440162201735933350793411270004851129066632318348432921504062650036294488106386870127050407603248e-1
-0.2964684756617187612141330332429424049800478126200379410324972267225297291886533780111073491298320489671033333147910158116471963796684280610880873977903938684282731660188270543583659580340195067543987636131266521918091607035050370752674479442962867202484825922433417035517043246799032122299181601725988981940572e0 -0.2331593810683537147262626927992568811602912825977803072698126257217735821655753680014074819460311395884342542185040619443241550848713865655976098303096352832009792108616560346998841857890740518251575420811693976582037207402809053806448160057182345316813642124684769964652387522017942140690243248499296552991408e-1



0.5291502622129181181674650868984599583200179040431976318359375000000000000000000000000000000000000000000000000000000000000000000000000000000000000000000000000000000000000000000000000000000000000000000000000000000000000000000000000000000000000000000000000000000000000000000000000000000000000000000000000000000000e1 0.0000000000000000000000000000000000000000000000000000000000000000000000000000000000000000000000000000000000000000000000000000000000000000000000000000000000000000000000000000000000000000000000000000000000000000000000000000000000000000000000000000000000000000000000000000000000000000000000000000000000000000000000e0
5
0.0000000000000000000000000000000000000000000000000000000000000000000000000000000000000000000000000000000000000000000000000000000000000000000000000000000000000000000000000000000000000000000000000000000000000000000000000000000000000000000000000000000000000000000000000000000000000000000000000000000000000000000000e0 0.0000000000000000000000000000000000000000000000000000000000000000000000000000000000000000000000000000000000000000000000000000000000000000000000000000000000000000000000000000000000000000000000000000000000000000000000000000000000000000000000000000000000000000000000000000000000000000000000000000000000000000000000e0
0.0000000000000000000000000000000000000000000000000000000000000000000000000000000000000000000000000000000000000000000000000000000000000000000000000000000000000000000000000000000000000000000000000000000000000000000000000000000000000000000000000000000000000000000000000000000000000000000000000000000000000000000000e0 0.0000000000000000000000000000000000000000000000000000000000000000000000000000000000000000000000000000000000000000000000000000000000000000000000000000000000000000000000000000000000000000000000000000000000000000000000000000000000000000000000000000000000000000000000000000000000000000000000000000000000000000000000e0
0.0000000000000000000000000000000000000000000000000000000000000000000000000000000000000000000000000000000000000000000000000000000000000000000000000000000000000000000000000000000000000000000000000000000000000000000000000000000000000000000000000000000000000000000000000000000000000000000000000000000000000000000000e0 0.0000000000000000000000000000000000000000000000000000000000000000000000000000000000000000000000000000000000000000000000000000000000000000000000000000000000000000000000000000000000000000000000000000000000000000000000000000000000000000000000000000000000000000000000000000000000000000000000000000000000000000000000e0
0.0000000000000000000000000000000000000000000000000000000000000000000000000000000000000000000000000000000000000000000000000000000000000000000000000000000000000000000000000000000000000000000000000000000000000000000000000000000000000000000000000000000000000000000000000000000000000000000000000000000000000000000000e0 0.0000000000000000000000000000000000000000000000000000000000000000000000000000000000000000000000000000000000000000000000000000000000000000000000000000000000000000000000000000000000000000000000000000000000000000000000000000000000000000000000000000000000000000000000000000000000000000000000000000000000000000000000e0
0.0000000000000000000000000000000000000000000000000000000000000000000000000000000000000000000000000000000000000000000000000000000000000000000000000000000000000000000000000000000000000000000000000000000000000000000000000000000000000000000000000000000000000000000000000000000000000000000000000000000000000000000000e0 0.0000000000000000000000000000000000000000000000000000000000000000000000000000000000000000000000000000000000000000000000000000000000000000000000000000000000000000000000000000000000000000000000000000000000000000000000000000000000000000000000000000000000000000000000000000000000000000000000000000000000000000000000e0


1
0.66078319711721650054356627657092815297801280394197e0 0.00000000000000000000000000000000000000000000000000e0
