11
COLRED EXAMPLE PROGRAM DATA (1)
 1   1   1   0.0D-00
P0
 1.0
P1
 2.0
COLRED EXAMPLE PROGRAM DATA (2)
 2   2   3   1.0D-10
P0
 1.0D-00  1.0D-00
-2.0D-00 -1.0D-00
P1
 2.0D-00  1.0D-02
-3.0D-00  0.0D-00
P2
 1.0D-00  0.0D-00
 2.0D-00  0.0D-00
P3
 1.0D-00  0.0D-00
 0.0D-00  0.0D-00
COLRED EXAMPLE PROGRAM DATA (3)
 2   2   3   1.0D-12
P0
 1.0D-00  1.0D-00
-2.0D-00 -1.0D-00
P1
 2.0D-00  1.0D-02
-3.0D-00  0.0D-00
P2
 1.0D-00  0.0D-00
 2.0D-00  0.0D-00
P3
 1.0D-00  0.0D-00
 0.0D-00  0.0D-00
COLRED EXAMPLE PROGRAM DATA (4)
 3   3   6   0.0D-00
P0
 0.0D-00  0.0D-00  1.0D-00
 0.0D-00  1.0D-00  0.0D-00
 1.0D-00  0.0D-00  1.0D-00
P1
 0.0D-00  0.0D-00  0.0D-00
 0.0D-00  0.0D-00  0.0D-00
 0.0D-00  0.0D-00  0.0D-00
P2
 0.0D-00  1.0D-00  0.0D-00
 1.0D-00  0.0D-00  0.0D-00
 0.0D-00  0.0D-00  0.0D-00
P3
 0.0D-00  0.0D-00  0.0D-00
 0.0D-00  0.0D-00  0.0D-00
 0.0D-00  0.0D-00  0.0D-00
P4
 1.0D-00  0.0D-00  0.0D-00
 0.0D-00  0.0D-00  1.0D-00
 0.0D-00  0.0D-00  0.0D-00
P5
 0.0D-00  0.0D-00  0.0D-00
 0.0D-00  0.0D-00  0.0D-00
 0.0D-00  0.0D-00  0.0D-00
P6
 0.0D-00  0.0D-00  1.0D-00
 0.0D-00  0.0D-00  0.0D-00
 0.0D-00  0.0D-00  0.0D-00
COLRED EXAMPLE PROGRAM DATA (5)
 4   9   2   0.0D-00
P0
 0.0D-00  0.0D-00  0.0D-00  0.0D-00
 0.0D-00 -1.0D-00  0.0D-00  0.0D-00
 0.0D-00
 0.0D-00  0.0D-00  0.0D-00  0.0D-00
 0.0D-00  0.0D-00 -1.0D-00  0.0D-00
 0.0D-00
 0.0D-00  0.0D-00  0.0D-00  0.0D-00
 0.0D-00  0.0D-00  0.0D-00 -1.0D-00
 0.0D-00
 0.0D-00  0.0D-00  0.0D-00  0.0D-00
 0.0D-00  0.0D-00  0.0D-00  0.0D-00
-1.0D-00
P1
 0.0D-00  0.0D-00  0.0D-00  0.0D-00
 0.0D-00  1.0D-00  0.0D-00  0.0D-00
 0.0D-00
 0.0D-00  0.0D-00  0.0D-00  0.0D-00
 0.0D-00  0.0D-00  1.0D-00  1.0D-00
 0.0D-00
 0.0D-00  0.0D-00  0.0D-00  1.0D-00
 0.0D-00  0.0D-00  0.0D-00  1.0D-00
 0.0D-00
 0.0D-00  0.0D-00  0.0D-00  0.0D-00
 1.0D-00  0.0D-00  0.0D-00  0.0D-00
 1.0D-00
P2
 1.0D-00  0.0D-00  0.0D-00  0.0D-00
 0.0D-00  0.0D-00  0.0D-00  0.0D-00
 0.0D-00
 0.0D-00  0.0D-00  0.0D-00  0.0D-00
 0.0D-00  0.0D-00  0.0D-00  0.0D-00
 0.0D-00
 0.0D-00  0.0D-00  0.0D-00  0.0D-00
 0.0D-00  0.0D-00  0.0D-00  0.0D-00
 0.0D-00
 0.0D-00  0.0D-00  0.0D-00  0.0D-00
 0.0D-00  0.0D-00  0.0D-00  0.0D-00
 0.0D-00
COLRED EXAMPLE PROGRAM DATA (6)
 2   2   1   0.0D-00
P0
 1.0D-00  1.0D-00
-2.0D-00 -2.0D-00
P1
 1.0D-00  1.0D-00
 0.0D-00  0.0D-00
COLRED EXAMPLE PROGRAM DATA (7)
 3   2   0   0.0D-00
P0
 0.0D-00  0.0D-00
 0.0D-00  0.0D-00
 0.0D-00  0.0D-00
COLRED EXAMPLE PROGRAM DATA (8)
 1   2   0   0.0D-00
P0
 1.5D-00  2.7D-00 
COLRED EXAMPLE PROGRAM DATA (9)
 1   3   0   0.0D-00
P0
 1.2D-00  1.56D-00  -0.361D-00
COLRED EXAMPLE PROGRAM DATA (10)
 4   4   0   0.0D-00
P0
 0.0D-00  0.0D-00  1.0D-00  1.0D-00
 1.0D-00  1.0D-00  2.0D-00  2.0D-00
 0.0D-00  0.0D-00  0.0D-00  0.0D-00
 1.0D-00  1.0D-00 -3.0D-00 -3.0D-00
COLRED EXAMPLE PROGRAM DATA (11)
 0   0   0   0.0D-00
P0
 1.0D-00   2.0D-00 3   3   6   0.0D-00

