1       75
0               -0.4984740913   1
0.08490791172   0.2070840895    1
0.1698158234    0.2497286946    1
0.2547237277    0.4025464952    1
0.3396316469    0.5528773069    1
0.424539566     0.7999916077    1
0.5094474554    0.7558646202    1
0.5943553448    0.1115960479    1
0.6792632341    0.7819774747    1
0.7641711235    1.190565586     1
0.8490790129    0.5080308914    1
0.9339869022    0.9061027765    1
1.018894792     1.13950491      1
1.103802681     1.018682957     1
1.18871057      0.5855756998    1
1.27361846      1.055037498     1
1.358526349     0.8343111277    1
1.443434238     1.183271408     1
1.528342128     1.327633381     0.01
1.613250017     1.08789885      1.1
1.698157907     1.336395741     0.01
1.783065796     0.8448857069    1.6
1.867973685     1.335422158     0.01
1.952881575     0.796653986     1.7
2.037789583     1.378475666     0.01
2.122697592     0.42704615      1
2.2076056       0.4732196927    1
2.292513609     1.23632884      1
2.377421618     0.956232667     1
2.462329626     0.6160354614    1
2.547237635     0.8678176403    1
2.632145643     0.7240186334    1
2.717053652     0.3270072043    1
2.80196166      0.3592244983    1
2.886869669     -0.09357082844  1
2.971777678     -0.1633491367   1
3.056685686     0.007174707949  1
3.141593695     -0.1377976537   1
3.226501703     0.2336563766    1
3.311409712     -0.5924780369   1
3.39631772      -0.2315246463   1
3.481225729     -0.4150897264   1
3.566133738     -0.252682358    1
3.651041746     -0.4778771698   1
3.735949755     -0.3662400246   1
3.820857763     -0.7627221346   1
3.905765772     -0.4058259726   1
3.99067378      -0.4862729311   1
4.075581551     -1.127420902    1
4.160489559     -1.22510922     1
4.245397568     -0.8344160914   1
4.330305576     -1.040753126    1
4.415213585     -1.002791405    1
4.500121593     -0.6048465371   1
4.585029602     -0.9061068892   1
4.669937611     -1.324184895    0.0001
4.754845619     -1.240611076    0.0001
4.839753628     -1.465700388    0.0001
4.924661636     -0.7502180934   1
5.009569645     -1.281556845    1
5.094477654     -0.8515850902   1
5.179385662     -1.134116173    1
5.264293671     -1.259027243    1
5.349201679     -0.6208944917   1
5.434109688     -0.6094859242   1
5.519017696     -0.6995429397   1
5.603925705     -1.087536573    1
5.688833714     -0.8127297163   1
5.773741722     -0.05017724633  1
5.858649731     -0.0130649507   1
5.943557739     -0.6518893242   1
6.028465748     -0.08803871274  1
6.113373756     -0.4693475962   1
6.198281765     0.3151907921    1
6.283185482     -0.1264284551   1
