    1   75
    0.0000000000E+00   -0.4999847412E+00    0.1000000000E+01
    0.1698158234E+00    0.2644383311E+00    0.1000000000E+01
    0.3396316469E+00    0.7652677298E+00    0.1000000000E+01
    0.5094474554E+00    0.2958661616E+00    0.1000000000E+01
    0.6792632937E+00    0.8149523139E+00    0.1000000000E+01
    0.8490791321E+00    0.3099078536E+00    0.1000000000E+01
    0.1018894911E+01    0.6759206653E+00    0.1000000000E+01
    0.1188710690E+01    0.1423021317E+01    0.1000000000E+01
    0.1358526468E+01    0.7738396525E+00    0.1000000000E+01
    0.1528342247E+01    0.9645296335E+00    0.1000000000E+01
    0.1698158026E+01    0.8111039400E+00    0.1000000000E+01
    0.1867973804E+01    0.8540610671E+00    0.1000000000E+01
    0.2037789583E+01    0.6434943676E+00    0.1000000000E+01
    0.2207605362E+01    0.9773778915E+00    0.1000000000E+01
    0.2377421141E+01    0.1155378580E+01    0.1000000000E+01
    0.2547236919E+01    0.5608372092E+00    0.1000000000E+01
    0.2717052698E+01    0.1333558261E+00    0.1000000000E+01
    0.2886868477E+01    0.5444405079E+00    0.1000000000E+01
    0.3056684256E+01    0.1387546957E+00    0.1000000000E+01
    0.3226500034E+01   -0.4640606046E-01    0.1000000000E+01
    0.3396315813E+01   -0.6211619377E+00    0.1000000000E+01
    0.3566131592E+01   -0.7298605442E+00    0.1000000000E+01
    0.3735947371E+01   -0.4223455191E+00    0.1000000000E+01
    0.3905763149E+01   -0.1970501542E+00    0.1000000000E+01
    0.4075579166E+01   -0.1153466582E+01    0.1000000000E+01
    0.4245395184E+01   -0.9414112568E+00    0.1000000000E+01
    0.4415211201E+01   -0.1444829226E+01    0.1000000000E+01
    0.4585027218E+01   -0.8872159123E+00    0.1000000000E+01
    0.4754843235E+01   -0.7966193557E+00    0.1000000000E+01
    0.4924659252E+01   -0.1017312527E+01    0.1000000000E+01
    0.5094475269E+01   -0.7059081197E+00    0.1000000000E+01
    0.5264291286E+01   -0.9993504286E+00    0.1000000000E+01
    0.5434107304E+01   -0.7921532393E+00    0.1000000000E+01
    0.5603923321E+01   -0.8106176853E+00    0.1000000000E+01
    0.5773739338E+01   -0.9213016033E+00    0.1000000000E+01
    0.5943555355E+01   -0.3613902628E+00    0.1000000000E+01
    0.6113371372E+01   -0.3284633756E+00    0.1000000000E+01
    0.6283187389E+01   -0.1170269921E+00    0.1000000000E+01
    0.6453003407E+01    0.2604885101E+00    0.1000000000E+01
    0.6622819424E+01    0.2809028625E+00    0.1000000000E+01
    0.6792635441E+01    0.5081062317E+00    0.1000000000E+01
    0.6962451458E+01    0.3939428329E+00    0.1000000000E+01
    0.7132267475E+01    0.3447766900E+00    0.1000000000E+01
    0.7302083492E+01    0.3661184609E+00    0.1000000000E+01
    0.7471899509E+01    0.8478949070E+00    0.1000000000E+01
    0.7641715527E+01    0.1302794456E+01    0.1000000000E+01
    0.7811531544E+01    0.1120248079E+01    0.1000000000E+01
    0.7981347561E+01    0.6485185027E+00    0.1000000000E+01
    0.8151163101E+01    0.1167373419E+01    0.1000000000E+01
    0.8320979118E+01    0.5637946129E+00    0.1000000000E+01
    0.8490795135E+01    0.7734689713E+00    0.1000000000E+01
    0.8660611153E+01    0.3001527190E+00    0.1000000000E+01
    0.8830427170E+01    0.3758479953E+00    0.1000000000E+01
    0.9000243187E+01    0.5739247799E+00    0.1000000000E+01
    0.9170059204E+01   -0.6206506491E-01    0.1000000000E+01
    0.9339875221E+01   -0.6143406779E-01    0.1000000000E+01
    0.9509691238E+01   -0.1789060235E+00    0.1000000000E+01
    0.9679507256E+01    0.1560809314E+00    0.1000000000E+01
    0.9849323273E+01   -0.3444082439E+00    0.1000000000E+01
    0.1001913929E+02   -0.4323456287E+00    0.1000000000E+01
    0.1018895531E+02   -0.7887846828E+00    0.1000000000E+01
    0.1035877132E+02   -0.5356481075E+00    0.1000000000E+01
    0.1052858734E+02   -0.7319843173E+00    0.1000000000E+01
    0.1069840336E+02   -0.5419701934E+00    0.1000000000E+01
    0.1086821938E+02   -0.5123789310E+00    0.1000000000E+01
    0.1103803539E+02   -0.1146828890E+01    0.1000000000E+01
    0.1120785141E+02   -0.7143737078E+00    0.1000000000E+01
    0.1137766743E+02   -0.9800643921E+00    0.1000000000E+01
    0.1154748344E+02   -0.1294685245E+01    0.1000000000E+01
    0.1171729946E+02   -0.1231471181E+01    0.1000000000E+01
    0.1188711548E+02   -0.7071409225E+00    0.1000000000E+01
    0.1205693150E+02   -0.2747861445E+00    0.1000000000E+01
    0.1222674751E+02   -0.2609732747E-01    0.1000000000E+01
    0.1239656353E+02   -0.2904769182E+00    0.1000000000E+01
    0.1256637096E+02   -0.6848976761E-01    0.1000000000E+01
