   180
     1   -1.105049794910778E+01    2.725489424767600E-03
     2   -4.234541778554654E-01    3.280757598755921E-01
     3   -8.330493576744316E-01    1.320734142661191E+00
     4   -1.087661811915549E+01   -1.654468186851131E-01
     5   -6.329686685543264E-01   -5.206882831428510E-02
     6   -4.095382367817621E-01    1.333678450000000E-08
     7   -5.684319899767125E+00    5.027004515183624E+00
     8   -6.332603669750447E+00   -3.017586888737935E-01
     9   -4.401661715177401E-01    2.690340012601025E-01
    10   -9.781504356163331E-01    1.465581080098257E-01
    11   -7.772199946395420E+00   -4.750136425340605E+00
    12   -4.154661283488176E+00   -2.786132798733809E-01
    13   -7.268702161818755E-01    2.983904754199625E-01
    14   -6.177008656140686E-01   -3.500894475814082E-01
    15   -7.976732608878888E+00    4.687241324568268E+00
    16   -3.863498594006462E+00   -3.390063841185576E-01
    17   -7.290664665006088E-01   -1.226955360665721E-01
    18   -7.035764057926188E-01   -4.768123266640674E-01
    19   -7.801355264304195E+00    4.760814816475661E+00
    20   -4.021699871205263E+00    2.284326604768003E-01
    21   -7.729992732864039E-01    2.341036232297249E-01
    22   -9.590001515218934E-01   -3.905464351125865E-01
    23   -9.154338626670638E+00    3.984774972367680E+00
    24   -2.601878217634287E+00   -2.434964905024063E-01
    25   -8.741593177525593E-01    2.081799106434353E-01
    26   -3.802924690912967E-01   -6.410348462580349E-01
    27   -1.018071375228976E+01   -2.814409645122911E+00
    28   -1.517538579716163E+00   -1.317931250828005E-01
    29   -5.631431164111691E-01    8.080000686649960E-02
    30   -2.091134724039113E+00    3.698665492084797E+00
    31   -9.504710252904420E+00    4.357149767673227E-01
    32   -7.548856953663755E-01   -8.460033156956960E-02
    33   -5.570404669901535E-01   -2.123326408745554E-01
    34   -1.053388824106796E+01   -2.263721154139086E+00
    35   -1.041390179441517E+00    6.967074021971190E-02
    36   -6.472489169964264E-01    1.347371616838690E-01
    37   -4.333970202377049E+00   -5.001053137754123E+00
    38   -7.322083174547869E+00   -1.897007771271083E-01
    39   -5.590561613643031E-01   -1.459767553402723E-01
    40   -7.812187175821490E-01   -3.967830762246521E-01
    41   -1.011595648583349E+01   -2.963725677437903E+00
    42   -1.490855633703908E+00    7.068336869353550E-02
    43   -6.945088954422171E-01    5.029329395663530E-02
    44   -1.013046930794717E+01   -2.968299149046023E+00
    45   -1.469960051645844E+00   -7.938675738012300E-03
    46   -5.526956162156599E-01    5.292911660741760E-01
    47   -1.083194736209033E+01    1.375130428723865E+00
    48   -1.170319654351175E+00   -2.863301202726822E-01
    49   -7.529184785340061E-01   -4.939479436339550E-02
    50   -1.622529819746308E+00   -2.592548047560701E+00
    51   -1.019629064186447E+01   -1.199392552449789E+00
    52   -8.357001640508400E-01   -1.469219018938310E-01
    53   -5.542187411295276E-01   -8.467116417645471E-02
    54   -4.612266985670463E-01    9.843361107097445E-01
    55   -1.034300860941105E+01   -2.411752523409664E+00
    56   -1.600243180910112E+00    9.399735123081100E-02
    57   -2.576242393566198E-01    1.786232174716275E-01
    58   -1.019666892170290E+00   -2.667985947741720E-01
    59   -1.029098490032639E+01    2.742917386795204E+00
    60   -1.043635468923254E+00    1.261853635288076E-01
    61   -9.564877370203478E-01    1.073088412002220E-02
    62   -3.719401103087178E+00   -4.491160515826558E+00
    63   -8.298575174835136E+00   -1.999007057505000E-03
    64   -4.106315277988546E-01    1.224952981566083E-01
    65   -1.030661089971764E+00    1.481654586755087E+00
    66   -1.082722630040355E+01   -2.059828546671323E-01
    67   -8.176727469078432E-01    3.343966746901960E-02
    68   -6.977363565638353E-01   -5.677859650968200E-02
    69   -1.484985762443441E+00    2.894174914548070E+00
    70   -1.014569697810585E+01   -5.508338655086793E-01
    71   -5.782127362527498E-01   -2.739278614462160E-02
    72   -8.240157776476021E-01   -5.752230721543651E-01
    73   -1.003392020279437E+01   -3.052410148924735E+00
    74   -1.581610380693321E+00   -1.089211262354681E-01
    75   -1.157054790532841E+00   -8.332219044716280E-02
    76   -7.194493763502665E-01    1.483879245946063E+00
    77   -1.079131116889809E+01   -6.943523281874063E-01
    78   -5.468251813400008E-01    3.634663180342193E-01
    79   -8.256890838240460E-01   -2.386584826519913E-01
    80   -5.969458743164044E-01    2.793306870625976E-01
    81   -1.055792376382736E+01   -2.208923100402201E+00
    82   -9.888134032580619E-01   -6.386709584534850E-02
    83   -5.091533868157190E-01   -1.748509578312737E-01
    84   -3.482889274432004E+00   -4.602982957864296E+00
    85   -8.242576409353255E+00   -2.613459861763922E-01
    86   -6.950659410355735E-01   -3.782337653151455E-01
    87   -6.686507311843403E-01    1.319307718521874E-01
    88   -8.749500209814514E+00   -4.341964370635274E+00
    89   -2.849895730448110E+00   -8.213743184295560E-02
    90   -8.195623030088294E-01    3.447776773862978E-01
    91   -6.247177075685421E-01   -1.115080970379726E+00
    92   -1.090082191443003E+01    5.607949180225632E-01
    93   -5.812619333197570E-01   -3.225478846414880E-02
    94   -5.565190960856616E-01   -2.431132283863489E-01
    95   -9.317827845659011E+00   -3.808850457653921E+00
    96   -2.647816162650400E+00   -8.238284021195830E-02
    97   -6.515543514047105E-01    3.075462388820660E-02
    98   -1.587743068742394E+00    2.890709504508487E+00
    99   -1.010529326607584E+01    7.950953540754587E-01
   100   -8.169686206939623E-01    1.142300881845229E-01
   101   -4.717232042560266E-01   -6.123080807889500E-02
   102   -1.060025172212920E+01   -2.131193965845539E+00
   103   -9.452730311553825E-01   -8.863705363703000E-04
   104   -8.717565201418299E-01   -3.089836341501565E-01
   105   -9.706027804833163E+00    3.478330395499591E+00
   106   -1.970842813278920E+00   -3.831416641371606E-01
   107   -8.386181734413328E-01    1.234995416912194E-01
   108   -3.360001678663213E-01    2.467737825865556E-01
   109   -2.767051438353613E+00    4.122467116647648E+00
   110   -8.996766827573980E+00    3.795984902789930E-02
   111   -8.869027157705965E-01    1.364710681507030E-02
   112   -6.852746170606769E+00    5.083414552689808E+00
   113   -4.894197951490240E+00   -5.632034513749590E-02
   114   -7.030436631330872E-01    1.188597258208769E-01
   115   -5.493004421774326E-01   -1.546822080783172E+00
   116   -1.076120960751367E+01    7.824227809201615E-01
   117   -1.013525372392090E+00   -2.080597638260840E-01
   118   -4.784384147964059E-01    7.422890288680000E-03
   119   -1.002214960054239E+01   -3.158959623785893E+00
   120   -1.341234034293704E+00   -9.319663406599139E-02
   121   -5.078387081511203E-01    1.114960631007833E-01
   122   -8.365170909770391E-01    1.282887544361860E+00
   123   -1.076317352536040E+01    1.129805823948574E+00
   124   -9.194627247805744E-01   -1.249920770915906E-01
   125   -7.880056742720190E-01    5.705378178771150E-02
   126   -7.889358630391424E+00    4.842078301001732E+00
   127   -3.632180593892083E+00    6.656081922165230E-02
   128   -7.050396267928730E-01   -2.774148185656363E-01
   129   -7.149007386572160E-01    3.662141194947482E-01
   130   -1.086718900277227E+01   -1.309097292395951E+00
   131   -9.757396903753345E-01   -3.103847783651471E-01
   132   -8.486394384359720E-01    1.828427527815510E-02
   133   -6.784162728889540E-01   -8.301983179430982E-01
   134   -1.096885936334349E+01   -3.972960954772265E-01
   135   -6.202936240283796E-01   -5.915862287021900E-03
   136   -8.834205053881496E-01    1.883360737819862E+00
   137   -1.069841632884873E+01   -1.818071411101311E-01
   138   -4.844808014421583E-01   -1.309877540537623E-01
   139   -7.840799505152188E-01   -1.788711478161928E-01
   140   -3.579974213420844E+00    4.763683118233418E+00
   141   -8.011154934889392E+00    1.251228114056050E-02
   142   -4.868798939488320E-01   -7.648076083369730E-02
   143   -2.707196813137684E+00    4.455032796609339E+00
   144   -8.667971544977574E+00    1.785084260312934E-01
   145   -4.600836470683872E-01    7.821126010819381E-02
   146   -4.427600464742670E-01   -5.301906776720295E-01
   147   -1.100818700520894E+01   -3.990428901501717E-01
   148   -7.748038188275521E-01    3.392747780144000E-03
   149   -8.010375696190530E-01   -1.131088317721798E+00
   150   -1.090889199478539E+01   -4.064439085454593E-01
   151   -9.913116625140685E-01    4.984852499687200E-03
   152   -4.705739384711639E-01    7.950016564488174E-01
   153   -1.099033787854101E+01    1.610390470246000E-04
   154   -1.396216549623546E+00    2.967742115518654E+00
   155   -1.013553613313663E+01   -1.667635176615487E-01
   156   -6.273983564343270E-01    1.175430602200940E-02
   157   -5.062455533279059E-01    4.478777092598304E-01
   158   -1.102471107333130E+01   -2.589247861903483E-01
   159   -5.257659979960360E-01    1.234516891201320E-02
   160   -4.390151270075985E-01   -6.480904614657914E-01
   161   -1.100797730114814E+01   -1.646542500616465E-01
   162   -7.630204100639927E-01    8.109973002182200E-03
   163   -9.721461256162613E+00    3.499154233520074E+00
   164   -1.835171700562846E+00    7.877659749988501E-03
   165   -5.509557377417081E-01    1.238643569313333E-01
   166   -1.104897551431325E+01    5.522320637940300E-03
   167   -4.126800811060465E-01   -1.417284182125314E-01
   168   -1.104827506537958E+01    1.127304553306000E-04
   169   -1.104968654328753E+01   -8.595445826658220E-02
   170   -4.928373322611462E-01    1.628281653801450E-02
   171   -7.361637644103214E-01    1.508071543336548E+00
   172   -1.082960654773866E+01   -1.320139377899000E-04
   173   -1.105042818649906E+01   -1.062063400000000E-09
   174   -1.105014240038892E+01    1.344697103500000E-06
   175   -1.105019375786563E+01   -1.179977540083000E-04
   176   -1.105018304299476E+01   -2.115966053300000E-06
   177   -1.105044920102656E+01    8.984035571710000E-05
   178   -1.105013279117384E+01    2.403809916000000E-07
   179   -1.105006356345948E+01    6.698100000000000E-12
   180   -1.105007025978801E+01    0.000000000000000E+00
