  0.000000000000000E+000   4.00000000000000     
  0.100000000000000        4.10000000000000     
  0.200000000000000        4.19950041652780     
  0.300000000000000        4.29750707431193     
  0.400000000000000        4.39304072322449     
  0.500000000000000        4.48514682262477     
  0.600000000000000        4.57290507881381     
  0.700000000000000        4.65543864030478     
  0.800000000000000        4.73192285903323     
  0.900000000000000        4.80159352996794     
   1.00000000000000        4.86375452679501     
   1.10000000000000        4.91778475738182     
   1.20000000000000        4.96314436952438     
   1.30000000000000        4.99938014497205     
   1.40000000000000        5.02613002783451     
   1.50000000000000        5.04312674212453     
   1.60000000000000        5.05020046229130     
   1.70000000000000        5.04728051006117     
   1.80000000000000        5.03439606063162     
   1.90000000000000        5.01167585116231     
   2.00000000000000        4.97934689447596     
   2.10000000000000        4.93773221082125     
   2.20000000000000        4.88724760036126     
   2.30000000000000        4.82839748863573     
   2.40000000000000        4.76176988650774     
   2.50000000000000        4.68803051495362     
   2.60000000000000        4.60791615339893     
   2.70000000000000        4.52222727806203     
   2.80000000000000        4.43182006386033     
   2.90000000000000        4.33759782979346     
   3.00000000000000        4.24050201327850     
   3.10000000000000        4.14150276361846     
   3.20000000000000        4.04158924859113     
   3.30000000000000        3.94175977101165     
   3.40000000000000        3.84301179402077     
   3.50000000000000        3.74633197476282     
   3.60000000000000        3.65268630603374     
   3.70000000000000        3.56301046440033     
   3.80000000000000        3.47820046122929     
   3.90000000000000        3.39910369003784     
   4.00000000000000        3.32651045961783     
   4.10000000000000        3.26114609753147     
   4.20000000000000        3.20366370287814     
   4.30000000000000        3.15463762074407     
   4.40000000000000        3.11455770353607     
   4.50000000000000        3.08382441653823     
   4.60000000000000        3.06274483659515     
   4.70000000000000        3.05152958390165     
   4.80000000000000        3.05029071755536     
   4.90000000000000        3.05904061589931     
   5.00000000000000        3.07769185284156     
   5.10000000000000        3.10605807138789     
   5.20000000000000        3.14385584565918     
   5.30000000000000        3.19070751278922     
   5.40000000000000        3.24614494640714     
   5.50000000000000        3.30961423400140     
   5.60000000000000        3.38048121143053     
   5.70000000000000        3.45803779928155     
   5.80000000000000        3.54150907776547     
   5.90000000000000        3.63006102945960     
   6.00000000000000        3.72280887253400     
   6.10000000000000        3.81882590119904     
   6.20000000000000        3.91715274504330     
   6.30000000000000        4.01680695474562     
   6.40000000000000        4.11679281838396     
   6.50000000000000        4.21611131025978     
   6.60000000000000        4.31377007283258     
   6.70000000000000        4.40879333202844     
   6.80000000000000        4.50023164685197     
   6.90000000000000        4.58717139588695     
   7.00000000000000        4.66874390589949     
   7.10000000000000        4.74413413133382     
   7.20000000000000        4.81258879797810     
   7.30000000000000        4.87342392943132     
   7.40000000000000        4.92603168116943     
   7.50000000000000        4.96988641392687     
   7.60000000000000        5.00454994571037     
   7.70000000000000        5.02967592996860     
   7.80000000000000        5.04501331617239     
   7.90000000000000        5.05040885822865     
   8.00000000000000        5.04580864566470     
   8.10000000000000        5.03125864228383     
   8.20000000000000        5.00690422691026     
   8.30000000000000        4.97298874081187     
   8.40000000000000        4.92985105631481     
   8.50000000000000        4.87792219090314     
   8.60000000000000        4.81772100063466     
   8.70000000000000        4.74984899590266     
   8.80000000000000        4.67498433134292     
   8.90000000000000        4.59387502993675     
   9.00000000000000        4.50733150901264     
   9.10000000000000        4.41621848282417     
   9.20000000000000        4.32144632261106     
   9.30000000000000        4.22396196047065     
   9.40000000000000        4.12473942792539     
   9.50000000000000        4.02477012372186     
   9.60000000000000        3.92505290810223     
   9.70000000000000        3.82658412252281     
   9.80000000000000        3.73034763453968     
   9.90000000000000        3.63730500732921     
   10.0000000000000        3.54838589206667     
   10.1000000000000        3.46447873915903     
   10.2000000000000        3.38642192114211     
   10.3000000000000        3.31499535593939     
   10.4000000000000        3.25091271417989     
   10.5000000000000        3.19481428843717     
   10.6000000000000        3.14726059563757     
   10.7000000000000        3.10872677656038     
   10.8000000000000        3.07959784838825     
   10.9000000000000        3.06016485774272     
   11.0000000000000        3.05062197264262     
   11.1000000000000        3.05106454244143     
   11.2000000000000        3.06148814512800     
   11.3000000000000        3.08178863150987     
   11.4000000000000        3.11176316583757     
   11.5000000000000        3.15111225247236     
   11.6000000000000        3.19944272834766     
   11.7000000000000        3.25627169132446     
   11.8000000000000        3.32103132518985     
   11.9000000000000        3.39307457308893     
   12.0000000000000        3.47168160270304     
   12.1000000000000        3.55606699857629     
   12.2000000000000        3.64538760972722     
   12.3000000000000        3.73875097413468     
   12.4000000000000        3.83522423592334     
   12.5000000000000        3.93384346615123     
   12.6000000000000        4.03362329406909     
   12.7000000000000        4.13356675261919     
   12.8000000000000        4.23267523980061     
   12.9000000000000        4.32995849637036     
   13.0000000000000        4.42444450018634     
   13.1000000000000        4.51518917833136     
   13.2000000000000        4.60128583997759     
   13.3000000000000        4.68187423574164     
   13.4000000000000        4.75614915301200     
   13.5000000000000        4.82336846136735     
   13.6000000000000        4.88286052769834     
   13.7000000000000        4.93403092694366     
   13.8000000000000        4.97636838138872     
   13.9000000000000        5.00944986918363     
   14.0000000000000        5.03294485103761     
   14.1000000000000        5.04661857285839     
   14.2000000000000        5.05033441133748     
   14.3000000000000        5.04405523904507     
   14.4000000000000        5.02784379539510     
   14.5000000000000        5.00186205977372     
   14.6000000000000        4.96636963309485     
   14.7000000000000        4.92172114395362     
   14.8000000000000        4.86836270529471     
   14.9000000000000        4.80682745699924     
   15.0000000000000        4.73773023892733     
   15.1000000000000        4.66176144764144     
   15.2000000000000        4.57968013819218     
   15.3000000000000        4.49230643989107     
   15.4000000000000        4.40051336184964     
   15.5000000000000        4.30521807016092     
   15.6000000000000        4.20737272387903     
   15.7000000000000        4.10795496136065     
   15.8000000000000        4.00795813202572     
   15.9000000000000        3.90838137113839     
   16.0000000000000        3.81021961677775     
   16.1000000000000        3.71445366874541     
   16.2000000000000        3.62204038873810     
   16.3000000000000        3.53390313970188     
   16.4000000000000        3.45092255989481     
   16.5000000000000        3.37392776384060     
   16.6000000000000        3.30368805809033     
   16.7000000000000        3.24090525456569     
   16.8000000000000        3.18620665828627     
   16.9000000000000        3.14013879954513     
   17.0000000000000        3.10316197315882     
   17.1000000000000        3.07564563935366     
   17.2000000000000        3.05786473224135     
   17.3000000000000        3.04999691276816     
   17.4000000000000        3.05212079358553     
   17.5000000000000        3.06421515357837     
   17.6000000000000        3.08615914989952     
   17.7000000000000        3.11773352539144     
   17.8000000000000        3.15862279933133     
   17.9000000000000        3.20841841961017     
   18.0000000000000        3.26662284485039     
   18.1000000000000        3.33265451567479     
   18.2000000000000        3.40585366545569     
   18.3000000000000        3.48548891248488     
   18.4000000000000        3.57076456769797     
   18.5000000000000        3.66082858493645     
   18.6000000000000        3.75478107431127     
   18.7000000000000        3.85168329360518     
   18.8000000000000        3.95056702787459     
   18.9000000000000        4.05044426353331     
   19.0000000000000        4.15031706025766     
   19.1000000000000        4.24918752207633     
   19.2000000000000        4.34606776801705     
   19.3000000000000        4.43998980268674     
   19.4000000000000        4.53001518816147     
   19.5000000000000        4.61524442054801     
   19.6000000000000        4.69482591752941     
   19.7000000000000        4.76796452709396     
   19.8000000000000        4.83392947243130     
   19.9000000000000        4.89206165361275     
   20.0000000000000        4.94178023309987     
   20.1000000000000        4.98258843928121     
   20.2000000000000        5.01407853005000     
   20.3000000000000        5.03593586682853     
   20.4000000000000        5.04794205833277     
   20.5000000000000        5.04997714266594     
   20.6000000000000        5.04202078593808     
   20.7000000000000        5.02415248543561     
   20.8000000000000        4.99655077531066     
   20.9000000000000        4.95949144272690     
   21.0000000000000        4.91334477228531     
   21.1000000000000        4.85857184626288     
   21.2000000000000        4.79571993763091     
   21.3000000000000        4.72541704188437     
   21.4000000000000        4.64836560231852     
   21.5000000000000        4.56533549144766     
   21.6000000000000        4.47715631869353     
   21.7000000000000        4.38470914120212     
   21.8000000000000        4.28891766061195     
   21.9000000000000        4.19073899373262     
   22.0000000000000        4.09115410935004     
   22.1000000000000        3.99115802671058     
   22.2000000000000        3.89174987361765     
   22.3000000000000        3.79392290347700     
   22.4000000000000        3.69865457103697     
   22.5000000000000        3.60689676598379     
   22.6000000000000        3.51956630197444     
   22.7000000000000        3.43753575613769     
   22.8000000000000        3.36162475057185     
   22.9000000000000        3.29259176295169     
   23.0000000000000        3.23112654807024     
   23.1000000000000        3.17784324603690     
   23.2000000000000        3.13327424599247     
   23.3000000000000        3.09786486665284     
   23.4000000000000        3.07196890683157     
   23.5000000000000        3.05584511039916     
   23.6000000000000        3.04965458099971     
   23.7000000000000        3.05345917235669     
   23.8000000000000        3.06722087025088     
   23.9000000000000        3.09080217234593     
   24.0000000000000        3.12396746206626     
   24.1000000000000        3.16638536279996     
   24.2000000000000        3.21763204890439     
   24.3000000000000        3.27719548043191     
   24.4000000000000        3.34448051926375     
   24.5000000000000        3.41881487553337     
   24.6000000000000        3.49945582492459     
   24.7000000000000        3.58559762972746     
   24.8000000000000        3.67637958950308     
   24.9000000000000        3.77089464091790     
