  0.400000000000000        2.25731979483829     
  0.900000000000000        1.91665677954377     
   1.40000000000000        2.49304030364053     
   1.90000000000000        2.60997263310193     
   2.40000000000000        2.34143484333473     
   2.90000000000000        2.55389888764002     
   3.40000000000000       0.519656443618268     
   3.90000000000000        1.30922808565224     
   4.40000000000000        1.16984229276695     
   4.90000000000000       0.911660368882933     
   5.40000000000000       0.787160655528601     
   5.90000000000000        2.04578161107611     
   6.40000000000000        2.19102987735473     
   6.90000000000000        1.95407411535352     
   7.40000000000000        3.72630178438596     
   7.90000000000000        4.60150265481319     
   8.40000000000000        3.46240734917315     
   8.90000000000000        2.48006117681412     
   9.40000000000000        1.74863589803395     
   9.90000000000000        1.00577424708229     
   10.4000000000000        1.47566783303883     
   10.9000000000000        1.08391711658883     
   11.4000000000000        1.26177934210904     
   11.9000000000000        1.26237295411010     
   12.4000000000000        2.54596206983067     
   12.9000000000000        1.63954440626994     
   13.4000000000000        1.99270352730638     
   13.9000000000000        3.04953394632467     
   14.4000000000000        3.47566293496361     
   14.9000000000000        3.39716572767778     
   15.4000000000000       0.802999661696561     
   15.9000000000000        2.33765398428495     
   16.4000000000000        1.03330678600305     
   16.9000000000000        1.10459977554792     
   17.4000000000000       0.881790386332996     
   17.9000000000000        1.35103324181782     
   18.4000000000000        1.66034037996114     
   18.9000000000000        1.99251227807596     
   19.4000000000000        2.10451384017513     
   19.9000000000000        1.65495530025615     
   20.4000000000000        3.07328327123768     
   20.9000000000000        2.58364588728515     
   21.4000000000000        3.37411482486554     
   21.9000000000000        2.18721283314380     
   22.4000000000000        2.13175849805446     
   22.9000000000000        1.21877974263821     
   23.4000000000000       0.793639610579333     
   23.9000000000000        1.08033168175080     
   24.4000000000000        1.39605010363721     
   24.9000000000000        1.87479990753323     
