0
-1.024565523944961e+00 -1.604698344102499e+00
1.034389178235167e-01 1.620084379845564e-01
-8.310122124867826e-01 -1.301550647704724e+00
-1.587423708420254e-02 -2.486259918724217e-02
-9.421943607025079e-01 -1.070695021100747e+00
-1.835873674928797e-01 -2.086258297757780e-01
-9.233843978710751e-01 -1.049319671819640e+00
-3.724440367241762e-02 -4.232396121134814e-02
-2.313292030567140e+00 -1.884112322439201e+00
1.029497119652847e+00 8.384969054590350e-01
-1.973647453223066e+00 -1.607481216220098e+00
-6.294215040003299e-01 -5.126463913872967e-01

