3

-0.34272324540747092481582484394671052503186863621790236668603e0 0.11549137603698303334945613029645818895765669543044296251316e0
-0.63856251134136314524486543095448467980940454034099978028199e0 0.13277891685756143783386681884412209761774569888005754823190e0
0.29865952791016330220884779625823081545697260101997532661247e0 -0.73098074178454456986682822940353795421645529495463096476302e-1

-0.97897076570475470228733562145151364201605494516921412668532e0 0.69076433700233170000498651559434896710762870670529904435157e0
0.21755847407224322324793729015021864984053031683681343067623e0 -0.12045791868515145135734105103127162821599113904303076461715e1
0.14871426487521259257341395649338148074577030703955295020883e-1 0.95796921315907500575094208161627552901044823000327798788421e0

-0.10739543710106677118478624742340030120122264700705956997334e1 0.82495967025068998313177515706566032535969785225869726630612e-1
0.70333288579120469458186844870234312603878073908199821016362e0 0.92014159776078402396785843881202009791161207318451782089015e0
-0.35178226783494967528663201779101484001324221715005016749878e0 -0.79017680790437796482779144429633492083533342469065100806648e0

