 
TOMS435_PRB
  Test TOMS algorithm 435, to evaluate
  the modified incomplete Gamma function.
 
      A         X         Exact Value      Computed / Gamma(A)
 
    0.1000    0.0300    0.73823506        0.73823500    
    0.1000    0.3000    0.90835798        0.90835792    
    0.1000    1.5000    0.98865598        0.98865598    
    0.5000    0.0750    0.30146465        0.30146462    
    0.5000    0.7500    0.77932864        0.77932847    
    0.5000    3.5000    0.99184901        0.99184918    
    1.0000    0.1000    0.95162585E-01    0.95162585E-01
    1.0000    1.0000    0.63212055        0.63212055    
    1.0000    5.0000    0.99326205        0.99327236    
    1.1000    0.1000    0.72059743E-01    0.72059751E-01
    1.1000    1.0000    0.58918095        0.58918101    
    1.1000    5.0000    0.99153680        0.99154407    
    2.0000    0.1500    0.10185828E-01    0.10185829E-01
    2.0000    1.5000    0.44217461        0.44217461    
    2.0000    7.0000    0.99270493        0.99270493    
    6.0000    2.5000    0.42021040E-01    0.42021040E-01
    6.0000   12.0000    0.97965896        0.97965789    
   11.0000   16.0000    0.92260396        0.92250806    
   26.0000   25.0000    0.44707859         1.0000000    
   41.0000   45.0000    0.74445492         1.0000000    
 
TOMS435_PRB
  Normal end of execution.
