     n    m      integral       rel error     err const

     1    1    0.1690406E+01    0.2376E+00    0.4276E-03
     2    3    0.2201195E+01    0.7196E-02    0.3995E-04
     3    5    0.2216809E+01    0.1540E-03    0.4279E-05
     4    7    0.2217144E+01    0.2581E-05    0.4785E-06
     5    9    0.2217151E+01    0.2151E-06    0.5462E-07
     6   11    0.2217149E+01    0.3226E-06    0.6306E-08
     7   13    0.2217151E+01    0.3226E-06    0.7332E-09
     8   15    0.2217151E+01    0.4301E-06    0.8568E-10
     9   17    0.2217151E+01    0.3226E-06    0.1005E-10
    10   19    0.2217150E+01    0.0000E+00    0.1181E-11
