8 1 -1

3.25267547309110084814635542822 1.29447523080258981557985288980
-6.23039679750074723673574869514 -2.34395044902239771621466373712
1.99457917508893886216179624824e-1 1.71096370736129195836830905212
-2.40855620255895076591951656594 -7.87619032478237285041406521264e-1
5.63379917992692122840545094480 2.24209686888953451360235910704
0 0

-1.54133699845640882491068619221 -1.73858711866328055856614950255e-1
3.14123850805156738974726521254 1.81660335873222886047968016212e-1
2.92277534112321496378575108711 7.08141077173866539429139933424e-1
5.29517622564433560406140253737e-1 -2.96208510081404403290880424537
-2.66967399291221227960407531382 -3.01132122290958258735875824658e-1
0 0

1.71526627924743180341469871337e-1 3.11300060896869930376055044384e-1
-2.04039716556892687560790961149e-1 -6.96583729815203839908152207071e-1
1.68006105750245915281296074602 -3.04564987766695020363841305694e-1
-2.71468247215889425463189181077e-1 -1.55802117813781317494461220088
0 0
-2.97092834416617764639906626736e-1 -5.39187521872664242799820549501e-1

6.93584073451020977310806463476e-1 2.08012121558829775735408235932e-1
-1.28153932592742219597653535854 -4.86917855667127738169598897178e-1
-6.35065444769711883803186098630e-1 -3.00726037695134825115309781155e-1
5.35737916132948817248001435925e-1 -1.25193901835382651071756633071
0 0
-1.20132285453775238926366938862 -3.60287563130086583771432109091e-1

-3.26832184756344104158897802781e-1 -6.94878212290861026427020744844e-1
9.75889219616765119111540337421e-1 1.47257327412290032267699471278
1.94706608978699791921257701748 1.17648579384385758306732356489
1.67445925504904941022357418198 -2.09061845058550885785220658148
0 -0
-5.66089949546726312679962334223e-1 -1.20356436876040359628698492793

7.91931423363225237843945661144e-1 -1.18930149783070888468982842328
-1.48502692136810395604994675081 2.73416059252992981700259547840
1.94117971365156710130601454706 8.50361912530471252340304850137e-1
1.53407482230958703318456016043 9.56766608808420894515169604976e-1
0 0
1.37166546137544473211258288347 -2.05993061976055469038315903180

6.32774088026009653878013420968e-1 4.59282618806049077608448138404e-2
-1.36415961262054388404402976127 -1.26272262904577661921639876381e-1
-1.26818054967237507058750603803e-1 9.08143630005283498782379986861e-2
8.60906900677521738246077911294e-2 -5.16777879586301298217389915938e-1
-1.09599687017410986859973828857 -7.95500830805366134503901256432e-2
0 0

4.98483658187313376950054277053e-1 3.60416734905073058450582436275e-1
-1.06206839013577338670840925185 -8.84142054035959996680124604785e-1
8.21486478000309544412173733214e-1 -8.81820880332176869504369220978e-1
-7.95293386548313714011540780864e-1 -6.33768644005838972430988888026e-1
-8.63399022723224326045496211897e-1 -6.24260096753669755978086540070e-1
0 0


1 6
6.467297957707379179311169074608194619750366953110582085917670565610108726042154618314671943842510916771385571406533098116149993072924721352002961432352620451757341976054162838731127679702291601071253602770010044235002574067182199744838758550769344612384916980341860103771851201115181175541836588863146367780553e-1 3.118768132428796940677210825479873894060790168126046365387067834408657150982295003851234265148032200924688913734536564294338908729379706057403940633749488939830981712717942456187388479307455445858409934262715745042832756146206925174028230685495234291306606628569900298783399785544536550029438983128423709319190e-1
7.054378413628679110694704084659481511035774426582404955107710076596830186773172256719479191742252789422934943568355451383847566281375611233938892002803959030092988221774261545951675149717007038531037576152835074715407305554837700317489731233388238454685200348675898865978382653331055124047175099745367769448376e-1 -1.098789494830037836635788766436478343581650911204270929445206307566873790271354320936050277924121297015391453279284539204585355434021674688530265645795881843243563667352691480466419844460060211961973827299236648559946025104371463313446800162186672598914103072186814824330970311689692431320333092967895394385358e-1
-1.494482227719106029904875247039558861134000219848060740399918993429614541842766637237936035782237172577277642127261345630214275890155463297521712736402449085541569838700407460774599290675130214127534497884531663105688126644853564886404164191068374017603888968818213656870144852040420475791953591929782509286277 7.664669706055352365953597768325876153833651545900748127492544664076950225361469619009966427109307620969551755093367565205306477609439455545826041139529280744776381180035421643590220157446242731477611390619487064023942790151582336513183256869504927372245827190904207173813791419767691219884735950158834635368114e-2
-9.235331239405636001172046920428274562682041899353069304990639616996745502808520839968585285627747882738760641360540849631214528803040173703594887922936317663994047227423130371277435092803596295620781192427606191932941479434537963663113989398855818773064105048023496891106729397764996430187144084561507549020239e-1 1.398900067187177783964456355231880112121993535531268226576614151735353595909899014925925335581980847600570084342321258867831627763705118516801444709771967715555486798033857069124681764627542320958372677220121397585676487711157618432854283318604989756338967174102179589587923590662333727103978866066461198582719
2.708410419633450681048022976712927606779313233925025096568148583511909694988206613026851794850294060261675828091592471221488752562513123126797267682233292647814986630370385501813183745179071692449967054994358306017746090586289705806456432694771434784305219822964985546170070811896925295945892279325208148708851e-1 6.556347479931888758948020045892762153811907794722256389259208658668830848547376641551788496711276906808231655505055285992376795190007850326394952857448121616567806551902314054726710033644561710612979961018585212203507010217074672378819905179577045289422854956396042256557996018351290282625639654204233408929578e-1
1.826057128150600829793840935615455552834419525088542029917763747053056515829734294260853542975999558675097610057324148410025887465382594697298029432301526272582633678258987431499777003736523335506009251858194456834542087092019111072529844754155432729324838609757042349166920465475971814194246829705998632628107 1.495571045793259617995859193482733420691162360945953740056462823977219540617870965503292298115930325052316215585666760421820116846097110223823837663476582437844516559439483431550443334637740220620666682001423131309899700965321522491212354953859402713747923374888707529866500885622070912317657372777874188935404


1 6
5.259477117771178897576406236555301538775375339888575836124494336982578318329446026381557760536743667021974025446538130266408075764602013097555057111774678866033361468705383242607269972220610265000796571151380052609773569823885563875179077492087228653033003199919632655260507171945842667702755480938807612460652e-1 -5.173549140287000423146875013531782686147765930110055071634032718012230876401075072586591783190889346559405157163194793745513405682755024917129655854612874293718977083038560778777439491672350131675173118445862303458232359990618995854635835117344601890165853076888360195046171661804840351493950494548126171655109e-1
-1.885555691878134330658880716376912188481957632800394668235747322246560092869606516837383609778526440123839355916688698576267628217588717207426792650297569371400519233598321238151645270687637213884006032899010515059209267875488142149938728406840577633237144935182143213078136744015850514880738854160040869737179e-1 -2.026248179741765897909185721743661581151351330007563921025166926949480982210953035039324598773996863980206836722455576654478705110805333181852298079728775187526129960287133592463037587124852329208084169499568757854574418571922797234379545800894246540972291511112169660477439149761967558776314893225200943186073e-1
3.584423416423688491079316539698001267670684390882236969690574792432122695576157953913710186156315817107278839826466391400601962513916563918707131113462251444352679676171756912556327672209098935836698887264839257088611079480403582037943391688086943762963924003343087233867435704093849169355536503126980037814358e-1 -4.860048207862371348824899233170393868146602446275484599415486791986477095379849452415991962279274852641271913028323784773812713302035578536473314215496769057415917213537513276217629674878092498751383745580442964318572881361972183134852789758999548527890922440809551830059749097510110284258138439109656952548368e-3
1.660716857997404377305880899791798376951522978445351262763822699699592900426708251781536238272699761254783045910140884074655383096574875454577686244595911134006044983774852463583875588616152967534303631132429287473501305918985018977115671108989782924658884161825579976233693064294301768227135892544753600098241e-1 1.413697384297208773347641206254283956235434710959060885523821719023551464096009379734611807580307352019913367660352296223038149961756698654966516988362415968333861667309532135983346218373560198353163577650702129087001411742173277408602322315036059117860348474948940162036960343259518195455967409464737779087342e-1
-3.381972056030903676973033843432262627671655351733377613397219690845220410516406389654822217601116480910807039496257045939737336755932833609680324648285219198322674620295938288659559551259754467373301192789226535802709864268473695887143378774048506383595306309161195929657821628657546528093453877617394547693513e-1 -1.511945265328442893792856636060748049194418216918797951074722087209089524095288261098297217615067807854892754434005522018349303039547085030694315213718236602370172648425626271335530419358278021564856274449835609970440162201735933350793411270004851129066632318348432921504062650036294488106386870127050407603248e-2
-2.964684756617187612141330332429424049800478126200379410324972267225297291886533780111073491298320489671033333147910158116471963796684280610880873977903938684282731660188270543583659580340195067543987636131266521918091607035050370752674479442962867202484825922433417035517043246799032122299181601725988981940572e-1 -2.331593810683537147262626927992568811602912825977803072698126257217735821655753680014074819460311395884342542185040619443241550848713865655976098303096352832009792108616560346998841857890740518251575420811693976582037207402809053806448160057182345316813642124684769964652387522017942140690243248499296552991408e-2


