3 1 0

6.0320500065356430e-1 -1.1536732009489619
7.2341107333638521e-1 6.9974005223772928e-1
-6.7715680556120006e-1 3.8325568392977882e-1
-1.3598096620719308e-1 -5.8596982616528726e-1

2.1515238831751171 -2.9276947848533685e-1
-1.4153001253452051 -3.1999827640095786
-4.3212240602682623 3.6219674624142844
7.5395915278536698 5.0703754086307882

-9.1945668761167898e-1 4.9966731945849452e-1
-5.9009885768247639e-1 7.2462297435623624e-1
-2.4171824553875859e-1 7.9875396081060179e-1
7.1223059977713471e-2 7.4183617187732254e-1


1 4
-8.841176418238407560237407268509637177272172131417733276893030232097365729044961966618167554379874364189961883751100496647635596393502508293331674935992030272412235201636311918388272054405262636340041921830327711138906430015697607632295246094521320665969025408489651900962192098692057470905046809151655479667293e-1 2.869158752765927818710924015815205712543388583052167105150652405400147316052047040582126706070732471554091126572707792588828762271785398204569529846259640923552610294109377255734950046612535464782556984668553115478941738296043154625581747231394640767592392383761685802536099247107034580662558874916256942085433e-1
3.770171007459909523253238224812415665452927708133236232873305739263935490004695116299485245872187448485794452441896449391949677902840637614714427265688547987021951663438326350628826460599719819431055981752220980541075058505219174889907623779560358514031679391223065642974268908656803674712981239441589812363764e-1 -3.364619243260115741382663720359013174753642972273946988573035907456195224316022694670262292588276091645258461220807534228254823566140261129128609988183343888410021697645350597235810474613988402935978337540219128506334701963315187328618452533146096540525995930668991468196031295670160893815174618358682924930475e-1
-2.003527431210624978723480104250125095157643464652809919835134192761974022242582008768068036991032196473219408647591241161589577121510458704748554316788059363108190180188179492878902637349540348723229799726567911528993108016813012181370259898744284091500920031192790837413333952923805120685347762830751569573744e-1 9.456591880826852971987903150149200639354295909063419881814554660794715095283167799994411199124917279998743643114371947878432129182081762250006475075604850995580847753724879860004015948233628092850394735387521282774851099984225211115446746046721691666582985476625830634037711856480046313636388142132332911895014e-1
8.334551030644782420032597258004779019349163585102442158726957293989187253016611587670793835862574944437639053197542401212977013990014047306747149839684278432821249537901986693222886276121674155531651316106324633639939588141849509132774861612862808587067690236374006533165334242124718565850367436349375250785326e-1 5.839184973875580537962327176567401620933837830930010495033079293308442077821920555604648258903314107824481708359865950534397025168664713644615418356997847985498279973080315283379672852073175498671131358096672403439489423624560451862744319377685077420266881438938932236254401064162394010089740581383533429379911e-2


1 4
9.879408903865809228388487988349077427202589258124637363116806967182405855070856991442936856457055005343510873948955256313039342075321233571266986373936707736638764403587301130325859872182760402799810309207177302447145756321492585451403195354681460110826107906499565831597817351430565404279341389224588891859639e-2 1.961873006774633072946666985772425249445108489474889197992258712194796688431592781275974494244341206795853242893498685164367430130915514831091693038334939915234282967708753094227800693322510131639745590707075908506440007200067049207791108359509863820519145578348468935432526111807758387830610275811760205992789e-1
-2.015650299673927197058410524152507545546719965545824819889621466732085508678314116803097953942208822139868460061584275568801959484582603272777801993966562354677411478219790504464212527876841510851809129016798829567219503866034718795880419321011792311268672411595286979315327389317761270777645322010979764269915e-2 -6.484752996461932212525294285586232521775464854784447307636184865160528231574407621837254942026279590566172247175525641168155114333539580317484569834830121316206308804042671118380620095587622544851480533046053806897571861064075081116599180182567426497876947238211456459610778159723206736431091233041279724534754e-1
-2.426669958241928008432095366692508897259635425969663899312546591526793658957552995439828014468829707846487916002290764036585247923398736211843632319983181504347036348365846510532367270862053297873218783676278924808042039149663618480643863666545703781475135184107688195921906847523165016271743840539351462942957e-1 -5.961027326365359306719169562769825868437606911894143766071135570361890185428098599196286477179816124260831159816829715767109776526698943384970579248318692545719094900961162916483436480767090023777066790476733647939129227163975899768490796127650913568994835018272655706281050518866432095513571433443059929887796e-1
-2.280763486569697240002817539860664240375040808814766437385449371364519990115323261410100151509631307832866681114600459263860168948491902590524783177612893124019867437694923556951280518063522363381408550614077786924129236840708223441566942763288992441295203436205405997712758263561051403929832017690222177323203e-1 -2.541244038337420211541352146923671120935828162107405969887215141705601131483430678307122724584279193363725730677971413370894700120357948520662975429139849499805984066270382040785919990235981713178823530453636966813331930582480679830390250222603364524155616978708187912100836008246546265197262099662093071845800e-1


