DGESQB EXAMPLE PROGRAM DATA
        4       8
    0.1696    0.0173    0.7921    0.1454   -0.0819   -0.6531   -0.3456    0.5072
    0.4991    0.2644   -0.4209    0.8026   -1.0892   -0.1861    0.7458   -0.4395
   -0.1509    0.6217    0.1961   -0.1356    0.0322    0.9708   -0.6324   -0.3544
    0.3429   -0.0730    0.3078    0.1030    0.4903   -0.4205   -0.0627   -0.4180
    0.1296    0.3493   -0.2961   -0.4282   -0.2824    0.7762    0.8473    0.0667
    0.1857   -0.3593    0.0029   -0.0782    0.5491   -0.1851   -0.0386    0.8221
   -0.0447   -0.8314    0.5076   -0.0518    0.5780    0.0032    0.2184    0.5076
   -0.9166    0.2481   -0.4114    0.5345    0.5757    0.5368    0.2565    0.1111
