DSHPVB EXAMPLE PROGRAM DATA
        7
    0.9501    0.0185    0.1763    0.3529    0.2722    0.4186    0.6813
    0.2311    0.8214    0.4057    0.8132    0.1988    0.8462    0.3795
    0.6068    0.4447    0.9355    0.0099    0.0153    0.5252    0.8318
    0.4860    0.6154    0.9169    0.1389    0.7468    0.2026    0.5028
    0.8913    0.7919    0.4103    0.2028    0.4451    0.6721    0.7095
    0.7621    0.9218    0.8936    0.1987    0.9318    0.8381    0.4289
    0.4565    0.7382    0.0579    0.6038    0.4660    0.0196    0.3046
         0         0    0.1849   -0.0373    0.4243   -0.0968    0.0221   -0.6861
    0.7624         0         0   -0.0357   -0.2843    0.1980    0.0800    0.0723
   -0.2005    0.0795         0         0    0.4965    0.3316   -0.0697   -0.3349
    0.3732    0.1144    0.2628         0         0    0.4244   -0.4504   -0.2478
   -0.4746   -0.1483    0.3556   -0.4833         0         0    0.3532   -0.2187
   -0.6261   -0.5176   -0.3528    0.0234    0.3755         0         0    0.1479
   -0.2504    0.1673   -0.2364    0.3421    0.1863    0.7262         0         0
