 273 1272  744 1138 1972 1580 1878 1539 1457  429 1129 1251 1421  588  334  837
1364  229  961  754 1169 1488  720 1280  816  664 1178  939 1698  983 1119 1029
1815  721 1753  330 1499 1107 1576  942  484  617  896 1184 1030 1718  604  999
 809  866 1722 1338 1640 1266 1185  440  894  992 1173  334  358  626 1124  358
 847  533  915 1219  481 1009  543  937  915  667 1441  812  848  776 1560  526
1494  598 1244 1304 1306  685  668  444 1157 1359 1176 1475  335 1519  140  937
 697  951  267  227 1229  587  369  554  721 1212  739  596 1291 1114  701  426
 285  676  155  456 1936  319  337  604  907  214  424  748  817  666 1592  521
2172  356  467 1583  882 2139 2182 1961  781  678 1425 1861 1473 1713 1761 1617
 370 1073 1304 1369 1092  453  798 1283  973  565 1315 1204 1796  846 1447 1143
 959 1275 1213 2085  742 1309 1479 1760  703 1727  872 1479  686 1698 1057  387
1252  904  668  443 1600  930 1052  776 1049  402  361 1119  578  406  618  581
1095  670  641 1152 1060  567  433  374  579  235  325 1802  331  217  665  862
 182  312  864  732  783 1456  608 2066  491  400 1466  744 2013 2082 1865  875
 552  400  182  820  721 1735  851  740  551 1551 1769 1159  613 2072 1300 1605
 807 1017 1251  818 1259 2596  826 1137 1255 1123  943 1359  188 1282  271 2300
 483 2540  609 1038 2099 1766 2699 2493 2266  264 1398  304  699  538 1335  454
 393  173 1198 1370  760  216 1692  919 1286  435  879  861  548  913 2198  483
 803 1181  731  627 1086  292  883  279 1906  178 2156  490  662 1699 1430 2300
2117 1888  138 1023  884  755 1612  749  690  476 1501 1654 1049  516 1995 1149
1580  739 1079 1161  815 1214 2485  780 1100 1347  985  916 1361  260 1171  328
2202  445 2385  665  966 1969 1729 2568 2333 2108  177 1327  177 1486  757  506
 609  981 1474  967  681 1552 1317  936  594  197  928  316  723 2203  500  604
 482 1104  455  630  641 1058  562 1857  528 2425  220  704 1845 1122 2405 2428
2204  738  945 1362  587  335  435  930 1358  819  504 1496 1153  927  428  341
 803  180  649 2119  343  521  652  939  340  649  533  918  451 1783  362 2290
 130  568 1727 1105 2301 2285 2059  595  853  891 1082 1199  726   96  583 1125
 653  563  947  986 1493  560 1183  813  882 1033  902 1763  642 1032 1131 1604
 463 1556  663 1298  947 1461  795  371  882  967  973  768 1472  588  252  308
 803  920  309  238 1252  569  940  165  863  414  454  552 1745  269  482 1188
 355  397  833  713  432  666 1453  410 1758  642  262 1260 1051 1858 1737 1508
 592  598  222  814 1094  510  235 1335  820  892  100  626  541  219  524 1897
  90  410  952  605  238  706  570  622  503 1581  257 1985  396  309 1453 1039
2043 1972 1744  514  661 1025 1227  617   90 1525  835 1114  263  770  700  400
 740 2049  311  630 1087  630  459  924  405  739  360 1749  115 2055  428  492
1568 1256 2166 2026 1796  303  853  663  632  999  572  972  225  763  908  451
 767  293 1240  726  420 1111  862  617  443 1374  586 1299  887 1070 1633 1057
 547  999  252 1483 1681 1489 1326  236  610 1156  557  642  879 1000 1467  558
1178  780  831 1038  879 1726  700 1023 1082 1631  488 1579  586 1320  982 1463
 796  371  802  949 1021  826 1508  550  546  983  397  821  411 1023  180  651
 478 1438  476  485 1333  235  525  827 1022  123  973 1155  715 1475  902  273
 953  882 1550 1467 1240  898  396 1479  745 1105  240  831  645  442  723 1983
 316  623 1152  543  470  939  482  669  443 1690  205 1969  510  455 1492 1238
2091 1938 1709  354  813 1163  676 1264 1473  839 1326  847  801 1254  976 1643
1157 1169  983 1905  878 1836  346 1590 1286 1621 1034  689  503  995 1376 1239
1828  674 1183  725 1399  549 1004  869 1427  818  882 1716  214  902 1222 1210
 390 1184 1225  949 1239 1210  660  863 1207 1446 1197  969 1042  741  865  821
 644  790  388 1374  803  484  968 1056  665  318 1420  794 1341 1017 1137 1836
1056  679 1200  189 1645 1891 1704 1403  442  699  453  290  483 1809  107  384
1024  511  251  712  646  525  585 1499  330 1885  495  231 1356  999 1949 1872
1644  567  591  950  410  690 2147  594  590  326 1191  499  504  838 1098  758
1794  703 2439  414  751 1837 1011 2374 2455 2237  928  921  624  325 1356  480
 369 1241  413  473  680 1097  166 1038 1049  781 1497  905  238  925  702 1506
1506 1287  998  216  479 1941  188  350  736  792  161  547  632  745  552 1607
 375 2115  296  392 1547  959 2121 2114 1890  641  676 1480  435  129  949  708
 325  355 1081  492 1007 1137  779 1759  774  291 1148  516 1688 1785 1573 1038
 231 1829 1603 2339 1524 1780 1673 2421 1315 2394  357 2136  825 2237 1589  579
1204  347  959  940 2336 1266  320  919  605  154  623  652  580  582 1508  344
1950  429  242 1402  949 1986 1943 1717  603  582  872  699  197  358  957  529
 881 1263  660 1849  645  240 1250  631 1802 1867 1650  923  341 1511  815  669
1092 1397 1019 1982 1010 2708  695 1061 2089 1148 2594 2734 2520 1212 1176  697
1051 1018  290  985 1280  743 1427  996  466  987 1110 1584 1395 1166  861  626
 469  761  607  685 1446  472 1969  457  254 1393  823 1963 1975 1752  739  515
1171  847 1089 1316  919 2063  776  598 1434  507 1926 2101 1898 1187  548 1144
  83 2145  317 2445  426  875 1972 1584 2571 2408 2179  194 1231 1094 1036  836
1371 1008  354  833  828 1429 1369 1146 1021  352 2083  259 2412  345  811 1925
1507 2523 2380 2151  220 1163 1628 1005 1903 1272  504  849  653 1114 1019 2044
 932 2165  330  559 1668 1291 2264 2138 1908  268  917 2377 1723  636 1720  534
 145  290 2281 1531  667 1829 1235 2410 2367 2139  519  972 1162  792 1744 1724
1500  796  361 1087  600  701  550 1835  917 1490 1787 1614 1553  486  678  727
2435 1461  229 2238 1560 2010 1353 1157
61 67 24 84 13 86 89 46 48 50 74 75 88 40 29 45 32 21 61 21 51 14 89 79
38 20 97 19 10 73 59 92 52 66 89 65 63 47  7 61 87 19 36 43  9 12  8 67
22 53 64 15 66 37 16 23 67 18 52 69 17 29 50 13 95 34 59 36 22 94 28 34
36 38 55 77 45 34 32 58 30 88 74 59 93 54 89 30 79 46 35 41 99 52 76 93
 144  257    0  483   89 -165  -72 -252  -88 -178  311  126    7 -135  158  209
 101  -92  229   80   95   71 -244  102  -12  132  337   61  104   41  261  118
  99 -246  156 -270  330 -130  952  -62  161  484  122  474 1086  861 -170  206
