  241
 0.000000000000000D+00
-0.829360742837465D-05
-0.165385719963686D-04
-0.246862508436755D-04
-0.326880011101362D-04
-0.404951799358072D-04
-0.480591444610249D-04
-0.553312518264613D-04
-0.622628591731717D-04
-0.688053236426306D-04
-0.749100023767560D-04
-0.805282525179182D-04
-0.856114312089326D-04
-0.901108955930352D-04
-0.939780028138369D-04
-0.971641100152566D-04
-0.996205743414314D-04
-0.101298752936601D-03
-0.102150002944962D-03
-0.102125681510502D-03
-0.101177145776792D-03
-0.992557528867504D-04
-0.963128599823786D-04
-0.922998242044506D-04
-0.871680026921712D-04
-0.808687525827913D-04
-0.733534310111832D-04
-0.645733951093718D-04
-0.544800020060197D-04
-0.430246088258674D-04
-0.301585726891221D-04
-0.158332507107973D-04
 0.000000000000000D+00
 0.173917376234910D-04
 0.356561403892202D-04
 0.541093017661466D-04
 0.720673152141427D-04
 0.888462742163882D-04
 0.103762272308128D-03
 0.116131403096772D-03
 0.125269760268300D-03
 0.130493437574956D-03
 0.131118528799194D-03
 0.126461127688851D-03
 0.115837327858520D-03
 0.985632226520959D-04
 0.739549049614655D-04
 0.413284669963100D-04
 0.000000000000000D+00
-0.507191942015300D-04
-0.109673592438298D-03
-0.175712457944425D-03
-0.247685052277250D-03
-0.324440635356647D-03
-0.404828465627817D-03
-0.487697800323613D-03
-0.571897895802471D-03
-0.656278007938000D-03
-0.739687392536301D-03
-0.820975305757076D-03
-0.898991004514579D-03
-0.972583746834495D-03
-0.104060279214278D-02
-0.110189740146255D-02
-0.115531683749508D-02
-0.119971036456092D-02
-0.123392724837733D-02
-0.125681675564790D-02
-0.126722815344060D-02
-0.126401070833025D-02
-0.124601368528142D-02
-0.121208634624791D-02
-0.116107794846488D-02
-0.109183774240959D-02
-0.100321496940693D-02
-0.894058858855763D-03
-0.763218625052128D-03
-0.609543463585386D-03
-0.431882547283384D-03
-0.229085021682697D-03
 0.000000000000000D+00
 0.256554633128918D-03
 0.529669023235144D-03
 0.808464315834393D-03
 0.108206159166928D-02
 0.133958199020829D-02
 0.157014682352793D-02
 0.176287766038594D-02
 0.190689636029331D-02
 0.199132503739235D-02
 0.200528593394801D-02
 0.193790118325912D-02
 0.177829244179592D-02
 0.151558037036961D-02
 0.113888394413933D-02
 0.637319571262856D-03
 0.000000000000000D+00
-0.784041162764370D-03
-0.169681991136176D-02
-0.272042010390575D-02
-0.383691936996759D-02
-0.502838923658343D-02
-0.627689571975233D-02
-0.756450029169852D-02
-0.887326113407064D-02
-0.101852345871898D-01
-0.114824767054253D-01
-0.127470448287615D-01
-0.139609990806115D-01
-0.151064037019369D-01
-0.161653281317506D-01
-0.171198477441215D-01
-0.179520441518846D-01
-0.186440049873921D-01
-0.191778230708348D-01
-0.195355948769096D-01
-0.196994182109046D-01
-0.196513890055909D-01
-0.193735971506462D-01
-0.188481212666753D-01
-0.180570223362896D-01
-0.169823361052695D-01
-0.156060641677953D-01
-0.139101636515259D-01
-0.118765354215962D-01
-0.948701072847333D-02
-0.672333623457288D-02
-0.356715737082321D-02
 0.000000000000000D+00
 0.399707311560124D-02
 0.840105435266431D-02
 0.131890047197068D-01
 0.183378322334310D-01
 0.238243775375045D-01
 0.296255051152741D-01
 0.357181906058069D-01
 0.420795971608575D-01
 0.486871373116820D-01
 0.555185201909656D-01
 0.625517850913439D-01
 0.697653189254358D-01
 0.771378469057060D-01
 0.846483766010657D-01
 0.922760690838408D-01
 0.100000000000000D+00
 0.107797824617506D+00
 0.115755041988846D+00
 0.123957390236730D+00
 0.132491475880360D+00
 0.141444947693674D+00
 0.150906559828701D+00
 0.160966147295717D+00
 0.171714574370910D+00
 0.183243739569440D+00
 0.195646733545520D+00
 0.209018246657536D+00
 0.223455306899893D+00
 0.239058390904567D+00
 0.255932879724509D+00
 0.274190708376287D+00
 0.293951878604906D+00
 0.315345348203229D+00
 0.338508897740792D+00
 0.363588085293656D+00
 0.390736007373008D+00
 0.420120120192521D+00
 0.451940731460233D+00
 0.486450876562337D+00
 0.523965325187679D+00
 0.564857344110569D+00
 0.609551774548351D+00
 0.658535266659527D+00
 0.712411651955642D+00
 0.772012668820084D+00
 0.838527863080890D+00
 0.913644720976453D+00
 0.100000000000000D+01
 0.110207494596726D+01
 0.122658701744047D+01
 0.139401801632373D+01
 0.165376440638830D+01
 0.208597536150621D+01
 0.277459528572401D+01
 0.371522950367823D+01
 0.472499177079291D+01
 0.555478177657114D+01
 0.610333824336571D+01
 0.642627931311385D+01
 0.661743831670253D+01
 0.674621597629721D+01
 0.684677638473460D+01
 0.692996918708369D+01
 0.700000000000000D+01
 0.705978367159175D+01
 0.711184533142948D+01
 0.715789412310019D+01
 0.719907726142581D+01
 0.723624639368444D+01
 0.727010510093773D+01
 0.730122436019571D+01
 0.733003759357440D+01
 0.735688636141685D+01
 0.738208625261895D+01
 0.740593786320455D+01
 0.742872150627160D+01
 0.745069587633604D+01
 0.747209960253512D+01
 0.749315503266478D+01
 0.751407255704962D+01
 0.753505429778164D+01
 0.755629691224247D+01
 0.757799383044732D+01
 0.760033737845771D+01
 0.762352100837971D+01
 0.764774136738857D+01
 0.767319950704055D+01
 0.770010101330177D+01
 0.772865479546811D+01
 0.775907250046130D+01
 0.779160255392066D+01
 0.782657940886240D+01
 0.786442324921175D+01
 0.790560134184621D+01
 0.795060002479165D+01
 0.800000000000000D+01
 0.805463524429539D+01
 0.811499856265846D+01
 0.818186200394093D+01
 0.825649537515921D+01
 0.834054417489819D+01
 0.843590342404022D+01
 0.854563797180108D+01
 0.867688920508546D+01
 0.884581280766159D+01
 0.908256567223050D+01
 0.943435513380375D+01
 0.996703966130700D+01
 0.107597961716560D+02
 0.118800889227265D+02
 0.133313732139604D+02
 0.150000000000000D+02
-0.132697718853994D-03
-0.132308575970949D-03
-0.131141147322407D-03
-0.129195432910141D-03
-0.126471432737053D-03
-0.122969146807110D-03
-0.118688575125233D-03
-0.113629717697174D-03
-0.107792574529354D-03
-0.101177145628675D-03
-0.937834310023002D-04
-0.856114306574130D-04
-0.766611446009367D-04
-0.669325728392339D-04
-0.564257153777708D-04
-0.451405722207565D-04
-0.330771433707513D-04
-0.202354288282463D-04
-0.661542859121522D-05
 0.778285734536431D-05
 0.229594289900165D-04
 0.389142863553051D-04
 0.556474294583978D-04
 0.731588583216591D-04
 0.914485729732750D-04
 0.110516573447903D-03
 0.130362859787356D-03
 0.150987432041308D-03
 0.172390290268035D-03
 0.194571434535182D-03
 0.217530864920561D-03
 0.241268581512976D-03
 0.265799906674306D-03
 0.285249123113762D-03
 0.293740513141245D-03
 0.291289398599380D-03
 0.277895779601933D-03
 0.253559656751885D-03
 0.218281031043070D-03
 0.172059903681372D-03
 0.114896275825473D-03
 0.467901482471532D-04
-0.322584790888429D-04
-0.122249607525395D-03
-0.223183240294038D-03
-0.335059383176432D-03
-0.457878045246287D-03
-0.591639239691724D-03
-0.736381289582720D-03
-0.877388739506388D-03
-0.999946109943162D-03
-0.110409167871161D-02
-0.118982541929778D-02
-0.125714730680454D-02
-0.130605731973573D-02
-0.133655544139723D-02
-0.134864166091509D-02
-0.134231597387064D-02
-0.131757838255261D-02
-0.127442889582622D-02
-0.121286752861936D-02
-0.113289430102561D-02
-0.103450923702448D-02
-0.917712362818398D-03
-0.782503704786957D-03
-0.628883287057994D-03
-0.456851128695770D-03
-0.266407240506162D-03
-0.575516214588474D-04
 0.169715745273455D-03
 0.415394896658719D-03
 0.679485894532303D-03
 0.961988830706594D-03
 0.126290383246362D-02
 0.158223106843060D-02
 0.191997075483839D-02
 0.227612316216302D-02
 0.265068862214995D-02
 0.304366753522151D-02
 0.345506037826707D-02
 0.388511723849292D-02
 0.423735218588115D-02
 0.441527746164380D-02
 0.441914054747312D-02
 0.424894139499120D-02
 0.390468185486914D-02
 0.338636536142116D-02
 0.269399629412309D-02
 0.182757901605133D-02
 0.787116589237559D-03
-0.427390833065909D-03
-0.181594793721667D-02
-0.337856650311607D-02
-0.511526798125277D-02
-0.702608639285401D-02
-0.911107155311462D-02
-0.113708858722178D-01
-0.135745592908941D-01
-0.154910315291311D-01
-0.171207956688466D-01
-0.184637530614215D-01
-0.195198107982779D-01
-0.202888884409207D-01
-0.207709233145465D-01
-0.209658743639300D-01
-0.208737245708371D-01
-0.204944819325739D-01
-0.198281790014896D-01
-0.188748709854030D-01
-0.176346324091126D-01
-0.161075523374768D-01
-0.142937281610724D-01
-0.121932579461653D-01
-0.980623135160150D-02
-0.713271911613977D-02
-0.417276112055828D-02
-0.926353029450294D-03
 0.260656848206667D-02
 0.642614191132471D-02
 0.105325985148528D-01
 0.149262812912468D-01
 0.196076653479544D-01
 0.245773796299488D-01
 0.298362299695931D-01
 0.353852233844201D-01
 0.412255934961866D-01
 0.473588268612010D-01
 0.537866898765831D-01
 0.605138438913956D-01
 0.672084348213145D-01
 0.735354528328448D-01
 0.794942230461336D-01
 0.850829825423809D-01
 0.903013830547444D-01
 0.951505045464198D-01
 0.996327363646678D-01
 0.103751573647000D+00
 0.107511384240865D+00
 0.110917182237296D+00
 0.113974389875761D+00
 0.116688494514897D+00
 0.119064461405040D+00
 0.121105777425078D+00
 0.122812987191474D+00
 0.124174044269319D+00
 0.126040335910770D+00
 0.129276524953798D+00
 0.133891471132107D+00
 0.139900459655549D+00
 0.147320671586733D+00
 0.156169596816347D+00
 0.166464116337665D+00
 0.178220738189783D+00
 0.191457273396887D+00
 0.206196056704762D+00
 0.222468586834981D+00
 0.240321153976254D+00
 0.259820582596929D+00
 0.281058539773759D+00
 0.304151991043174D+00
 0.329237118615539D+00
 0.356456153087091D+00
 0.385941896723412D+00
 0.417816877057728D+00
 0.452256279190918D+00
 0.489637792697798D+00
 0.530646050958531D+00
 0.576196749819569D+00
 0.627251740385858D+00
 0.684691594885374D+00
 0.749423380391659D+00
 0.822879019258327D+00
 0.907819217284459D+00
 0.100892968900199D+01
 0.113305641725096D+01
 0.129177709535288D+01
 0.150744179992644D+01
 0.181269613952377D+01
 0.233554456285180D+01
 0.341741911158261D+01
 0.553565876145984D+01
 0.896664703468567D+01
 0.130340331373761D+02
 0.156031718805512D+02
 0.147164181831433D+02
 0.110267717805824D+02
 0.697198029234167D+01
 0.411280058669462D+01
 0.255949330546684D+01
 0.183470454425655D+01
 0.147002568629189D+01
 0.122578892212317D+01
 0.103851587606443D+01
 0.894762651435819D+00
 0.784883612067567D+00
 0.697855439970652D+00
 0.626818164674006D+00
 0.568222716095377D+00
 0.519823732090089D+00
 0.479459941093346D+00
 0.445296009769145D+00
 0.416389272356369D+00
 0.392412014301584D+00
 0.373082029221223D+00
 0.358064105051945D+00
 0.347024770108213D+00
 0.339673250629929D+00
 0.335783636115934D+00
 0.335194120934901D+00
 0.337794841542831D+00
 0.343516261325391D+00
 0.352323729721903D+00
 0.364217423459124D+00
 0.379231911446865D+00
 0.397427989286719D+00
 0.418877167305595D+00
 0.443642307420461D+00
 0.471771897276270D+00
 0.503582067620464D+00
 0.540055267208800D+00
 0.582565562328668D+00
 0.632175463870482D+00
 0.689414204639206D+00
 0.755189265230321D+00
 0.832281756029914D+00
 0.919988501267682D+00
 0.101781407716432D+01
 0.113197450000601D+01
 0.126945736765813D+01
 0.143526439104805D+01
 0.164075037522306D+01
 0.192788624836194D+01
 0.240139868688415D+01
 0.324541173716032D+01
 0.470833860913723D+01
 0.707579191261198D+01
 0.106035283028177D+02
 0.153043940913559D+02
 0.205726163384357D+02
 0.249592886181881D+02
 0.266980285766332D+02
 0.000000000000000D+00
 0.124525722574615D-04
 0.249051444958727D-04
 0.373577166966526D-04
 0.498102888421342D-04
 0.622628609160576D-04
 0.747154329040055D-04
 0.871680047938809D-04
 0.996205765763491D-04
 0.112073148245396D-03
 0.124525719798593D-03
 0.136978291237797D-03
 0.149430862569445D-03
 0.161883433805046D-03
 0.174336004961771D-03
 0.186788576062687D-03
 0.199241147137479D-03
 0.211693718222682D-03
 0.224146289362313D-03
 0.236598860608232D-03
 0.249051432020638D-03
 0.261504003668596D-03
 0.273956575630372D-03
 0.286409147993990D-03
 0.298861720857718D-03
 0.311314294330390D-03
 0.323766868532093D-03
 0.336219443594372D-03
 0.348672019660882D-03
 0.361124596887818D-03
 0.373577175444319D-03
 0.386029755512980D-03
 0.398972649649571D-03
 0.223402276413008D-03
 0.483222044664550D-04
-0.126757869806130D-03
-0.301837938112176D-03
-0.476917993089378D-03
-0.651998029592701D-03
-0.827078045981616D-03
-0.100215804540716D-02
-0.117723803709906D-02
-0.135231803765281D-02
-0.152739807231687D-02
-0.170247817627969D-02
-0.187755839595692D-02
-0.205263879027844D-02
-0.222771943197555D-02
-0.240402616453632D-02
-0.210821223302105D-02
-0.181362362095572D-02
-0.151903457963467D-02
-0.122444511912260D-02
-0.929855281093780D-03
-0.635265132704316D-03
-0.340674760463761D-03
-0.460842641077791D-04
 0.248506249530156D-03
 0.543096672646931D-03
 0.837686902597390D-03
 0.113227684802239D-02
 0.142686643497736D-02
 0.172145561305903D-02
 0.201604436153546D-02
 0.231063269547066D-02
 0.260522067185615D-02
 0.289980839573500D-02
 0.319439602633248D-02
 0.348898378318158D-02
 0.378357195225210D-02
 0.407816089207635D-02
 0.437275103987833D-02
 0.466734291769899D-02
 0.496193713852594D-02
 0.525653441241725D-02
 0.555113555263226D-02
 0.584574148175560D-02
 0.614035323782633D-02
 0.643497198046358D-02
 0.672959899699445D-02
 0.703222053023264D-02
 0.423929778619064D-02
 0.145431103821417D-02
-0.133069229167604D-02
-0.411568058774517D-02
-0.690062469616071D-02
-0.968550309417476D-02
-0.124703070593635D-01
-0.152550458389330D-01
-0.180397518191076D-01
-0.208244856946034D-01
-0.236093416382209D-01
-0.263944524705598D-01
-0.291799948298146D-01
-0.319661943414252D-01
-0.347533307869143D-01
-0.375607274243877D-01
-0.329568219732535D-01
-0.283702896503296D-01
-0.237821628205689D-01
-0.191924737418250D-01
-0.146013738375820D-01
-0.100091107269866D-01
-0.541600522903884D-02
-0.822428351233695D-03
 0.377122173020572D-02
 0.836454269421694D-02
 0.129571511004807D-01
 0.175487054142915D-01
 0.221389290270020D-01
 0.267276332653439D-01
 0.313147403795968D-01
 0.359003064974299D-01
 0.404845445286108D-01
 0.450678470061643D-01
 0.496508088524434D-01
 0.542342500630122D-01
 0.588192383055306D-01
 0.634071114307266D-01
 0.679994998821734D-01
 0.725983489624333D-01
 0.772059408522088D-01
 0.818249161716151D-01
 0.864582946970023D-01
 0.911094945774633D-01
 0.957823489990619D-01
 0.100481118681399D+00
 0.105210497810827D+00
 0.110058430663175D+00
 0.104168479094230D+00
 0.982960972747386D-01
 0.923845495505025D-01
 0.864557543294131D-01
 0.805330620662188D-01
 0.746388256673942D-01
 0.687925925165400D-01
 0.630102005181001D-01
 0.573037384855635D-01
 0.516817974002208D-01
 0.461488470306843D-01
 0.407025014216522D-01
 0.353284390629156D-01
 0.299936735783177D-01
 0.246370389463557D-01
 0.189167875446898D-01
 0.408045449817322D-01
 0.627535043951539D-01
 0.849247733107461D-01
 0.107362859439380D+00
 0.130083922358537D+00
 0.153081684989090D+00
 0.176342939693107D+00
 0.199868959574665D+00
 0.223700167052655D+00
 0.247940898799349D+00
 0.272780065367648D+00
 0.298502083153089D+00
 0.325479632708522D+00
 0.354134996950023D+00
 0.384855443671270D+00
 0.417868638644393D+00
 0.453140464445283D+00
 0.490403331916980D+00
 0.529596038781150D+00
 0.572464829480921D+00
 0.623743602739239D+00
 0.688520661604201D+00
 0.769101701949012D+00
 0.864657996172255D+00
 0.973417347812244D+00
 0.109799978838888D+01
 0.125258065534450D+01
 0.146550568149172D+01
 0.177002941346916D+01
 0.220202589049785D+01
 0.287703580876371D+01
 0.402423473759015D+01
 0.574390412952442D+01
 0.109872454169727D+02
 0.236327401424132D+02
 0.441509286536578D+02
 0.656406960895690D+02
 0.645156591965261D+02
 0.176967805850766D+02
-0.460728989021301D+02
-0.719957859798199D+02
-0.577575416438826D+02
-0.337362089368230D+02
-0.159696240624660D+02
-0.722361629626312D+01
-0.444610715860608D+01
-0.336946929479291D+01
-0.262326817908684D+01
-0.197683500902872D+01
-0.153929425075535D+01
-0.124560725634592D+01
-0.102758555314676D+01
-0.847468801369359D+00
-0.701298686799873D+00
-0.590342625095900D+00
-0.502903177278540D+00
-0.422112419930272D+00
-0.345159837822848D+00
-0.273399684748711D+00
-0.207173888668194D+00
-0.146084829531219D+00
-0.891637937738778D-01
-0.353038706739426D-01
 0.164393848808686D-01
 0.667836745728891D-01
 0.116301758469035D+00
 0.165537230219343D+00
 0.215060969371734D+00
 0.265402646235998D+00
 0.316871844639309D+00
 0.369501851964742D+00
 0.422982631710966D+00
 0.477164243674906D+00
 0.540761207339301D+00
 0.626381179487453D+00
 0.733948264348328D+00
 0.853568584989716D+00
 0.978071119609467D+00
 0.112673081930620D+01
 0.134022888628078D+01
 0.146638696132777D+01
 0.166403146736457D+01
 0.198910206356959D+01
 0.241034970129840D+01
 0.289547504717893D+01
 0.368007644642148D+01
 0.550827149402267D+01
 0.964412653868794D+01
 0.173642910701496D+02
 0.294493688331113D+02
 0.463091368780806D+02
 0.665784276085033D+02
 0.838492776247176D+02
 0.847338342818357D+02
 0.556396786702435D+02
 0.000000000000000D+00
