  251
 0.100000000000000D+02
 0.993750607207363D+01
 0.987491644853787D+01
 0.981213442846088D+01
 0.974906126513033D+01
 0.968559505174716D+01
 0.962162948730768D+01
 0.955705246587638D+01
 0.949174441862806D+01
 0.942557632205725D+01
 0.935840726722549D+01
 0.929008145986971D+01
 0.922042448029361D+01
 0.914923856014783D+01
 0.907629650902139D+01
 0.900133371507231D+01
 0.892403729740553D+01
 0.884403091024864D+01
 0.876085272197586D+01
 0.867392239178242D+01
 0.858248973262365D+01
 0.848555134533652D+01
 0.838170639254049D+01
 0.826888112372942D+01
 0.814372175817716D+01
 0.800000000000000D+01
 0.782359006430300D+01
 0.760086877059379D+01
 0.732016504228752D+01
 0.698180507443569D+01
 0.660802577138204D+01
 0.624006628604651D+01
 0.591787925657041D+01
 0.566027024548146D+01
 0.546335457297048D+01
 0.531201632073672D+01
 0.519073251825068D+01
 0.508869042398251D+01
 0.500000000000000D+01
 0.492153809431368D+01
 0.485072666495007D+01
 0.478595499214524D+01
 0.472614186924041D+01
 0.467050833946931D+01
 0.461846939721651D+01
 0.456957320001937D+01
 0.452346169580769D+01
 0.447984472023862D+01
 0.443848306852141D+01
 0.439917688538704D+01
 0.436175709239622D+01
 0.432607888313502D+01
 0.429201691367960D+01
 0.425946179252032D+01
 0.422831738401494D+01
 0.419849862296550D+01
 0.416992975553498D+01
 0.414254295777675D+01
 0.411627723555683D+01
 0.409107749788065D+01
 0.406689373589628D+01
 0.404368029550340D+01
 0.402139526531514D+01
 0.400000000000000D+01
 0.397945879256493D+01
 0.395971900149833D+01
 0.394073169712187D+01
 0.392245112046268D+01
 0.390483423268439D+01
 0.388784032849499D+01
 0.387143070953473D+01
 0.385556841155172D+01
 0.384021797756018D+01
 0.382534526876012D+01
 0.381091730571409D+01
 0.379690213370540D+01
 0.378326870784442D+01
 0.376998679494300D+01
 0.375702689021316D+01
 0.374436014740558D+01
 0.373195832115123D+01
 0.371979372013813D+01
 0.370783916949322D+01
 0.369606798047441D+01
 0.368445392540208D+01
 0.367297121572052D+01
 0.366159448119118D+01
 0.365029874846565D+01
 0.363905941763578D+01
 0.362785223577105D+01
 0.361665326688833D+01
 0.360543885821675D+01
 0.359418560298532D+01
 0.358287030024177D+01
 0.357146991238221D+01
 0.355996152111128D+01
 0.354832228244835D+01
 0.353652938114174D+01
 0.352455998445801D+01
 0.351239119479827D+01
 0.350000000000000D+01
 0.348736322783777D+01
 0.347471193466032D+01
 0.346227614549308D+01
 0.345028260001681D+01
 0.343895311478565D+01
 0.342850447060048D+01
 0.341915148248377D+01
 0.341111602219962D+01
 0.340464385195015D+01
 0.340002128542083D+01
 0.339756133530943D+01
 0.339752365676023D+01
 0.340000000000000D+01
 0.340490122417810D+01
 0.341207471116868D+01
 0.342148891790646D+01
 0.343318025201901D+01
 0.344722587645074D+01
 0.346374384891503D+01
 0.348289043395589D+01
 0.350486151097500D+01
 0.352990152628670D+01
 0.355832362256498D+01
 0.359055202591319D+01
 0.362711711718992D+01
 0.366860294289474D+01
 0.371585355046230D+01
 0.377039971103890D+01
 0.383432930817346D+01
 0.391023862809254D+01
 0.400565545892102D+01
 0.414099174605923D+01
 0.434661026481038D+01
 0.464484658788945D+01
 0.501922569834422D+01
 0.540680396880582D+01
 0.574216496099520D+01
 0.600000000000000D+01
 0.619050625658925D+01
 0.633970620499675D+01
 0.646252223583552D+01
 0.656740770525289D+01
 0.665923941164405D+01
 0.674099953575858D+01
 0.681466445575152D+01
 0.688163706656104D+01
 0.694295525356590D+01
 0.699940496171145D+01
 0.705159330241093D+01
 0.710000000000000D+01
 0.714501286502116D+01
 0.718708369439071D+01
 0.722656788934798D+01
 0.726375121604854D+01
 0.729886781520296D+01
 0.733211268618555D+01
 0.736365053039441D+01
 0.739362216276457D+01
 0.742214927588943D+01
 0.744933805868490D+01
 0.747528199247333D+01
 0.750006404022060D+01
 0.752375838076648D+01
 0.754643179887232D+01
 0.756814481266486D+01
 0.758895259796092D+01
 0.760890575247143D+01
 0.762805093126689D+01
 0.764643137726249D+01
 0.766408736574618D+01
 0.768105657901664D+01
 0.769737442512178D+01
 0.771307431289389D+01
 0.772818789365448D+01
 0.774274527801757D+01
 0.775677523419670D+01
 0.777030537223015D+01
 0.778336231670972D+01
 0.779597186904703D+01
 0.780815915912078D+01
 0.781994878535678D+01
 0.783136494189596D+01
 0.784243153145995D+01
 0.785317226275699D+01
 0.786361073169713D+01
 0.787377048621492D+01
 0.788367507504939D+01
 0.789334808134149D+01
 0.790281314233104D+01
 0.791209395674632D+01
 0.792121428167086D+01
 0.793019792075254D+01
 0.793906870560798D+01
 0.794785047219292D+01
 0.795656703378383D+01
 0.796524215207021D+01
 0.797389950771265D+01
 0.798256267159374D+01
 0.799125507788728D+01
 0.800000000000000D+01
 0.800882036027823D+01
 0.801771449534278D+01
 0.802668060271936D+01
 0.803571690926917D+01
 0.804482166907630D+01
 0.805399316149094D+01
 0.806322968931703D+01
 0.807252957713366D+01
 0.808189116974022D+01
 0.809131283071628D+01
 0.810079294108753D+01
 0.811032989808983D+01
 0.811992211402398D+01
 0.812956801519437D+01
 0.813926604092503D+01
 0.814901464264721D+01
 0.815881228305296D+01
 0.816865743530959D+01
 0.817854858233024D+01
 0.818848421609628D+01
 0.819846283702737D+01
 0.820848295339554D+01
 0.821854308077967D+01
 0.822864174155739D+01
 0.823877746443123D+01
 0.824894878398642D+01
 0.825915424027785D+01
 0.826939237844370D+01
 0.827966174834382D+01
 0.828996090422071D+01
 0.830028840438135D+01
 0.831064281089817D+01
 0.832102268932756D+01
 0.833142660844451D+01
 0.834185313999209D+01
 0.835230085844426D+01
 0.836276834078127D+01
 0.837325416627606D+01
 0.838375691629105D+01
 0.839427517408415D+01
 0.840480752462306D+01
 0.841535255440721D+01
 0.842590885129621D+01
 0.843647500434442D+01
 0.844704960364052D+01
 0.845763124015164D+01
 0.846821850557129D+01
 0.847880999217035D+01
 0.848940429265059D+01
 0.850000000000000D+01
-0.156234819815930D+01
-0.156354439327666D+01
-0.156714554515938D+01
-0.157318979259422D+01
-0.158174220892142D+01
-0.159289722278315D+01
-0.160678232338480D+01
-0.162356335849523D+01
-0.164345179773913D+01
-0.166671439253208D+01
-0.169368577734421D+01
-0.172478483664851D+01
-0.176053624652355D+01
-0.180159964090274D+01
-0.184881056344399D+01
-0.190324014519825D+01
-0.196628506029586D+01
-0.203980719287089D+01
-0.212635648082782D+01
-0.222953736690268D+01
-0.235463808057370D+01
-0.250979175103945D+01
-0.270837777008874D+01
-0.297480792954163D+01
-0.336101404661775D+01
-0.400164617342705D+01
-0.498914036757764D+01
-0.629281277519340D+01
-0.773829620197625D+01
-0.890174088631854D+01
-0.927173485486476D+01
-0.862683143514533D+01
-0.724745050706311D+01
-0.568155854499919D+01
-0.435317405930926D+01
-0.340777568399744D+01
-0.279157370942763D+01
-0.238415647813356D+01
-0.208940412086034D+01
-0.186591668812417D+01
-0.169478877710550D+01
-0.155730994637074D+01
-0.144308315844913D+01
-0.134590590029865D+01
-0.126168924312425D+01
-0.118759626761036D+01
-0.112160599725937D+01
-0.106223284107845D+01
-0.100834793564473D+01
-0.959074701564910D+00
-0.913725028150336D+00
-0.871752233957745D+00
-0.832713632683668D+00
-0.796244120808209D+00
-0.762039619435306D+00
-0.729845355999492D+00
-0.699445814859379D+00
-0.670656499726852D+00
-0.643318248701175D+00
-0.617293745756908D+00
-0.592465029715727D+00
-0.568730882264223D+00
-0.546003693792441D+00
-0.524205909377695D+00
-0.503512481270868D+00
-0.484088693038276D+00
-0.465848512945599D+00
-0.448718305468421D+00
-0.432634899596135D+00
-0.417544039370743D+00
-0.403398961790841D+00
-0.390159149681918D+00
-0.377789284895086D+00
-0.366258398076152D+00
-0.355539188184012D+00
-0.345607473370824D+00
-0.336441734529952D+00
-0.328022720390797D+00
-0.320333094217751D+00
-0.313357113274115D+00
-0.307080340843147D+00
-0.301489395725141D+00
-0.296571745796537D+00
-0.292315551139261D+00
-0.288709559423589D+00
-0.285743052636211D+00
-0.283405840685869D+00
-0.281688294442473D+00
-0.280581408682490D+00
-0.280076884343194D+00
-0.280167219428790D+00
-0.280845798787605D+00
-0.282106974687235D+00
-0.283946132538865D+00
-0.286359739131054D+00
-0.289345374173250D+00
-0.292901749619290D+00
-0.297028724879200D+00
-0.301727329293344D+00
-0.306999805725150D+00
-0.312849587006336D+00
-0.316100816745979D+00
-0.313588529308600D+00
-0.305366683043895D+00
-0.291537883842846D+00
-0.272226617704180D+00
-0.247520403773543D+00
-0.217355605010650D+00
-0.181345381670273D+00
-0.138684209734907D+00
-0.885314580088947D-01
-0.312203582574999D-01
 0.304833086320788D-01
 0.922195927233693D-01
 0.150933889608518D+00
 0.207346171604517D+00
 0.263819260629128D+00
 0.321711981803430D+00
 0.382044961200184D+00
 0.445806968814449D+00
 0.513970775749684D+00
 0.587638654135153D+00
 0.668276394874689D+00
 0.758131245331051D+00
 0.859918682811822D+00
 0.975636462269358D+00
 0.110920541590474D+01
 0.127245960180198D+01
 0.148094697138947D+01
 0.174798646317051D+01
 0.214157688434449D+01
 0.288441397458364D+01
 0.426193507361705D+01
 0.629818552287782D+01
 0.840769291917296D+01
 0.952446726145461D+01
 0.903674078313728D+01
 0.741495038992722D+01
 0.560426619492564D+01
 0.424632756245941D+01
 0.340019974057834D+01
 0.284626875320166D+01
 0.245896469760661D+01
 0.216989788132113D+01
 0.194281305134338D+01
 0.175796913503076D+01
 0.160363497267973D+01
 0.147209868938021D+01
 0.135797561056293D+01
 0.125743797860683D+01
 0.116774453262782D+01
 0.108854617988383D+01
 0.101943780408527D+01
 0.958344020722979D+00
 0.903749073187232D+00
 0.854518376712599D+00
 0.809783939893183D+00
 0.768868457237681D+00
 0.731234318687657D+00
 0.696448699004104D+00
 0.664158957298844D+00
 0.634074769196302D+00
 0.605954853664381D+00
 0.579596983146524D+00
 0.554830398729689D+00
 0.531509988607437D+00
 0.509511747582148D+00
 0.488729166324631D+00
 0.469070309888209D+00
 0.450455430991159D+00
 0.432815021926891D+00
 0.416088242195001D+00
 0.400221673465639D+00
 0.385168356658805D+00
 0.370887064046066D+00
 0.357341756777652D+00
 0.344501177657186D+00
 0.332338531412768D+00
 0.320831210210970D+00
 0.309960530138342D+00
 0.299711453871898D+00
 0.290072284689735D+00
 0.281034326289697D+00
 0.272591510762787D+00
 0.264740002964736D+00
 0.257477793224126D+00
 0.250804291903206D+00
 0.244719939082194D+00
 0.239225841020596D+00
 0.234323442560380D+00
 0.230014241747778D+00
 0.226299550077702D+00
 0.223180299213943D+00
 0.220656893004723D+00
 0.218729102198190D+00
 0.217395998466197D+00
 0.216655924110243D+00
 0.216506494044133D+00
 0.216944627182880D+00
 0.217966605078213D+00
 0.219566029886897D+00
 0.221431191784793D+00
 0.223253030514159D+00
 0.225030174079865D+00
 0.226763329461632D+00
 0.228453152772046D+00
 0.230100253009224D+00
 0.231705195534082D+00
 0.233268505289885D+00
 0.234790669782736D+00
 0.236272141841365D+00
 0.237713342169377D+00
 0.239114661705631D+00
 0.240476463806738D+00
 0.241799086263028D+00
 0.243082843160525D+00
 0.244328026599216D+00
 0.245534908279699D+00
 0.246703740965915D+00
 0.247834759833609D+00
 0.248928183714181D+00
 0.249984216240784D+00
 0.251003046903708D+00
 0.251984852023113D+00
 0.252929795644552D+00
 0.253838030362941D+00
 0.254709698082745D+00
 0.255544930715979D+00
 0.256343850824603D+00
 0.257106572212606D+00
 0.257833200469171D+00
 0.258523833468272D+00
 0.259178561827600D+00
 0.259797469329226D+00
 0.260380633306578D+00
 0.260928124996851D+00
 0.261440009864788D+00
 0.261916347897517D+00
 0.262357193872265D+00
 0.262762597601074D+00
 0.263132604150118D+00
 0.263467254038274D+00
 0.263766583414315D+00
 0.264030624215161D+00
 0.264259404303879D+00
 0.264452947590277D+00
 0.264611274134641D+00
 0.264734400233779D+00
 0.264822338491211D+00
 0.264875097870676D+00
 0.264892683735374D+00
 0.000000000000000D+00
-0.598097558679456D-01
-0.120247838267806D+00
-0.181964533474410D+00
-0.245656282885642D+00
-0.312094410200858D+00
-0.382160619881722D+00
-0.456891135639514D+00
-0.537530826555388D+00
-0.625598913092107D+00
-0.722970327514671D+00
-0.831982637700124D+00
-0.955587856051876D+00
-0.109758186290776D+01
-0.126296426415484D+01
-0.145851482355797D+01
-0.169373093132252D+01
-0.198237569742910D+01
-0.234508870041727D+01
-0.281395560332576D+01
-0.344108008022537D+01
-0.431660344306195D+01
-0.561269750940285D+01
-0.770881046324168D+01
-0.116014953905641D+02
-0.204301109499005D+02
-0.289445987576276D+02
-0.362390216231601D+02
-0.360351497159822D+02
-0.221370845011326D+02
 0.363738607382202D+01
 0.286077849121491D+02
 0.403612614919618D+02
 0.379333366112344D+02
 0.284858876732619D+02
 0.187840310923293D+02
 0.120260676361611D+02
 0.834479392854248D+01
 0.639282393511853D+01
 0.478154770168993D+01
 0.377484784924331D+01
 0.309909368749473D+01
 0.261224570858587D+01
 0.224661719893826D+01
 0.196421565978155D+01
 0.174043311591321D+01
 0.155908040163633D+01
 0.140957740740966D+01
 0.128466786427639D+01
 0.117899383971443D+01
 0.108848983101428D+01
 0.101014987861525D+01
 0.941780185088614D+00
 0.881695408684324D+00
 0.828529659960831D+00
 0.781183511829875D+00
 0.738793545175809D+00
 0.700672211450537D+00
 0.666240339833313D+00
 0.634984807380001D+00
 0.606450994679042D+00
 0.580256377896160D+00
 0.556103045692979D+00
 0.533786175044293D+00
 0.500885230297066D+00
 0.470304181332537D+00
 0.441704823301303D+00
 0.414805550557618D+00
 0.389364743056675D+00
 0.365178268212918D+00
 0.342075610782200D+00
 0.319914994663939D+00
 0.298578244677661D+00
 0.277966096269011D+00
 0.257994398338013D+00
 0.238591342321404D+00
 0.219695599722181D+00
 0.201255107235565D+00
 0.183226201416753D+00
 0.165572845765016D+00
 0.148265775783418D+00
 0.131281480116874D+00
 0.114601016313332D+00
 0.982087165504741D-01
 0.820908692331090D-01
 0.662344701357620D-01
 0.506261273813813D-01
 0.352511847884207D-01
 0.200931032107166D-01
 0.513311375405223D-02
-0.964986803381196D-02
-0.242790999069320D-01
-0.387796950745978D-01
-0.531781975068868D-01
-0.675021321025482D-01
-0.817796200072718D-01
-0.960391522947246D-01
-0.110309610700798D+00
-0.124620610006398D+00
-0.139003211583888D+00
-0.153485852475432D+00
-0.907563450669446D-02
 0.134690006375615D+00
 0.276402306859658D+00
 0.415037653192785D+00
 0.550525653740530D+00
 0.684785042791292D+00
 0.823454895353404D+00
 0.977056271665444D+00
 0.115600232510282D+01
 0.135163526119780D+01
 0.151391972637194D+01
 0.157126361810700D+01
 0.151555058645753D+01
 0.142016425779989D+01
 0.140044984200005D+01
 0.142320460923051D+01
 0.147143144948458D+01
 0.154521752035314D+01
 0.164288286036013D+01
 0.176530748640158D+01
 0.191808643287189D+01
 0.211380060410493D+01
 0.237894191871313D+01
 0.271042995532544D+01
 0.307545901755135D+01
 0.360298866421777D+01
 0.455972063064414D+01
 0.586464784873036D+01
 0.748732674032193D+01
 0.121921943183767D+02
 0.249496601935811D+02
 0.439263947580892D+02
 0.578861277049492D+02
 0.475892421098079D+02
 0.824947500427442D+01
-0.326357989201409D+02
-0.484537207403618D+02
-0.420804890097171D+02
-0.258164426135948D+02
-0.164899484804587D+02
-0.112066008883749D+02
-0.815860189137763D+01
-0.629473892289678D+01
-0.505950257599030D+01
-0.418269323964104D+01
-0.353401487791005D+01
-0.304279928706630D+01
-0.266335465379741D+01
-0.236352694400754D+01
-0.212114535494301D+01
-0.183877228225660D+01
-0.161664650767168D+01
-0.143804266044267D+01
-0.129170471634465D+01
-0.116983010738703D+01
-0.106689173358376D+01
-0.978882399191305D+00
-0.902824528309920D+00
-0.836456455867718D+00
-0.778030629395299D+00
-0.726178775731778D+00
-0.679817000864280D+00
-0.638076525028564D+00
-0.600252695813208D+00
-0.565767810299378D+00
-0.534144240965095D+00
-0.504984821910748D+00
-0.477957999910350D+00
-0.452785944942136D+00
-0.429234508271259D+00
-0.407104478323261D+00
-0.386223958144805D+00
-0.366441882196922D+00
-0.347622748440024D+00
-0.329642614980696D+00
-0.312386341042581D+00
-0.295745971178318D+00
-0.279620088911581D+00
-0.263913914719804D+00
-0.248539898602407D+00
-0.233418560505738D+00
-0.218479359496149D+00
-0.203661416849354D+00
-0.188913973053206D+00
-0.174196513977320D+00
-0.159478552068659D+00
-0.144739088981938D+00
-0.129965814097965D+00
-0.115154108912829D+00
-0.100305931717282D+00
-0.854286517865122D-01
-0.705338914014364D-01
-0.556364190595904D-01
-0.407531212670564D-01
-0.259020653325948D-01
-0.111016524650953D-01
 0.363014915960580D-02
 0.182765077777480D-01
 0.328223869888733D-01
 0.471488534453668D-01
 0.461092414494324D-01
 0.449826950188470D-01
 0.438744832664817D-01
 0.427832858218569D-01
 0.417078796988157D-01
 0.406471321601209D-01
 0.395999940827618D-01
 0.385654937073987D-01
 0.375427309351473D-01
 0.365308719962876D-01
 0.355291444043004D-01
 0.345368324083939D-01
 0.335532726469800D-01
 0.325778501675256D-01
 0.316099947073045D-01
 0.306491772272821D-01
 0.296949067968288D-01
 0.287467275139619D-01
 0.278042158707859D-01
 0.268669781577913D-01
 0.259346481723544D-01
 0.250068849738661D-01
 0.240833709963528D-01
 0.231638100756104D-01
 0.222479258438213D-01
 0.213354601463767D-01
 0.204261715153198D-01
 0.195198339159042D-01
 0.186162354842700D-01
 0.177151773439466D-01
 0.168164726110920D-01
 0.159199453553249D-01
 0.150254297259789D-01
 0.141327691416393D-01
 0.132418153719893D-01
 0.123524280248866D-01
 0.114644736115554D-01
 0.105778251258126D-01
 0.969236131465046D-02
 0.880796613755841D-02
 0.792452827025336D-02
 0.704194053180451D-02
 0.616009951048824D-02
 0.527890492540983D-02
 0.439825939446692D-02
 0.351806782372677D-02
 0.263823713320122D-02
 0.175867573837252D-02
 0.879293234890000D-03
 0.000000000000000D+00
