  251
 0.000000000000000D+00
 0.440799474168516D-02
 0.882476167834436D-02
 0.132591830511907D-01
 0.177203485857825D-01
 0.222176287396447D-01
 0.267607171516918D-01
 0.313596515556571D-01
 0.360248618136172D-01
 0.407673721694180D-01
 0.455993997383134D-01
 0.505356600832790D-01
 0.555953909224607D-01
 0.608042195923146D-01
 0.661948665399826D-01
 0.718068604964960D-01
 0.776856847806087D-01
 0.838806218898214D-01
 0.904394079965520D-01
 0.973980287701440D-01
 0.104767788984078D+00
 0.112531977193465D+00
 0.120678311688373D+00
 0.129291429259038D+00
 0.138716548313947D+00
 0.150000000000000D+00
 0.166401434535658D+00
 0.189251997120678D+00
 0.219497272334715D+00
 0.257663827885682D+00
 0.303760020462274D+00
 0.357176361186135D+00
 0.416643027108557D+00
 0.480293372140423D+00
 0.545849698164677D+00
 0.610901036555397D+00
 0.673205226381606D+00
 0.730939257164103D+00
 0.782845373764767D+00
 0.828260347473041D+00
 0.867050497637863D+00
 0.899492436004590D+00
 0.926138609841402D+00
 0.947695093709938D+00
 0.964925271658750D+00
 0.978582328214420D+00
 0.989367244588111D+00
 0.997906253748587D+00
 0.100474061554916D+01
 0.101032097759917D+01
 0.101500000000000D+01
 0.101902450232207D+01
 0.102253650351391D+01
 0.102560426832295D+01
 0.102826628586910D+01
 0.103054981231883D+01
 0.103247402312686D+01
 0.103404950347089D+01
 0.103527900101792D+01
 0.103616018012883D+01
 0.103669081745834D+01
 0.103688050908443D+01
 0.103675528570844D+01
 0.103631502344321D+01
 0.103555118137393D+01
 0.103445487544066D+01
 0.103301436838783D+01
 0.103121601222133D+01
 0.102904395967944D+01
 0.102647951069637D+01
 0.102350067940572D+01
 0.102007766450085D+01
 0.101615847199794D+01
 0.101164404638610D+01
 0.100635623386804D+01
 0.100000000000000D+01
 0.992116673832216D+00
 0.982148842838406D+00
 0.969443145463329D+00
 0.953296327272147D+00
 0.933040086641261D+00
 0.908175776415951D+00
 0.878550714309361D+00
 0.844534595883538D+00
 0.807121473811576D+00
 0.767878608900026D+00
 0.728712502897703D+00
 0.691511251632445D+00
 0.657793337439092D+00
 0.628490005799053D+00
 0.603913333081627D+00
 0.583873226961858D+00
 0.567860689277939D+00
 0.555222648755347D+00
 0.545289217122113D+00
 0.537447815491986D+00
 0.531177269301268D+00
 0.526059708066972D+00
 0.521783366086725D+00
 0.518138524905442D+00
 0.515000000000000D+00
 0.512295777841186D+00
 0.509948630382065D+00
 0.507900678405655D+00
 0.506109374533249D+00
 0.504544231553352D+00
 0.503183546167682D+00
 0.502011287423026D+00
 0.501014344071120D+00
 0.500180494383996D+00
 0.499497539257462D+00
 0.498953500755752D+00
 0.498537043117329D+00
 0.498237555065245D+00
 0.498044986373556D+00
 0.497949584105531D+00
 0.497941588293425D+00
 0.498010957421007D+00
 0.498147185375798D+00
 0.498339233174523D+00
 0.498575565224201D+00
 0.498844262653010D+00
 0.499133181627791D+00
 0.499430126584408D+00
 0.499723012971082D+00
 0.500000000000000D+00
 0.500249433406512D+00
 0.500472508645179D+00
 0.500670039869927D+00
 0.500842775913276D+00
 0.500991426540981D+00
 0.501116680866408D+00
 0.501219219670457D+00
 0.501299723238891D+00
 0.501358876108372D+00
 0.501397369844829D+00
 0.501415904699684D+00
 0.501415190727686D+00
 0.501395948721058D+00
 0.501358911128070D+00
 0.501304822984945D+00
 0.501234442798337D+00
 0.501148543267572D+00
 0.501047911723557D+00
 0.500933350175273D+00
 0.500805674885329D+00
 0.500665715434596D+00
 0.500514313275671D+00
 0.500352319810904D+00
 0.500180594059720D+00
 0.500000000000000D+00
 0.499811428401430D+00
 0.499617640211773D+00
 0.499421417648075D+00
 0.499225536379057D+00
 0.499032763136931D+00
 0.498845853549514D+00
 0.498667550295643D+00
 0.498500581686798D+00
 0.498347660778600D+00
 0.498211485117458D+00
 0.498094737229941D+00
 0.498000085965434D+00
 0.497930188806243D+00
 0.497887695263367D+00
 0.497875251480426D+00
 0.497895506172147D+00
 0.497951118026520D+00
 0.498044764700153D+00
 0.498179153532926D+00
 0.498357034099147D+00
 0.498581212696149D+00
 0.498854568845695D+00
 0.499180073846566D+00
 0.499560811366719D+00
 0.500000000000000D+00
 0.500501203593948D+00
 0.501052683380219D+00
 0.501642434043030D+00
 0.502258117667284D+00
 0.502887162001268D+00
 0.503516875645952D+00
 0.504134571666939D+00
 0.504727691309496D+00
 0.505283919387322D+00
 0.505791282536212D+00
 0.506238221114622D+00
 0.506613625574142D+00
 0.506906829169100D+00
 0.507107550848327D+00
 0.507205783355480D+00
 0.507191620063803D+00
 0.507055015373421D+00
 0.506785490696204D+00
 0.506371813254597D+00
 0.505801624190642D+00
 0.505060897468267D+00
 0.504133114642811D+00
 0.502998153489948D+00
 0.501630954647072D+00
 0.500000000000000D+00
 0.498065914599535D+00
 0.495808696811034D+00
 0.493205260562025D+00
 0.490225154447845D+00
 0.486821325662370D+00
 0.482917145914036D+00
 0.478393737081006D+00
 0.473081693743244D+00
 0.466759452076697D+00
 0.459158887228118D+00
 0.449978926695639D+00
 0.438909555460924D+00
 0.425669207165122D+00
 0.410056147034983D+00
 0.392008560957179D+00
 0.371660193404143D+00
 0.349372398933863D+00
 0.325724466660452D+00
 0.301454865783098D+00
 0.277363575787461D+00
 0.254201193805970D+00
 0.232575205899501D+00
 0.212895288058283D+00
 0.195363428546399D+00
 0.180000000000000D+00
 0.166681593985013D+00
 0.154891057140254D+00
 0.144266504000109D+00
 0.134551567129064D+00
 0.125559764557942D+00
 0.117152309713125D+00
 0.109223798216712D+00
 0.101692695502180D+00
 0.944948519052193D-01
 0.875789839828490D-01
 0.809034655959049D-01
 0.744340106632487D-01
 0.681419744280470D-01
 0.620030907584086D-01
 0.559965212049065D-01
 0.501041297318100D-01
 0.443099225905705D-01
 0.385996101803048D-01
 0.329602597203764D-01
 0.273800159145190D-01
 0.218478726640446D-01
 0.163534830492060D-01
 0.108869977512750D-01
 0.543892417660951D-02
 0.000000000000000D+00
 0.110199868542129D+01
 0.110309520979305D+01
 0.110639853868819D+01
 0.111194836342976D+01
 0.111980571105675D+01
 0.113004607073866D+01
 0.114275285200155D+01
 0.115801808274068D+01
 0.117596507672011D+01
 0.119681724058702D+01
 0.122103598923263D+01
 0.124949889801841D+01
 0.128356993862946D+01
 0.132493445219025D+01
 0.137533011302266D+01
 0.143635228007826D+01
 0.150922017416568D+01
 0.159421540199291D+01
 0.168967586004033D+01
 0.179104762344075D+01
 0.189174355291517D+01
 0.198881533803690D+01
 0.209493150819658D+01
 0.225477957819668D+01
 0.258857134262024D+01
 0.346061077771392D+01
 0.490649964008478D+01
 0.663697972488218D+01
 0.855147884562547D+01
 0.105328435159448D+02
 0.124390666625566D+02
 0.141103758307854D+02
 0.153896263692861D+02
 0.161508338820151D+02
 0.163259580518718D+02
 0.159194410271160D+02
 0.150047775760882D+02
 0.137050184228951D+02
 0.121651362886173D+02
 0.105256404841370D+02
 0.890401106644363D+01
 0.738601402544238D+01
 0.602533221316846D+01
 0.484833272716846D+01
 0.386090431306034D+01
 0.305524661617022D+01
 0.241549069177081D+01
 0.192167137013072D+01
 0.155184048132345D+01
 0.128242305635534D+01
 0.108794059036216D+01
 0.942062939238486D+00
 0.822470750110410D+00
 0.716222794399035D+00
 0.618192999484818D+00
 0.525967157219948D+00
 0.437461394007105D+00
 0.350622236381992D+00
 0.263834582242189D+00
 0.176477055052748D+00
 0.900411194496853D-01
 0.805853126309430D-02
-0.706857051515630D-01
-0.150513041813932D+00
-0.232518500319023D+00
-0.317101623262761D+00
-0.404857902416567D+00
-0.496301088548617D+00
-0.592062690620204D+00
-0.692910034214844D+00
-0.800230774440108D+00
-0.917775925972836D+00
-0.105420226434266D+01
-0.122527976623701D+01
-0.145550579826303D+01
-0.177994500447831D+01
-0.223139464519928D+01
-0.283419104611084D+01
-0.360656444578229D+01
-0.455038235275855D+01
-0.564006885702457D+01
-0.681117154148750D+01
-0.795514756655162D+01
-0.892865506222305D+01
-0.958199837293898D+01
-0.980112136423418D+01
-0.954591965844763D+01
-0.886489568232636D+01
-0.787765572917398D+01
-0.673500054468318D+01
-0.557709735464937D+01
-0.450658047546092D+01
-0.358132227581386D+01
-0.282143401947822D+01
-0.222185415792013D+01
-0.176399347760572D+01
-0.142351342812679D+01
-0.117423790181782D+01
-0.990147895191265D+00
-0.847920760840629D+00
-0.730343383031989D+00
-0.631421202241841D+00
-0.549387429441314D+00
-0.479906981102021D+00
-0.419555856537968D+00
-0.365728545695929D+00
-0.316618016290682D+00
-0.271150262070169D+00
-0.228849129878778D+00
-0.189600601707300D+00
-0.153374203530461D+00
-0.120062017516652D+00
-0.894932113134558D-01
-0.615070929715425D-01
-0.359963699641599D-01
-0.129247600164015D-01
 0.767166443439021D-02
 0.256996352966249D-01
 0.410344691895090D-01
 0.535474810502978D-01
 0.631286848108981D-01
 0.697020504488027D-01
 0.732329914247681D-01
 0.737289179114017D-01
 0.712341769490074D-01
 0.658025544287774D-01
 0.590635806473339D-01
 0.525758079267941D-01
 0.462834085121488D-01
 0.401733338817600D-01
 0.342381191414665D-01
 0.284741411845785D-01
 0.228802965604180D-01
 0.174570547392811D-01
 0.122058257422120D-01
 0.712857391399480D-02
 0.222761035720276D-02
-0.249449732825369D-02
-0.703494995202281D-02
-0.113907170140176D-01
-0.155585412165982D-01
-0.195349646716775D-01
-0.233163843475770D-01
-0.268991365374310D-01
-0.302796047785131D-01
-0.334543425845740D-01
-0.364202012071574D-01
-0.391744529615323D-01
-0.417149019939084D-01
-0.440399763629723D-01
-0.461457072862131D-01
-0.477949735283659D-01
-0.487513441694357D-01
-0.490129790895535D-01
-0.485818138929797D-01
-0.474603536928520D-01
-0.456516051609915D-01
-0.431589828394294D-01
-0.399861896303311D-01
-0.361370711675080D-01
-0.316154435824542D-01
-0.264248940030284D-01
-0.205685529621746D-01
-0.140488377584069D-01
-0.686716572717572D-02
 0.976363597512964D-03
 0.948331826173404D-02
 0.186573160007447D-01
 0.285044383008179D-01
 0.390336748742476D-01
 0.502573954028057D-01
 0.621918433185362D-01
 0.748576438021273D-01
 0.882803151280101D-01
 0.102490769179266D+00
 0.117549028403552D+00
 0.131585422527433D+00
 0.142653806135332D+00
 0.150679285883026D+00
 0.155590994779770D+00
 0.157344747333601D+00
 0.155926208208867D+00
 0.151351957942941D+00
 0.143668465047792D+00
 0.132948903339550D+00
 0.119287715912533D+00
 0.102792879741201D+00
 0.835760068097213D-01
 0.617406592730851D-01
 0.373692732975744D-01
 0.105086519345543D-01
-0.188459977574773D-01
-0.507661709499008D-01
-0.854002648529584D-01
-0.122983313195185D+00
-0.163864473291295D+00
-0.208563693478880D+00
-0.257842997289870D+00
-0.312769999467388D+00
-0.374769186243448D+00
-0.445630005942221D+00
-0.523912898620783D+00
-0.607581754688648D+00
-0.697942795398580D+00
-0.797991862456958D+00
-0.913501066726191D+00
-0.105344857267051D+01
-0.122943152134900D+01
-0.145428562553856D+01
-0.174035081439065D+01
-0.209756567263227D+01
-0.253116647089933D+01
-0.303871494131459D+01
-0.360667605324255D+01
-0.420758077599293D+01
-0.479949420385509D+01
-0.532952025291443D+01
-0.574196584296131D+01
-0.598969164384566D+01
-0.604511135912395D+01
-0.590670899714098D+01
-0.559854623599498D+01
-0.516323821846093D+01
-0.465147216913777D+01
-0.411191100728536D+01
-0.358522932017320D+01
-0.313861785746830D+01
-0.280188624811305D+01
-0.254243625139872D+01
-0.233834243027077D+01
-0.217490717699238D+01
-0.204199579265385D+01
-0.193245177636815D+01
-0.184111828893652D+01
-0.176421393991632D+01
-0.169892328866430D+01
-0.164312166495004D+01
-0.159518639598224D+01
-0.155386498810502D+01
-0.151818165289256D+01
-0.148737012832483D+01
-0.146082482679200D+01
-0.143806494393814D+01
-0.141870785877426D+01
-0.140244928322323D+01
-0.138904838204148D+01
-0.137831660816413D+01
-0.137010936409620D+01
-0.136431985907456D+01
-0.136087471890937D+01
-0.135973104415238D+01
 0.000000000000000D+00
 0.548262185877781D+00
 0.110340226169647D+01
 0.167151010908829D+01
 0.225716370440450D+01
 0.286301613655312D+01
 0.349037449488853D+01
 0.414224087467866D+01
 0.483125611503614D+01
 0.559482581841911D+01
 0.651454850438340D+01
 0.771690588850576D+01
 0.931861441702065D+01
 0.113636423633733D+02
 0.138341880528354D+02
 0.166768954749626D+02
 0.197570515687480D+02
 0.227405623448680D+02
 0.249896666788410D+02
 0.256962150213674D+02
 0.246517497158446D+02
 0.238841428450197D+02
 0.291739422348218D+02
 0.507500927652265D+02
 0.116145789446553D+03
 0.319873928100286D+03
 0.403070503085147D+03
 0.462169539313552D+03
 0.495080021058091D+03
 0.495602314101576D+03
 0.457509259204309D+03
 0.378145324910099D+03
 0.261479944340243D+03
 0.119123812024256D+03
-0.315617270959037D+02
-0.171696785281963D+03
-0.285634940231969D+03
-0.364244636364565D+03
-0.405696430774358D+03
-0.414051471465754D+03
-0.396763237380950D+03
-0.362235283119676D+03
-0.318105623017283D+03
-0.270394119982718D+03
-0.223320087071342D+03
-0.179508761373716D+03
-0.140369200825989D+03
-0.106540459994059D+03
-0.783749844095738D+02
-0.563337280744813D+02
-0.409075049221108D+02
-0.320313206397249D+02
-0.277647739243131D+02
-0.253592039313744D+02
-0.236556935257343D+02
-0.224572276067009D+02
-0.217956539997205D+02
-0.216239248128358D+02
-0.217699022570655D+02
-0.219088613376550D+02
-0.213091064638765D+02
-0.196821876294190D+02
-0.196899305779097D+02
-0.202237377532749D+02
-0.207789914992706D+02
-0.215125699725982D+02
-0.223655696043046D+02
-0.233560234617208D+02
-0.245247775740726D+02
-0.258988942232474D+02
-0.277614758893846D+02
-0.310110998769791D+02
-0.372020693079345D+02
-0.483366816392411D+02
-0.667763343737693D+02
-0.954432687338691D+02
-0.130281551626615D+03
-0.171116648829163D+03
-0.215070051006565D+03
-0.256838902481564D+03
-0.288004349651448D+03
-0.297546992580014D+03
-0.274441019952047D+03
-0.212312727883669D+03
-0.114358927474294D+03
 0.479743182669329D+01
 0.122803421066582D+03
 0.217708566994053D+03
 0.275911409582136D+03
 0.295416182663266D+03
 0.283535412353639D+03
 0.251723027240587D+03
 0.210906072582943D+03
 0.169038055584873D+03
 0.130751875194172D+03
 0.981784649630307D+02
 0.720615597764387D+02
 0.525762033780422D+02
 0.394687999352369D+02
 0.316447672400813D+02
 0.271439216642383D+02
 0.223171687308357D+02
 0.186997176694279D+02
 0.160405065002187D+02
 0.141350557818082D+02
 0.127785996392113D+02
 0.117766650634121D+02
 0.109572120468443D+02
 0.101933540488514D+02
 0.943091003688390D+01
 0.868228905152868D+01
 0.797380395537242D+01
 0.731059914622564D+01
 0.668246002473102D+01
 0.607290147896025D+01
 0.546290349491899D+01
 0.483530873047686D+01
 0.417867670064048D+01
 0.348874024580156D+01
 0.276776568459286D+01
 0.202283619570726D+01
 0.126384662324508D+01
 0.501623864737621D+00
-0.253660621420820D+00
-0.993709859776343D+00
-0.172210140033865D+01
-0.164738549038312D+01
-0.159650086988677D+01
-0.154969883743583D+01
-0.150533847775858D+01
-0.146226889238821D+01
-0.141972008605579D+01
-0.137720222602444D+01
-0.133441868454404D+01
-0.129119581399051D+01
-0.124743010011807D+01
-0.120305167827794D+01
-0.115800216445028D+01
-0.111222414743428D+01
-0.106565938356312D+01
-0.101825271772715D+01
-0.969959009812504D+00
-0.920750828137251D+00
-0.870625266789771D+00
-0.819608853751264D+00
-0.767760049279198D+00
-0.715169262012483D+00
-0.661956615174986D+00
-0.608267901013038D+00
-0.554269283518927D+00
-0.498596178101496D+00
-0.326036942971397D+00
-0.152148377560030D+00
 0.213309175010890D-01
 0.194251680785823D+00
 0.366478419278060D+00
 0.537895846652175D+00
 0.708415314128880D+00
 0.877981290420271D+00
 0.104657794099128D+01
 0.121423585153560D+01
 0.138103893817729D+01
 0.154713158224962D+01
 0.171272601963424D+01
 0.187810999598137D+01
 0.204365466636297D+01
 0.220982266574757D+01
 0.237717620375777D+01
 0.254638494627882D+01
 0.271823334043603D+01
 0.289362692384304D+01
 0.307359703402219D+01
 0.325930320777337D+01
 0.345203245516804D+01
 0.365319457045973D+01
 0.387593504168338D+01
 0.314226202025730D+01
 0.239192978369190D+01
 0.162081009015547D+01
 0.835044358216130D+00
 0.418319186998306D-01
-0.751101481066829D+00
-0.153602365189631D+01
-0.230572279567853D+01
-0.305405805844233D+01
-0.377653565506592D+01
-0.447088243060029D+01
-0.513755403513949D+01
-0.578011973317860D+01
-0.640557325457675D+01
-0.702473742693333D+01
-0.765258741908248D+01
-0.830749917712925D+01
-0.900954777439955D+01
-0.978197639671385D+01
-0.106586036513409D+02
-0.116910064424519D+02
-0.129486454630429D+02
-0.145148556257163D+02
-0.164847377623137D+02
-0.189456720870729D+02
-0.201957742522046D+02
-0.216386537817241D+02
-0.235418665732422D+02
-0.264826669559466D+02
-0.312719351786700D+02
-0.387018177934878D+02
-0.492896565457597D+02
-0.631373955490185D+02
-0.798951988770259D+02
-0.987122302437866D+02
-0.118088168889741D+03
-0.135686066317892D+03
-0.148294489646088D+03
-0.152157871729099D+03
-0.143798842201982D+03
-0.121214182327689D+03
-0.850086126957493D+02
-0.388542877464253D+02
 0.111444301072773D+02
 0.580567508842063D+02
 0.960246296887977D+02
 0.121629379078225D+03
 0.134253645583355D+03
 0.135526935342852D+03
 0.127813908213224D+03
 0.954918231392248D+02
 0.728739815384002D+02
 0.568510168187687D+02
 0.451958937452025D+02
 0.365217328939967D+02
 0.299339592752662D+02
 0.248380488675846D+02
 0.208286948482272D+02
 0.176234796618732D+02
 0.150218459641369D+02
 0.128789658929967D+02
 0.110886685909008D+02
 0.957203534770936D+01
 0.826963225851896D+01
 0.713613002534860D+01
 0.613652074106692D+01
 0.524342068586227D+01
 0.443512189607712D+01
 0.369416587943849D+01
 0.300628471143743D+01
 0.235960222723657D+01
 0.174401980672628D+01
 0.115073270409802D+01
 0.571837378495746D+00
 0.000000000000000D+00
