0.0015144
0.0019963
0.0022987
0.00073213
-0.0022193
0.00023145
0.0017633
-0.0022755
0.0015933
-0.00040826
-0.00078167
0.0017355
-0.0023821
0.002736
-0.0028445
0.0027618
-0.0025369
0.00221
-0.0018126
0.001368
-0.00089323
0.00039993
0.00010418
-0.00061468
0.0011299
-0.0016504
0.0021794
-0.0027225
0.0032887
-0.003892
0.0045547
-0.0053148
0.0062453
-0.007505
0.0094793
-0.013162
0.021101
-0.039109
0.076934
-0.12364
0.1297
0.92219
1.0224
0.99916
0.99795
1.0021
0.99815
1.0015
0.99872
1.0011
0.99912
1.0007
0.99937
1.0006
0.99948
1.0005
0.99949
1.0005
0.99942
1.0006
0.99929
1.0008
0.99908
1.001
0.99883
1.0013
0.99851
1.0017
0.99813
1.0021
0.99768
1.0026
0.99713
1.0032
0.99644
1.004
0.99551
1.0051
0.99407
1.0071
0.99101
1.0126
0.97958
1.0382
0.92421
1.1223
0.87151
0.076775
-0.021352
-0.00023787
0.0031241
-0.0031997
0.002904
-0.002581
0.0022907
-0.002043
0.0018361
-0.0016647
0.0015233
-0.0014063
0.0013082
-0.0012237
0.0011474
-0.0010736
0.00099588
-0.00090751
0.00080078
-0.00066727
0.0004979
-0.00028344
1.5465e-005
0.00031176
-0.00069788
0.0011307
-0.0015767
0.0019666
-0.0021757
0.0020107
-0.0012466
-0.00016997
0.0016549
-0.0018363
0.00032638
0.00015505
-0.0013735
-0.00032569
0.0010717
0.0015144
