-3.5414e-005
2.4369e-006
-0.00030757
-0.00034282
-0.0002901
0.00034502
0.00038725
-0.00015955
-0.00049984
0.00049647
4.8615e-005
-0.00047171
0.0004393
-6.0385e-005
-0.00038491
0.00067592
-0.00072744
0.00056442
-0.00026691
-7.579e-005
0.00039095
-0.00063147
0.00077488
-0.00081778
0.00076946
-0.00064622
0.00046713
-0.00025116
1.5544e-005
0.00022509
-0.00045897
0.00067711
-0.00087304
0.0010424
-0.0011826
0.0012925
-0.0013719
0.0014214
-0.0014424
0.0014363
-0.0014051
0.0013506
-0.0012747
0.0011795
-0.0010666
0.00093785
-0.00079472
0.00063864
-0.0004708
0.00029227
-0.00010388
-9.3671e-005
0.00029992
-0.00051458
0.00073759
-0.00096909
0.0012095
-0.0014595
0.0017201
-0.0019926
0.002279
-0.0025815
0.0029034
-0.0032487
0.0036228
-0.0040329
0.0044886
-0.0050032
0.0055957
-0.0062943
0.0071424
-0.0082109
0.009624
-0.011616
0.01466
-0.019768
0.029126
-0.047058
0.079691
-0.11504
0.11217
0.93827
1.0128
1.0048
0.99366
1.0058
0.99496
1.0044
0.99623
1.0033
0.99716
1.0025
0.99786
1.0019
0.9984
1.0014
0.99882
1.001
0.99916
1.0007
0.99943
1.0004
0.99966
1.0002
0.99984
1.0001
0.99999
0.99994
1.0001
0.99984
1.0002
0.99975
1.0003
0.99969
1.0003
0.99965
1.0004
0.99962
1.0004
0.99961
1.0004
0.99961
1.0004
0.99963
1.0004
0.99966
1.0003
0.9997
1.0003
0.99976
1.0002
0.99984
1.0001
0.99992
1
1
0.99992
1.0001
0.99979
1.0003
0.99965
1.0004
0.99948
1.0006
0.9993
1.0008
0.99908
1.001
0.99884
1.0013
0.99856
1.0016
0.99823
1.002
0.99785
1.0024
0.99738
1.0029
0.9968
1.0035
0.99606
1.0044
0.99505
1.0056
0.99359
1.0074
0.99117
1.0108
0.98619
1.0189
0.9718
1.046
0.92142
1.1139
0.88887
0.060804
-0.011914
-0.0056924
0.0072184
-0.0066202
0.0058445
-0.0051316
0.0045069
-0.0039622
0.0034848
-0.0030624
0.0026853
-0.0023455
0.0020367
-0.0017541
0.0014937
-0.0012524
0.0010279
-0.0008182
0.00062179
-0.00043748
0.00026435
-0.00010172
-5.0903e-005
0.00019385
-0.0003273
0.00045132
-0.00056584
0.00067071
-0.00076568
0.00085042
-0.00092454
0.00098759
-0.0010391
0.0010784
-0.0011051
0.0011187
-0.0011185
0.0011041
-0.0010753
0.0010317
-0.0009733
0.00090041
-0.00081354
0.00071361
-0.00060207
0.00048088
-0.00035271
0.00022089
-8.9555e-005
-3.6422e-005
0.00015149
-0.00024963
0.00032469
-0.00037098
0.00038406
-0.00036181
0.00030568
-0.00022202
0.00012296
-2.626e-005
-4.6894e-005
7.7465e-005
-5.814e-005
5.5592e-006
3.1729e-005
1.3728e-005
-0.00016947
0.00031775
-0.00016444
-0.00041318
0.00067901
0.00034042
-0.0010068
-0.00086982
0.0002919
0.00089727
0.00072463
0.00032544
5.1843e-005
-3.5414e-005
