1.2246e-016
0.016362
0.032723
0.049081
0.065434
0.081782
0.098122
0.11445
0.13077
0.14708
0.16338
0.17966
0.19592
0.21217
0.2284
0.2446
0.26078
0.27694
0.29307
0.30917
0.32524
0.34128
0.35728
0.37325
0.38918
0.40507
0.42091
0.43671
0.45246
0.46816
0.48381
0.4994
0.51493
0.5304
0.54581
0.56115
0.57641
0.5916
0.60671
0.62173
0.63666
0.65151
0.66625
0.68089
0.69542
0.70983
0.72413
0.73829
0.75231
0.76619
0.77992
0.79348
0.80686
0.82006
0.83306
0.84584
0.85839
0.87069
0.88272
0.89446
0.90589
0.91696
0.92766
0.93794
-0.94775
-0.93794
-0.92766
-0.91696
-0.90589
-0.89446
-0.88272
-0.87069
-0.85839
-0.84584
-0.83306
-0.82006
-0.80686
-0.79348
-0.77992
-0.76619
-0.75231
-0.73829
-0.72413
-0.70983
-0.69542
-0.68089
-0.66625
-0.65151
-0.63666
-0.62173
-0.60671
-0.5916
-0.57641
-0.56115
-0.54581
-0.5304
-0.51493
-0.4994
-0.48381
-0.46816
-0.45246
-0.43671
-0.42091
-0.40507
-0.38918
-0.37325
-0.35728
-0.34128
-0.32524
-0.30917
-0.29307
-0.27694
-0.26078
-0.2446
-0.2284
-0.21217
-0.19592
-0.17966
-0.16338
-0.14708
-0.13077
-0.11445
-0.098122
-0.081782
-0.065434
-0.049081
-0.032723
-0.016362
