-0.0082407
0.0082237
-0.0082068
0.0081898
-0.0081728
0.0081556
-0.0081384
0.0081209
-0.0081032
0.0080853
-0.008067
0.0080484
-0.0080294
0.0080099
-0.00799
0.0079696
-0.0079487
0.0079273
-0.0079055
0.0078834
-0.0078612
0.0078393
-0.0078183
0.0077996
-0.0077851
0.0077786
-0.007787
0.0078232
-0.0079122
0.0081002
-0.0084668
0.0091135
-0.010023
0.01043
-0.0068585
-0.010921
0.06266
-0.13788
0.16079
0.90326
1.022
1.0065
0.99046
1.0096
0.99056
1.0093
0.9908
1.0091
0.991
1.0089
0.99115
1.0088
0.99127
1.0087
0.99138
1.0086
0.99146
1.0085
0.99154
1.0084
0.99161
1.0084
0.99168
1.0083
0.99174
1.0082
0.9918
1.0082
0.99185
1.0081
0.99191
1.0081
0.99197
1.008
0.99202
1.008
0.99204
1.008
0.99201
1.0081
0.99173
1.0086
0.99072
1.0102
0.98941
1.007
1.0108
0.9375
1.1377
0.83936
0.096586
-0.021835
-0.0066589
0.0096917
-0.0097298
0.0095939
-0.009468
0.009355
-0.0092541
0.0091644
-0.009085
0.0090145
-0.0089517
0.0088953
-0.0088445
0.0087984
-0.0087563
0.0087176
-0.0086819
0.0086488
-0.0086178
0.0085888
-0.0085615
0.0085357
-0.0085111
0.0084877
-0.0084653
0.0084438
-0.008423
0.0084029
-0.0083834
0.0083644
-0.0083459
0.0083277
-0.0083099
0.0082923
-0.008275
0.0082578
