1.5813e-016
0.030314
0.066329
0.1007
0.12886
0.16156
0.19971
0.22885
0.2566
0.29643
0.32833
0.35131
0.39236
0.42701
0.44251
0.48714
0.52785
0.52838
0.57747
0.63263
0.6078
0.66133
0.74365
0.67499
0.7375
0.86718
0.71558
0.80329
1.0149
0.70071
0.86068
1.2162
-7.7932e-015
-1.2162
-0.86068
-0.70071
-1.0149
-0.80329
-0.71558
-0.86718
-0.7375
-0.67499
-0.74365
-0.66133
-0.6078
-0.63263
-0.57747
-0.52838
-0.52785
-0.48714
-0.44251
-0.42701
-0.39236
-0.35131
-0.32833
-0.29643
-0.2566
-0.22885
-0.19971
-0.16156
-0.12886
-0.1007
-0.066329
-0.030314
