1.2246e-016
0.032723
0.065434
0.098122
0.13077
0.16338
0.19592
0.2284
0.26078
0.29307
0.32524
0.35728
0.38918
0.42091
0.45246
0.48381
0.51493
0.54581
0.57641
0.60671
0.63666
0.66625
0.69542
0.72413
0.75231
0.77992
0.80686
0.83306
0.85839
0.88272
0.90589
0.92766
-0.94775
-0.92766
-0.90589
-0.88272
-0.85839
-0.83306
-0.80686
-0.77992
-0.75231
-0.72413
-0.69542
-0.66625
-0.63666
-0.60671
-0.57641
-0.54581
-0.51493
-0.48381
-0.45246
-0.42091
-0.38918
-0.35728
-0.32524
-0.29307
-0.26078
-0.2284
-0.19592
-0.16338
-0.13077
-0.098122
-0.065434
-0.032723
