4 2 0

1.2118188195161253e-1 6.4641143588280903e-1
-4.9931985630283796e-2 1.1914884680974516
7.9783189441099855e-1 -7.3863986085530264e-1
5.2323152325703341e-3 -8.2007244365673437e-1

-2.9051605203135135e-2 -5.3325951437322860e-1
6.1152678033734054e-1 7.3508141020723228e-1
6.3061413994840720e-2 -1.0247497834709840
-5.1400398116008855e-2 3.7787369126616455e-1

-3.1785309365194647e-1 2.9794282159087826e-1
2.2938133756667423e-2 8.1977503736885660e-1
4.5578904787766161e-1 -5.9325752178320590e-1
3.8050350054039017e-1 -3.9733704422559057e-1

-2.4504432032973811e-1 -4.3067814418948558e-1
4.8289718816900051e-1 6.3727796289556360e-1
5.4408591884437280e-2 -8.6643896360622707e-1
1.8103903231460527e-1 3.1367399540752539e-1


2 4
3.081447885112683807980637936161051267041650932672267035208781766117282402806877839198556693991913455764218294117853534286230704626601125922825232654918195145097920130690115586233313222958530814226438777739078097798341271193430818539498413748058406506775959126269386407157877707871533014471244109121000212882985e-1 6.324698018095338379602618714035092519536359989500855998146012032034506917256069559316345042344120716918056316195351845769969829056941696595275567142522692560740337155957629550374325381314292279411638863399424597049271337682146773360096816692614490270593727573176270914191023766174095057643838564403030133385471e-1
-7.104514836671550976888671266341610250230942969516692187024906568272195956609005627757331424009860088023683535045977522166923525320380909424014681490148633516690838411249016278902251761194962293822249916319298014605067698400671907576410581995890763916039460008389226857340704235982703633252671338099361400915474e-1 2.064693495037892739308682659933865354189855740415001899333782352998955910703513299806496401962148281506319333995751439107106923598680682425893093429724048267598602229454938416652702662985719655967677377585650382938597494232020039110842489781058329866956925782458513753714959533751965325316345724438287629370187e-1
-4.728634749422423704997945347584629886257439677159472245192711365116121451498673111115886518904436856510806718339100719256337866081409810565649906228746773609477655106434273808102393708424520728235009307447689411301721825060198161345266546547998473254911187295211722697038511314673424143415199102368591817205299e-1 5.435746462645564026295283056478998726256999960159304958506580666658444370117499599640025949957623182097257976204775987427670233870361781618666296519270597708540232206990540331397296223284346498393299494210912906958503332816072638678046346511424197457984755981732654094464778956284742394033585388432257843702957e-1
2.506309048971958209664738606024371137260951033932470256814564800296706597006642507306671634571649004299596219359898852318040656478370113625014996665645625010502325266721669659001754552177105492598137248750542591369470288774966896032574994756279868088038037522637842553905072171643347047788448623406664658833079e-1 6.785669099885048540857700337296857647123064661961338507004806838333735001252446634127560693185755597736947742133784056143677072946408913499468037826893345199393686310638727530516471532421225039108834912286605103249497251311214255596160132209147618130336023493015608839431402029385213331505977950191326943253630e-1

2.945055279980385177662149343091546826581628464924778754778091687793343523764464430295671683051328133218191541057015202501653634338728555107937642008092754923133203240530821267256358453227911206697617671631091321952529388232173735947261031681525984487151777678360260751024679884586594100461533282695589327252661e-1 6.644203064452405317436895955122778936135430765602268680005564685872527489462793077102568955336281076920721642933008658668980763619760274236652623008987008562902718230696684678751623181249068740548004730185965120236582131527106551331276254711183454355263873665746350937357936763233958485382421777858650793887198
6.274057130107287183271102191759043390776554711931452607760574114087432878736934949400536002586284607858685752830051340578221102830499170851612949242325398722283823931269062586031509837505684041581548237436412572972661369508989841448066782606741613917505959586786992052087272612980003054641576030717922389140300 7.962685894805556417144383152344236505536971966284125914207541222794381808161040499398645158774356973629297679567339365008366334644822154757187331019799975123072447547049252371859357646726859935697358857552635393222563812603191686722017113064310317881807229743270695872517756223446335884175139088310136705028927e-1
4.674234871902674397312710034738302927046752930211455728228844669453329195421635435079900676930889873332424594980850926042494964936428232723647992354116068207837150926879041506437614412414436107013380631163262191654776712655630192423017767027900153604567715636168565480704684062764317955749717855917930752577107 -4.520625182404172189794001946935967969439870667936452683096336595316348116785463845214902425451087324156298074548400242330846354648955025932455277638694020723844210076510106741229775062661789461811195019640532890419714874754461754426231634221960149127751081983465707714682324856019833405548924033065385596466136
1.712826450458248475318284188238747492826370676445685973248780549937975933337013186022295865387440353457906912770077896549615220314861381526768452463455464798391786216666292699989565129413036293792676993575443860153260800362420412705254868685261667673896604942439246464166481969699428018223836027352406122739603 6.245935180519920412145387479200919326478086698457897519409876373219894291435052134719998667304365371991433903287856065280881939980805287756321846620942332423870836192238379364953267640458865998652804945986224158155958990800021311840015650885391170476197187410242867413082483008754418641710369841411410234378178


1 4
-3.782150067038307195619195395882736817839334378985788037226802815551901349989445714987567336542901391145855047962231547217637198963451668235335345371038013563651948627184366747005267118089645023895438918743844894881144202127086110308230019414963744722177481454391271395332257479661903507049140196625528439607351e-1 3.014885160066905671300531869611244599737536865029800991273861554176157287902423382679484745610415745760752859807180755957698657619938184564640970803359852846080417061773234583847483676391534859619057646198882286599683155517556599388762062212218568784548974032054154071481866696015677730852440646683669696597128e-1
2.813538650316276851595142018479667478229213170583887793632701976409788020023646357738244166403368251469594439759407616032712136666118763535409318235002081805759882600785191445642421332378678454283619444699496503819000090641038763151553925793215688935510335370201077518951040709370773807758601453022152519839997e-1 -3.077162386016825841762363461471193657910960896531976012895341981770997351797641454011396753171933070276746663034474190501953168716249905717454990035380717663124457779476053795968297696895241798469089923483749010403208607950956864866750459177618041879979706355193498516202433148786942830315272266139786414281098e-1
3.559910909019546764207693952738408986042430511587600200580529061837651654255022691748368452955164325677444405464374473367711377951934767971318268273072910898633493862100427460502579378760992246653702923592935641445926449121602641431386523120593657427513663755215703349310559871059218087457230690098771473021438e-1 5.152398414940943622363464077703181494533628239836285401358355436006699570751608669201903768830298226693117621499174319481346501366846062649679767352404333785016104070948613417436489666653309937631943672689974326385320889696036040045509164610146175850967750399528777744185644622376503700586546145035174545773725e-1
3.562942137847097708568803874499374914269172872941966073775309252096576468407634087717516971402593201795133731449328254798300315094536470762447984188978505585003552227689116669435216436439126593208450105082049972072904040001367771998756146237929958520855523879481983439620096962680459393794544966840836657877332e-1 2.702988803376995946047189339148016039009232332626421417078687062103223396184217154156415267192429975282078144857110456724836487243152408379553560563226438755494891633098542573491754681522356279161852614730754801941201456177598772841608955580777083946161398721112695826506620561879656858430843652850526590099503e-1


