    1   75
    1    0.0000000000E+00   -0.4984740913E+00    0.1000000000E+01   -0.4984740913E+00
    2    0.8490791172E-01    0.2070840895E+00    0.1000000000E+01    0.2070840895E+00    0.0000000000E+00
    3    0.1698158234E+00    0.2497286946E+00    0.1000000000E+01    0.2497286946E+00    0.0000000000E+00
    4    0.2547237277E+00    0.4025464952E+00    0.1000000000E+01    0.4025464952E+00    0.0000000000E+00
    5    0.3396316469E+00    0.5528773069E+00    0.1000000000E+01    0.5528773069E+00    0.0000000000E+00
    6    0.4245395660E+00    0.7999916077E+00    0.1000000000E+01    0.5558174253E+00    0.0000000000E+00
    7    0.5094474554E+00    0.7558646202E+00    0.1000000000E+01    0.5558174253E+00    0.4883483648E+00
    8    0.5943553448E+00    0.1115960479E+00    0.1000000000E+01    0.5558174253E+00    0.8884427547E+00
    9    0.6792632341E+00    0.7819774747E+00    0.1000000000E+01    0.7819774747E+00    0.0000000000E+00
   10    0.7641711235E+00    0.1190565586E+01    0.1000000000E+01    0.8492982388E+00    0.0000000000E+00
   11    0.8490790129E+00    0.5080308914E+00    0.1000000000E+01    0.8492982388E+00    0.6825346947E+00
   12    0.9339869022E+00    0.9061027765E+00    0.1000000000E+01    0.9061027765E+00    0.0000000000E+00
   13    0.1018894792E+01    0.1139504910E+01    0.1000000000E+01    0.9145878553E+00    0.0000000000E+00
   14    0.1103802681E+01    0.1018682957E+01    0.1000000000E+01    0.9145878553E+00    0.4498341084E+00
   15    0.1188710570E+01    0.5855756998E+00    0.1000000000E+01    0.9145878553E+00    0.6580243111E+00
   16    0.1273618460E+01    0.1055037498E+01    0.1000000000E+01    0.9446743131E+00    0.0000000000E+00
   17    0.1358526349E+01    0.8343111277E+00    0.1000000000E+01    0.9446743131E+00    0.2207263708E+00
   18    0.1443434238E+01    0.1183271408E+01    0.1000000000E+01    0.1183271408E+01    0.0000000000E+00
   19    0.1528342128E+01    0.1327633381E+01    0.9999999776E-02    0.1327633381E+01    0.0000000000E+00
   20    0.1613250017E+01    0.1087898850E+01    0.1100000024E+01    0.1090137601E+01    0.0000000000E+00
   21    0.1698157907E+01    0.1336395741E+01    0.9999999776E-02    0.1090137601E+01   -0.4925162531E-02
   22    0.1783065796E+01    0.8448857069E+00    0.1600000024E+01    0.8479325175E+00    0.0000000000E+00
   23    0.1867973685E+01    0.1335422158E+01    0.9999999776E-02    0.8479325175E+00   -0.9749792516E-02
   24    0.1952881575E+01    0.7966539860E+00    0.1700000048E+01    0.8000564575E+00    0.0000000000E+00
   25    0.2037789583E+01    0.1378475666E+01    0.9999999776E-02    0.8000564575E+00   -0.1156838425E-01
   26    0.2122697592E+01    0.4270461500E+00    0.1000000000E+01    0.7732068300E+00    0.0000000000E+00
   27    0.2207605600E+01    0.4732196927E+00    0.1000000000E+01    0.7732068300E+00   -0.6923214197E+00
   28    0.2292513609E+01    0.1236328840E+01    0.1000000000E+01    0.7732068300E+00   -0.1292295694E+01
   29    0.2377421618E+01    0.9562326670E+00    0.1000000000E+01    0.7732068300E+00   -0.3660516739E+00
   30    0.2462329626E+01    0.6160354614E+00    0.1000000000E+01    0.7419265509E+00    0.0000000000E+00
   31    0.2547237635E+01    0.8678176403E+00    0.1000000000E+01    0.7419265509E+00   -0.2517821789E+00
   32    0.2632145643E+01    0.7240186334E+00    0.1000000000E+01    0.7240186334E+00    0.0000000000E+00
   33    0.2717053652E+01    0.3270072043E+00    0.1000000000E+01    0.3431158662E+00    0.0000000000E+00
   34    0.2801961660E+01    0.3592244983E+00    0.1000000000E+01    0.3431158662E+00   -0.3221726418E-01
   35    0.2886869669E+01   -0.9357082844E-01    0.1000000000E+01   -0.3077730723E-01    0.0000000000E+00
   36    0.2971777678E+01   -0.1633491367E+00    0.1000000000E+01   -0.3077730723E-01   -0.1255870461E+00
   37    0.3056685686E+01    0.7174707949E-02    0.1000000000E+01   -0.3077730723E-01   -0.3907307088E+00
   38    0.3141593695E+01   -0.1377976537E+00    0.1000000000E+01   -0.3077730723E-01   -0.3148266673E+00
   39    0.3226501703E+01    0.2336563766E+00    0.1000000000E+01   -0.3077730723E-01   -0.5288673639E+00
   40    0.3311409712E+01   -0.5924780369E+00    0.1000000000E+01   -0.3729436994E+00    0.0000000000E+00
   41    0.3396317720E+01   -0.2315246463E+00    0.1000000000E+01   -0.3729436994E+00   -0.4390687346E+00
   42    0.3481225729E+01   -0.4150897264E+00    0.1000000000E+01   -0.3729436994E+00   -0.1562306285E+00
   43    0.3566133738E+01   -0.2526823580E+00    0.1000000000E+01   -0.3729436994E+00   -0.2405226827E+00
   44    0.3651041746E+01   -0.4778771698E+00    0.1000000000E+01   -0.4220585823E+00    0.0000000000E+00
   45    0.3735949755E+01   -0.3662400246E+00    0.1000000000E+01   -0.4220585823E+00   -0.1116371155E+00
   46    0.3820857763E+01   -0.7627221346E+00    0.1000000000E+01   -0.5516070127E+00    0.0000000000E+00
   47    0.3905765772E+01   -0.4058259726E+00    0.1000000000E+01   -0.5516070127E+00   -0.4222302437E+00
   48    0.3990673780E+01   -0.4862729311E+00    0.1000000000E+01   -0.5516070127E+00   -0.1306681633E+00
   49    0.4075581551E+01   -0.1127420902E+01    0.1000000000E+01   -0.9364730120E+00    0.0000000000E+00
   50    0.4160489559E+01   -0.1225109220E+01    0.1000000000E+01   -0.9364730120E+00   -0.3818951845E+00
   51    0.4245397568E+01   -0.8344160914E+00    0.1000000000E+01   -0.9364730120E+00   -0.9591675997E+00
   52    0.4330305576E+01   -0.1040753126E+01    0.1000000000E+01   -0.9364730120E+00   -0.7550537586E+00
   53    0.4415213585E+01   -0.1002791405E+01    0.1000000000E+01   -0.9364730120E+00   -0.9636139870E+00
   54    0.4500121593E+01   -0.6048465371E+00    0.1000000000E+01   -0.9364730120E+00   -0.1096250772E+01
   55    0.4585029602E+01   -0.9061068892E+00    0.1000000000E+01   -0.9364730120E+00   -0.4329978526E+00
   56    0.4669937611E+01   -0.1324184895E+01    0.9999999747E-04   -0.9364730120E+00   -0.3722656071E+00
   57    0.4754845619E+01   -0.1240611076E+01    0.9999999747E-04   -0.9364730120E+00   -0.3723431528E+00
   58    0.4839753628E+01   -0.1465700388E+01    0.9999999747E-04   -0.9364730120E+00   -0.3724039793E+00
   59    0.4924661636E+01   -0.7502180934E+00    0.1000000000E+01   -0.9364730120E+00   -0.3725098372E+00
   60    0.5009569645E+01   -0.1281556845E+01    0.1000000000E+01   -0.1281556845E+01    0.0000000000E+00
   61    0.5094477654E+01   -0.8515850902E+00    0.1000000000E+01   -0.1081576228E+01    0.0000000000E+00
   62    0.5179385662E+01   -0.1134116173E+01    0.1000000000E+01   -0.1081576228E+01    0.4599822760E+00
   63    0.5264293671E+01   -0.1259027243E+01    0.1000000000E+01   -0.1081576228E+01    0.3549023867E+00
   64    0.5349201679E+01   -0.6208944917E+00    0.1000000000E+01   -0.7660379410E+00    0.0000000000E+00
   65    0.5434109688E+01   -0.6094859242E+00    0.1000000000E+01   -0.7660379410E+00    0.2902868986E+00
   66    0.5519017696E+01   -0.6995429397E+00    0.1000000000E+01   -0.7660379410E+00    0.6033909321E+00
   67    0.5603925705E+01   -0.1087536573E+01    0.1000000000E+01   -0.7660379410E+00    0.7363809347E+00
   68    0.5688833714E+01   -0.8127297163E+00    0.1000000000E+01   -0.7660379410E+00    0.9338366985E-01
   69    0.5773741722E+01   -0.5017724633E-01    0.1000000000E+01   -0.2545035779E+00    0.0000000000E+00
   70    0.5858649731E+01   -0.1306495070E-01    0.1000000000E+01   -0.2545035779E+00    0.4086526632E+00
   71    0.5943557739E+01   -0.6518893242E+00    0.1000000000E+01   -0.2545035779E+00    0.8915299177E+00
   72    0.6028465748E+01   -0.8803871274E-01    0.1000000000E+01   -0.2545035779E+00    0.9675842524E-01
   73    0.6113373756E+01   -0.4693475962E+00    0.1000000000E+01   -0.2545035779E+00    0.4296881557E+00
   74    0.6198281765E+01    0.3151907921E+00    0.1000000000E+01    0.9438116848E-01    0.0000000000E+00
   75    0.6283185482E+01   -0.1264284551E+00    0.1000000000E+01    0.9438116848E-01    0.4416192472E+00
