0
1.361862158846455e+00 3.801499956932179e-01
-2.244893215142720e+00 -6.266391503168690e-01
1.523796252970675e+00 4.253522540745289e-01
2.391099973451855e-01 6.674512825730540e-02
2.358814452027496e+00 6.584391070377432e-01
0.000000000000000e+00 0.000000000000000e+00
1.508331740677983e+00 2.270979540787142e+00
-2.697657005597556e+00 -4.061655471772688e+00
2.968819777355445e-01 4.469924482016086e-01
-1.317105284779071e+00 -1.983064516995054e+00
2.612507209523071e+00 3.933451947592767e+00
0.000000000000000e+00 0.000000000000000e+00
2.141959560339162e+00 2.327855504980839e-01
-3.569906896939677e+00 -3.879731240581514e-01
1.416800904212890e-01 1.539761928937434e-02
2.363822017765739e+00 2.568972915613584e-01
3.709982786265323e+00 4.031964007305718e-01
0.000000000000000e+00 0.000000000000000e+00

