8

0.237188194397501555697e1 0.165062260128465971914e1
-0.319243469939323236065e0 -0.186840872574624749050e-1
0.210978675081051874566e1 -0.185850381117737370473e1
0.173205080756887729347e1 0.000000000000000000000e0
0.000000000000000000000e0 0.000000000000000000000e0

-0.123930443469024114073e1 0.877910430950154009545e0
0.166329184309049026141e0 -0.951269127601994899777e-2
-0.109459421705957347481e1 -0.995419591604301519231e0
0.000000000000000000000e0 0.000000000000000000000e0
0.173205080756887729347e1 0.000000000000000000000e0

-0.184592163216201361449e1 -0.640240255061248181138e0
0.228891461552196589802e0 -0.329946130750372991068e-2
-0.132215177156210708295e1 0.893299955028645087407e0
-0.173205080756887729347e1 0.000000000000000000000e0
0.000000000000000000000e0 0.000000000000000000000e0

-0.118714254499350461470e1 -0.338610283417785123344e-1
0.986463302363397159800e-1 -0.369110587924389944399e-1
-0.564274973980855901101e-1 0.647853060163970715876e0
0.000000000000000000000e0 0.000000000000000000000e0
-0.173205080756887729357e1 0.000000000000000000000e0

0.198793376979218409451e1 0.884628800022741333794e0
-0.219446370903657394358e0 0.381278611148936142210e-1
0.981555077418282785086e0 -0.178310569096890304765e1
0.000000000000000000000e0 0.000000000000000000000e0
0.173205080756887729368e1 0.000000000000000000000e0

0.171298707953069728326e1 -0.193242615835411951584e0
-0.203129693783938657781e0 -0.329633415951106062451e-2
0.107524864870616822753e1 0.307233607026479297361e0
-0.173205080756887729357e1 0.000000000000000000000e0
0.000000000000000000000e0 0.000000000000000000000e0

-0.224191069591743785488e1 0.667838151666052940705e0
0.246885358290043703235e0 0.295079315708133266306e-1
-0.109719225785012408734e1 -0.135796475817561230440e1
0.173205080756887729347e1 0.000000000000000000000e0
0.000000000000000000000e0 0.000000000000000000000e0

0.435549905317823031839e0 -0.243700320577064303833e0
-0.921254875227529485782e-1 0.125239377999013904105e-1
0.935158007143832082687e0 0.114737215111372226542e0
0.000000000000000000000e0 0.000000000000000000000e0
-0.173205080756887729368e1 0.000000000000000000000e0

