0.0    0.6931471805599453
0.1    0.7761545927302732
0.2    0.8657395226815952
0.3    0.9621028181688506
0.4    1.0654340491895765
0.5    1.1759117615936185
0.6    1.2937038116140279
0.7    1.4189677615315316
0.8    1.5518513191877765
0.9    1.6924928065613382
1.0    1.8410216450092635
1.1    1.9975588469862969
1.2    2.1622175060437394
1.3    2.3351032786624424
1.4    2.5163148529883289
1.5    2.7059444008238897
1.6    2.9040780103022458
1.7    3.1107960975524814
1.8    3.3261737963785937
1.9    3.5502813255421346
2.0    3.7831843336820319
2.1    4.0249442222439841
2.2    4.2756184470441429
2.3    4.5352607992731545
2.4    4.8039216668706722
2.5    5.0816482772786905
2.6    5.3684849226242653
2.7    5.6644731683964428
2.8    5.9696520466752085
2.9    6.2840582349474186
3.0    6.6077262215103495
3.1    6.9406884584212278
3.2    7.2829755029036307
3.3    7.6346161480711279
3.4    7.9956375437766533
3.5    8.3660653083440928
3.6    8.7459236318873995
3.7    9.1352353718728757
3.8    9.5340221415325724
3.9    9.9423043916913566
4.0   10.3601014865272908
4.1   10.7874317737446366
4.2   11.2243126496010735
4.3   11.6707606191955718
4.4   12.1267913523907207
4.5   12.5924197357130786
4.6   13.0676599205471793
4.7   13.5525253679130697
4.8   14.0470288900935284
4.9   14.5511826893553107

5.0    15.0649983939887257
5.1    15.5884870918714675
5.2    16.1216593617457672
5.3    16.6645253023824732
5.4    17.2170945597915176
5.5    17.7793763526252606
5.6    18.3513794959093341
5.7    18.9331124232247419
5.8    19.5245832074550216
5.9    20.1257995802031718
6.0    20.7367689499747057
6.1    21.3574984192155596
6.2    21.9879948002865935
6.3    22.6282646304500123
6.4    23.2783141859371699
6.5    23.9381494951618385
6.6    24.6077763511380894
6.7    25.2872003231574108
6.8    25.9764267677755364
6.9    26.6754608391556420
7.0    27.3843074988110752
7.1    28.1029715247875614
7.2    28.8314575203218777
7.3    29.5697699220112631
7.4    30.3179130075253382
7.5    31.0758909028900012
7.6    31.8437075893706477
7.7    32.6213669099801084
7.8    33.4088725756348996
7.9    34.2062281709817131
8.0    35.0134371599145499
8.1    35.8305028908014746
8.2    36.6574286014386692
8.3    37.4942174237482484
8.4    38.3408723882351867
8.5    39.1973964282176692
8.6    40.0637923838442220
8.7    40.9400630059100895
8.8    41.8262109594845055
8.9    42.7222388273597426
9.0    43.6281491133321155
9.1    44.5439442453244585
9.2    45.4696265783589890
9.3    46.4051983973889002
9.4    47.3506619199965008
9.5    48.3060192989652303
9.6    49.2712726247324218
9.7    50.2464239277292599
9.8    51.2314751806139869
9.9    52.2264283004040415
10.0   53.2312851505124706

