    1    7         0.4883483648E+00
    2    8         0.8884427547E+00
    3   11         0.6825346947E+00
    4   14         0.4498341084E+00
    5   15         0.6580243111E+00
    6   17         0.2207263708E+00
    7   21        -0.4925162531E-02
    8   23        -0.9749792516E-02
    9   25        -0.1156838425E-01
   10   27        -0.6923214197E+00
   11   28        -0.1292295694E+01
   12   29        -0.3660516739E+00
   13   31        -0.2517821789E+00
   14   34        -0.3221726418E-01
   15   36        -0.1255870461E+00
   16   37        -0.3907307088E+00
   17   38        -0.3148266673E+00
   18   39        -0.5288673639E+00
   19   41        -0.4390687346E+00
   20   42        -0.1562306285E+00
   21   43        -0.2405226827E+00
   22   45        -0.1116371155E+00
   23   47        -0.4222302437E+00
   24   48        -0.1306681633E+00
   25   50        -0.3818951845E+00
   26   51        -0.9591675997E+00
   27   52        -0.7550537586E+00
   28   53        -0.9636139870E+00
   29   54        -0.1096250772E+01
   30   55        -0.4329978526E+00
   31   56        -0.3722656071E+00
   32   57        -0.3723431528E+00
   33   58        -0.3724039793E+00
   34   59        -0.3725098372E+00
   35   62         0.4599822760E+00
   36   63         0.3549023867E+00
   37   65         0.2902868986E+00
   38   66         0.6033909321E+00
   39   67         0.7363809347E+00
   40   68         0.9338366985E-01
   41   70         0.4086526632E+00
   42   71         0.8915299177E+00
   43   72         0.9675842524E-01
   44   73         0.4296881557E+00
   45   75         0.4416192472E+00
