    1    1
    2    9
    3   10
    4   12
    5   14
    6   15
    7   16
    8   19
    9   20
   10   23
   11   24
   12   25
   13   27
   14   28
   15   30
   16   32
   17   33
   18   34
   19   93
   20  195
   21  197
   22  200
   23  201
   24  210
   25  211
   26  232
   27  233
   28  234
   29  246
   30  247
   31  248
   32  249
   33  250
   34  251
   35  252
   36  255
   37  257
   38  258
   39  272
   40  273
   41  274
   42  275
   43  289
   44  290
   45  291
   46  293
   47  296
   48  297
   49  298
   50  299
   51  300
   52  301
   53  302
   54  303
   55  304
   56  306
   57  307
   58  309
   59  310
   60  311
   61  312
   62  313
   63  314
   64  315
   65  316
   66  317
   67  318
   68  319
   69  320
   70  321
   71  323
   72  324
   73  341
   74  342
   75  343
   76  344
   77  345
   78  346
   79  347
   80  348
   81  351
   82  352
   83  353
   84  354
   85  357
   86  358
   87  359
   88  360
   89  361
   90  363
   91  364
   92  366
   93  367
   94  368
   95  369
   96  370
   97  371
   98  372
   99  373
  100  379
  101  380
  102  381
  103  382
  104  384
  105  385
  106  387
  107  388
  108  390
  109  391
  110  396
  111  397
  112  401
  113  402
  114  403
  115  405
  116  406
  117  407
  118  408
  119  410
  120  411
  121  412
  122  413
  123  414
  124  415
  125  416
  126  422
  127  423
  128  424
  129  426
  130  427
  131  428
  132  429
  133  430
  134  431
  135  432
  136  433
  137  434
  138  439
  139  440
  140  441
  141  442
  142  443
  143  444
  144  448
  145  449
  146  450
  147  451
  148  452
  149  453
  150  454
  151  456
  152  457
  153  458
  154  459
  155  460
  156  461
  157  462
  158  463
  159  466
  160  467
  161  471
  162  472
  163  481
  164  482
  165  483
  166  484
  167  489
  168  490
  169  491
  170  492
  171  495
  172  496
  173  497
  174  498
  175  499
  176  507
  177  508
  178  509
  179  510
  180  511
  181  516
  182  517
  183  518
  184  521
  185  522
  186  523
  187  524
  188  526
  189  527
  190  528
  191  531
  192  532
  193  533
  194  534
  195  535
  196  536
  197  537
  198  539
  199  545
  200  546
  201  547
  202  548
  203  549
  204  550
  205  551
  206  553
  207  554
  208  555
  209  556
  210  569
  211  570
  212  571
  213  573
  214  574
  215  579
  216  580
  217  581
  218  584
  219  587
  220  588
  221  598
