1.0d0   0.0d0 1.0e-12 0  ! 1.0+0.0i -- compute loggamma
0.0d0   0.0d0
1.0d0   5.0d0 1.0e-12 0  ! 1.0+5.0i -- compute loggamma
-6.130324144553d0 3.815898574615d0
2.0d0   0.0d0 1.0e-12 1  ! gamma(2) -- compute gamma
1.0d0   0.0d0 
1.995d0 0.0d0 1.0e-12 0  ! loggamma(1.995) 
-0.0021058516d0 0.0d0
1.995d0 0.0d0 1.0e-12 1  ! gamma(1.995) 
0.9978963643d0 0.0d0
2.0d0  10.0d0 1.0e-6  0  ! loggamma(2,10)
-11.330171929827d0 15.274040648534d0
3.0d0  7.0d0 1.0e-6 0 ! loggamma(3,7)
-5.16252 +10.11625d0
1.0d0 -1.0d0 1.0e-12 0 ! loggamma(1,-1)
-0.650923199302d0 0.301640320468d0
0.5d0 0.5d0 1.0e-6 0 ! loggamma(0.5,0.5)
0.112387242810d0 0.7507292021224d0
2.50      5.00 1.0e-10 1
.2267360319D-01    -.1172284404D-01
5.00     10.00 1.0e-10 1
.1327696517D-01     .3639011746D-02
2.50     -5.00 1.0e-10 1
.2267360319D-01     .1172284404D-01
5.00    -10.00 1.0e-10 1
.1327696517D-01    -.3639011746D-02
2.50      5.00 1.0e-10 0
-.3668103262D+01     .5806009801D+01
5.00     10.00 1.0e-10 0
-.4285507444D+01     .1911707090D+02
2.50     -5.00 1.0e-10 0
-.3668103262D+01    -.5806009801D+01
5.00    -10.00 1.0e-10 0
-.4285507444D+01    -.1911707090D+02

