
THE INPUT IS  

KCOL =  2, NINT =  10, ATOL(1) =0.10E-05, RTOL(1) =0.10E-05

EPS =0.10E-02,  TOUT = 0.20E+00

IDID =    1

THE OUTPUT IS  

KCOL =  2, NINT =  80

         XOUT              UOUT             EXACTU

        0.0000E+00        0.1000E+01        0.1000E+01

        0.1000E-01        0.1000E+01        0.1000E+01

        0.2000E-01        0.1000E+01        0.1000E+01

        0.3000E-01        0.1000E+01        0.1000E+01

        0.4000E-01        0.1000E+01        0.1000E+01

        0.5000E-01        0.1000E+01        0.1000E+01

        0.6000E-01        0.1000E+01        0.1000E+01

        0.7000E-01        0.1000E+01        0.1000E+01

        0.8000E-01        0.1000E+01        0.1000E+01

        0.9000E-01        0.1000E+01        0.1000E+01

        0.1000E+00        0.1000E+01        0.1000E+01

        0.1100E+00        0.1000E+01        0.1000E+01

        0.1200E+00        0.1000E+01        0.1000E+01

        0.1300E+00        0.1000E+01        0.1000E+01

        0.1400E+00        0.1000E+01        0.1000E+01

        0.1500E+00        0.1000E+01        0.1000E+01

        0.1600E+00        0.1000E+01        0.1000E+01

        0.1700E+00        0.1000E+01        0.1000E+01

        0.1800E+00        0.1000E+01        0.1000E+01

        0.1900E+00        0.1000E+01        0.1000E+01

        0.2000E+00        0.1000E+01        0.1000E+01

        0.2100E+00        0.1000E+01        0.1000E+01

        0.2200E+00        0.1000E+01        0.1000E+01

        0.2300E+00        0.1000E+01        0.1000E+01

        0.2400E+00        0.1000E+01        0.1000E+01

        0.2500E+00        0.1000E+01        0.1000E+01

        0.2600E+00        0.1000E+01        0.1000E+01

        0.2700E+00        0.1000E+01        0.1000E+01

        0.2800E+00        0.1000E+01        0.1000E+01

        0.2900E+00        0.1000E+01        0.1000E+01

        0.3000E+00        0.1000E+01        0.1000E+01

        0.3100E+00        0.1000E+01        0.1000E+01

        0.3200E+00        0.1000E+01        0.1000E+01

        0.3300E+00        0.1000E+01        0.1000E+01

        0.3400E+00        0.1000E+01        0.1000E+01

        0.3500E+00        0.1000E+01        0.1000E+01

        0.3600E+00        0.1000E+01        0.1000E+01

        0.3700E+00        0.9997E+00        0.9997E+00

        0.3800E+00        0.9967E+00        0.9967E+00

        0.3900E+00        0.9621E+00        0.9621E+00

        0.4000E+00        0.7500E+00        0.7500E+00

        0.4100E+00        0.5379E+00        0.5379E+00

        0.4200E+00        0.5033E+00        0.5033E+00

        0.4300E+00        0.5003E+00        0.5003E+00

        0.4400E+00        0.5000E+00        0.5000E+00

        0.4500E+00        0.5000E+00        0.5000E+00

        0.4600E+00        0.5000E+00        0.5000E+00

        0.4700E+00        0.5000E+00        0.5000E+00

        0.4800E+00        0.5000E+00        0.5000E+00

        0.4900E+00        0.5000E+00        0.5000E+00

        0.5000E+00        0.5000E+00        0.5000E+00

        0.5100E+00        0.5000E+00        0.5000E+00

        0.5200E+00        0.4999E+00        0.4999E+00

        0.5300E+00        0.4990E+00        0.4990E+00

        0.5400E+00        0.4928E+00        0.4928E+00

        0.5500E+00        0.4523E+00        0.4523E+00

        0.5600E+00        0.3000E+00        0.3000E+00

        0.5700E+00        0.1477E+00        0.1477E+00

        0.5800E+00        0.1072E+00        0.1072E+00

        0.5900E+00        0.1010E+00        0.1010E+00

        0.6000E+00        0.1001E+00        0.1001E+00

        0.6100E+00        0.1000E+00        0.1000E+00

        0.6200E+00        0.1000E+00        0.1000E+00

        0.6300E+00        0.1000E+00        0.1000E+00

        0.6400E+00        0.1000E+00        0.1000E+00

        0.6500E+00        0.1000E+00        0.1000E+00

        0.6600E+00        0.1000E+00        0.1000E+00

        0.6700E+00        0.1000E+00        0.1000E+00

        0.6800E+00        0.1000E+00        0.1000E+00

        0.6900E+00        0.1000E+00        0.1000E+00

        0.7000E+00        0.1000E+00        0.1000E+00

        0.7100E+00        0.1000E+00        0.1000E+00

        0.7200E+00        0.1000E+00        0.1000E+00

        0.7300E+00        0.1000E+00        0.1000E+00

        0.7400E+00        0.1000E+00        0.1000E+00

        0.7500E+00        0.1000E+00        0.1000E+00

        0.7600E+00        0.1000E+00        0.1000E+00

        0.7700E+00        0.1000E+00        0.1000E+00

        0.7800E+00        0.1000E+00        0.1000E+00

        0.7900E+00        0.1000E+00        0.1000E+00

        0.8000E+00        0.1000E+00        0.1000E+00

        0.8100E+00        0.1000E+00        0.1000E+00

        0.8200E+00        0.1000E+00        0.1000E+00

        0.8300E+00        0.1000E+00        0.1000E+00

        0.8400E+00        0.1000E+00        0.1000E+00

        0.8500E+00        0.1000E+00        0.1000E+00

        0.8600E+00        0.1000E+00        0.1000E+00

        0.8700E+00        0.1000E+00        0.1000E+00

        0.8800E+00        0.1000E+00        0.1000E+00

        0.8900E+00        0.1000E+00        0.1000E+00

        0.9000E+00        0.1000E+00        0.1000E+00

        0.9100E+00        0.1000E+00        0.1000E+00

        0.9200E+00        0.1000E+00        0.1000E+00

        0.9300E+00        0.1000E+00        0.1000E+00

        0.9400E+00        0.1000E+00        0.1000E+00

        0.9500E+00        0.1000E+00        0.1000E+00

        0.9600E+00        0.1000E+00        0.1000E+00

        0.9700E+00        0.1000E+00        0.1000E+00

        0.9800E+00        0.1000E+00        0.1000E+00

        0.9900E+00        0.1000E+00        0.1000E+00

        0.1000E+01        0.1000E+00        0.1000E+00

EPS =0.10E-02,  TOUT = 0.40E+00

IDID =    1

THE OUTPUT IS  

KCOL =  2, NINT =  80

         XOUT              UOUT             EXACTU

        0.0000E+00        0.1000E+01        0.1000E+01

        0.1000E-01        0.1000E+01        0.1000E+01

        0.2000E-01        0.1000E+01        0.1000E+01

        0.3000E-01        0.1000E+01        0.1000E+01

        0.4000E-01        0.1000E+01        0.1000E+01

        0.5000E-01        0.1000E+01        0.1000E+01

        0.6000E-01        0.1000E+01        0.1000E+01

        0.7000E-01        0.1000E+01        0.1000E+01

        0.8000E-01        0.1000E+01        0.1000E+01

        0.9000E-01        0.1000E+01        0.1000E+01

        0.1000E+00        0.1000E+01        0.1000E+01

        0.1100E+00        0.1000E+01        0.1000E+01

        0.1200E+00        0.1000E+01        0.1000E+01

        0.1300E+00        0.1000E+01        0.1000E+01

        0.1400E+00        0.1000E+01        0.1000E+01

        0.1500E+00        0.1000E+01        0.1000E+01

        0.1600E+00        0.1000E+01        0.1000E+01

        0.1700E+00        0.1000E+01        0.1000E+01

        0.1800E+00        0.1000E+01        0.1000E+01

        0.1900E+00        0.1000E+01        0.1000E+01

        0.2000E+00        0.1000E+01        0.1000E+01

        0.2100E+00        0.1000E+01        0.1000E+01

        0.2200E+00        0.1000E+01        0.1000E+01

        0.2300E+00        0.1000E+01        0.1000E+01

        0.2400E+00        0.1000E+01        0.1000E+01

        0.2500E+00        0.1000E+01        0.1000E+01

        0.2600E+00        0.1000E+01        0.1000E+01

        0.2700E+00        0.1000E+01        0.1000E+01

        0.2800E+00        0.1000E+01        0.1000E+01

        0.2900E+00        0.1000E+01        0.1000E+01

        0.3000E+00        0.1000E+01        0.1000E+01

        0.3100E+00        0.1000E+01        0.1000E+01

        0.3200E+00        0.1000E+01        0.1000E+01

        0.3300E+00        0.1000E+01        0.1000E+01

        0.3400E+00        0.1000E+01        0.1000E+01

        0.3500E+00        0.1000E+01        0.1000E+01

        0.3600E+00        0.1000E+01        0.1000E+01

        0.3700E+00        0.1000E+01        0.1000E+01

        0.3800E+00        0.1000E+01        0.1000E+01

        0.3900E+00        0.1000E+01        0.1000E+01

        0.4000E+00        0.1000E+01        0.1000E+01

        0.4100E+00        0.1000E+01        0.1000E+01

        0.4200E+00        0.1000E+01        0.1000E+01

        0.4300E+00        0.1000E+01        0.1000E+01

        0.4400E+00        0.1000E+01        0.1000E+01

        0.4500E+00        0.1000E+01        0.1000E+01

        0.4600E+00        0.1000E+01        0.1000E+01

        0.4700E+00        0.1000E+01        0.1000E+01

        0.4800E+00        0.1000E+01        0.1000E+01

        0.4900E+00        0.1000E+01        0.1000E+01

        0.5000E+00        0.1000E+01        0.1000E+01

        0.5100E+00        0.1000E+01        0.1000E+01

        0.5200E+00        0.9997E+00        0.9997E+00

        0.5300E+00        0.9967E+00        0.9967E+00

        0.5400E+00        0.9621E+00        0.9621E+00

        0.5500E+00        0.7500E+00        0.7500E+00

        0.5600E+00        0.5379E+00        0.5379E+00

        0.5700E+00        0.5033E+00        0.5033E+00

        0.5800E+00        0.5001E+00        0.5001E+00

        0.5900E+00        0.4990E+00        0.4990E+00

        0.6000E+00        0.4928E+00        0.4928E+00

        0.6100E+00        0.4523E+00        0.4523E+00

        0.6200E+00        0.3000E+00        0.3000E+00

        0.6300E+00        0.1477E+00        0.1477E+00

        0.6400E+00        0.1072E+00        0.1072E+00

        0.6500E+00        0.1010E+00        0.1010E+00

        0.6600E+00        0.1001E+00        0.1001E+00

        0.6700E+00        0.1000E+00        0.1000E+00

        0.6800E+00        0.1000E+00        0.1000E+00

        0.6900E+00        0.1000E+00        0.1000E+00

        0.7000E+00        0.1000E+00        0.1000E+00

        0.7100E+00        0.1000E+00        0.1000E+00

        0.7200E+00        0.1000E+00        0.1000E+00

        0.7300E+00        0.1000E+00        0.1000E+00

        0.7400E+00        0.1000E+00        0.1000E+00

        0.7500E+00        0.1000E+00        0.1000E+00

        0.7600E+00        0.1000E+00        0.1000E+00

        0.7700E+00        0.1000E+00        0.1000E+00

        0.7800E+00        0.1000E+00        0.1000E+00

        0.7900E+00        0.1000E+00        0.1000E+00

        0.8000E+00        0.1000E+00        0.1000E+00

        0.8100E+00        0.1000E+00        0.1000E+00

        0.8200E+00        0.1000E+00        0.1000E+00

        0.8300E+00        0.1000E+00        0.1000E+00

        0.8400E+00        0.1000E+00        0.1000E+00

        0.8500E+00        0.1000E+00        0.1000E+00

        0.8600E+00        0.1000E+00        0.1000E+00

        0.8700E+00        0.1000E+00        0.1000E+00

        0.8800E+00        0.1000E+00        0.1000E+00

        0.8900E+00        0.1000E+00        0.1000E+00

        0.9000E+00        0.1000E+00        0.1000E+00

        0.9100E+00        0.1000E+00        0.1000E+00

        0.9200E+00        0.1000E+00        0.1000E+00

        0.9300E+00        0.1000E+00        0.1000E+00

        0.9400E+00        0.1000E+00        0.1000E+00

        0.9500E+00        0.1000E+00        0.1000E+00

        0.9600E+00        0.1000E+00        0.1000E+00

        0.9700E+00        0.1000E+00        0.1000E+00

        0.9800E+00        0.1000E+00        0.1000E+00

        0.9900E+00        0.1000E+00        0.1000E+00

        0.1000E+01        0.1000E+00        0.1000E+00

EPS =0.10E-02,  TOUT = 0.60E+00

IDID =    1

THE OUTPUT IS  

KCOL =  2, NINT =  42

         XOUT              UOUT             EXACTU

        0.0000E+00        0.1000E+01        0.1000E+01

        0.1000E-01        0.1000E+01        0.1000E+01

        0.2000E-01        0.1000E+01        0.1000E+01

        0.3000E-01        0.1000E+01        0.1000E+01

        0.4000E-01        0.1000E+01        0.1000E+01

        0.5000E-01        0.1000E+01        0.1000E+01

        0.6000E-01        0.1000E+01        0.1000E+01

        0.7000E-01        0.1000E+01        0.1000E+01

        0.8000E-01        0.1000E+01        0.1000E+01

        0.9000E-01        0.1000E+01        0.1000E+01

        0.1000E+00        0.1000E+01        0.1000E+01

        0.1100E+00        0.1000E+01        0.1000E+01

        0.1200E+00        0.1000E+01        0.1000E+01

        0.1300E+00        0.1000E+01        0.1000E+01

        0.1400E+00        0.1000E+01        0.1000E+01

        0.1500E+00        0.1000E+01        0.1000E+01

        0.1600E+00        0.1000E+01        0.1000E+01

        0.1700E+00        0.1000E+01        0.1000E+01

        0.1800E+00        0.1000E+01        0.1000E+01

        0.1900E+00        0.1000E+01        0.1000E+01

        0.2000E+00        0.1000E+01        0.1000E+01

        0.2100E+00        0.1000E+01        0.1000E+01

        0.2200E+00        0.1000E+01        0.1000E+01

        0.2300E+00        0.1000E+01        0.1000E+01

        0.2400E+00        0.1000E+01        0.1000E+01

        0.2500E+00        0.1000E+01        0.1000E+01

        0.2600E+00        0.1000E+01        0.1000E+01

        0.2700E+00        0.1000E+01        0.1000E+01

        0.2800E+00        0.1000E+01        0.1000E+01

        0.2900E+00        0.1000E+01        0.1000E+01

        0.3000E+00        0.1000E+01        0.1000E+01

        0.3100E+00        0.1000E+01        0.1000E+01

        0.3200E+00        0.1000E+01        0.1000E+01

        0.3300E+00        0.1000E+01        0.1000E+01

        0.3400E+00        0.1000E+01        0.1000E+01

        0.3500E+00        0.1000E+01        0.1000E+01

        0.3600E+00        0.1000E+01        0.1000E+01

        0.3700E+00        0.1000E+01        0.1000E+01

        0.3800E+00        0.1000E+01        0.1000E+01

        0.3900E+00        0.1000E+01        0.1000E+01

        0.4000E+00        0.1000E+01        0.1000E+01

        0.4100E+00        0.1000E+01        0.1000E+01

        0.4200E+00        0.1000E+01        0.1000E+01

        0.4300E+00        0.1000E+01        0.1000E+01

        0.4400E+00        0.1000E+01        0.1000E+01

        0.4500E+00        0.1000E+01        0.1000E+01

        0.4600E+00        0.1000E+01        0.1000E+01

        0.4700E+00        0.1000E+01        0.1000E+01

        0.4800E+00        0.1000E+01        0.1000E+01

        0.4900E+00        0.1000E+01        0.1000E+01

        0.5000E+00        0.1000E+01        0.1000E+01

        0.5100E+00        0.1000E+01        0.1000E+01

        0.5200E+00        0.1000E+01        0.1000E+01

        0.5300E+00        0.1000E+01        0.1000E+01

        0.5400E+00        0.1000E+01        0.1000E+01

        0.5500E+00        0.1000E+01        0.1000E+01

        0.5600E+00        0.1000E+01        0.1000E+01

        0.5700E+00        0.1000E+01        0.1000E+01

        0.5800E+00        0.1000E+01        0.1000E+01

        0.5900E+00        0.1000E+01        0.1000E+01

        0.6000E+00        0.1000E+01        0.1000E+01

        0.6100E+00        0.1000E+01        0.1000E+01

        0.6200E+00        0.1000E+01        0.1000E+01

        0.6300E+00        0.1000E+01        0.1000E+01

        0.6400E+00        0.1000E+01        0.1000E+01

        0.6500E+00        0.1000E+01        0.1000E+01

        0.6600E+00        0.1000E+01        0.1000E+01

        0.6700E+00        0.9997E+00        0.9997E+00

        0.6800E+00        0.9907E+00        0.9907E+00

        0.6900E+00        0.6524E+00        0.6524E+00

        0.7000E+00        0.1230E+00        0.1230E+00

        0.7100E+00        0.1012E+00        0.1012E+00

        0.7200E+00        0.1001E+00        0.1001E+00

        0.7300E+00        0.1000E+00        0.1000E+00

        0.7400E+00        0.1000E+00        0.1000E+00

        0.7500E+00        0.1000E+00        0.1000E+00

        0.7600E+00        0.1000E+00        0.1000E+00

        0.7700E+00        0.1000E+00        0.1000E+00

        0.7800E+00        0.1000E+00        0.1000E+00

        0.7900E+00        0.1000E+00        0.1000E+00

        0.8000E+00        0.1000E+00        0.1000E+00

        0.8100E+00        0.1000E+00        0.1000E+00

        0.8200E+00        0.1000E+00        0.1000E+00

        0.8300E+00        0.1000E+00        0.1000E+00

        0.8400E+00        0.1000E+00        0.1000E+00

        0.8500E+00        0.1000E+00        0.1000E+00

        0.8600E+00        0.1000E+00        0.1000E+00

        0.8700E+00        0.1000E+00        0.1000E+00

        0.8800E+00        0.1000E+00        0.1000E+00

        0.8900E+00        0.1000E+00        0.1000E+00

        0.9000E+00        0.1000E+00        0.1000E+00

        0.9100E+00        0.1000E+00        0.1000E+00

        0.9200E+00        0.1000E+00        0.1000E+00

        0.9300E+00        0.1000E+00        0.1000E+00

        0.9400E+00        0.1000E+00        0.1000E+00

        0.9500E+00        0.1000E+00        0.1000E+00

        0.9600E+00        0.1000E+00        0.1000E+00

        0.9700E+00        0.1000E+00        0.1000E+00

        0.9800E+00        0.1000E+00        0.1000E+00

        0.9900E+00        0.1000E+00        0.1000E+00

        0.1000E+01        0.1000E+00        0.1000E+00

EPS =0.10E-02,  TOUT = 0.80E+00

IDID =    1

THE OUTPUT IS  

KCOL =  2, NINT =  42

         XOUT              UOUT             EXACTU

        0.0000E+00        0.1000E+01        0.1000E+01

        0.1000E-01        0.1000E+01        0.1000E+01

        0.2000E-01        0.1000E+01        0.1000E+01

        0.3000E-01        0.1000E+01        0.1000E+01

        0.4000E-01        0.1000E+01        0.1000E+01

        0.5000E-01        0.1000E+01        0.1000E+01

        0.6000E-01        0.1000E+01        0.1000E+01

        0.7000E-01        0.1000E+01        0.1000E+01

        0.8000E-01        0.1000E+01        0.1000E+01

        0.9000E-01        0.1000E+01        0.1000E+01

        0.1000E+00        0.1000E+01        0.1000E+01

        0.1100E+00        0.1000E+01        0.1000E+01

        0.1200E+00        0.1000E+01        0.1000E+01

        0.1300E+00        0.1000E+01        0.1000E+01

        0.1400E+00        0.1000E+01        0.1000E+01

        0.1500E+00        0.1000E+01        0.1000E+01

        0.1600E+00        0.1000E+01        0.1000E+01

        0.1700E+00        0.1000E+01        0.1000E+01

        0.1800E+00        0.1000E+01        0.1000E+01

        0.1900E+00        0.1000E+01        0.1000E+01

        0.2000E+00        0.1000E+01        0.1000E+01

        0.2100E+00        0.1000E+01        0.1000E+01

        0.2200E+00        0.1000E+01        0.1000E+01

        0.2300E+00        0.1000E+01        0.1000E+01

        0.2400E+00        0.1000E+01        0.1000E+01

        0.2500E+00        0.1000E+01        0.1000E+01

        0.2600E+00        0.1000E+01        0.1000E+01

        0.2700E+00        0.1000E+01        0.1000E+01

        0.2800E+00        0.1000E+01        0.1000E+01

        0.2900E+00        0.1000E+01        0.1000E+01

        0.3000E+00        0.1000E+01        0.1000E+01

        0.3100E+00        0.1000E+01        0.1000E+01

        0.3200E+00        0.1000E+01        0.1000E+01

        0.3300E+00        0.1000E+01        0.1000E+01

        0.3400E+00        0.1000E+01        0.1000E+01

        0.3500E+00        0.1000E+01        0.1000E+01

        0.3600E+00        0.1000E+01        0.1000E+01

        0.3700E+00        0.1000E+01        0.1000E+01

        0.3800E+00        0.1000E+01        0.1000E+01

        0.3900E+00        0.1000E+01        0.1000E+01

        0.4000E+00        0.1000E+01        0.1000E+01

        0.4100E+00        0.1000E+01        0.1000E+01

        0.4200E+00        0.1000E+01        0.1000E+01

        0.4300E+00        0.1000E+01        0.1000E+01

        0.4400E+00        0.1000E+01        0.1000E+01

        0.4500E+00        0.1000E+01        0.1000E+01

        0.4600E+00        0.1000E+01        0.1000E+01

        0.4700E+00        0.1000E+01        0.1000E+01

        0.4800E+00        0.1000E+01        0.1000E+01

        0.4900E+00        0.1000E+01        0.1000E+01

        0.5000E+00        0.1000E+01        0.1000E+01

        0.5100E+00        0.1000E+01        0.1000E+01

        0.5200E+00        0.1000E+01        0.1000E+01

        0.5300E+00        0.1000E+01        0.1000E+01

        0.5400E+00        0.1000E+01        0.1000E+01

        0.5500E+00        0.1000E+01        0.1000E+01

        0.5600E+00        0.1000E+01        0.1000E+01

        0.5700E+00        0.1000E+01        0.1000E+01

        0.5800E+00        0.1000E+01        0.1000E+01

        0.5900E+00        0.1000E+01        0.1000E+01

        0.6000E+00        0.1000E+01        0.1000E+01

        0.6100E+00        0.1000E+01        0.1000E+01

        0.6200E+00        0.1000E+01        0.1000E+01

        0.6300E+00        0.1000E+01        0.1000E+01

        0.6400E+00        0.1000E+01        0.1000E+01

        0.6500E+00        0.1000E+01        0.1000E+01

        0.6600E+00        0.1000E+01        0.1000E+01

        0.6700E+00        0.1000E+01        0.1000E+01

        0.6800E+00        0.1000E+01        0.1000E+01

        0.6900E+00        0.1000E+01        0.1000E+01

        0.7000E+00        0.1000E+01        0.1000E+01

        0.7100E+00        0.1000E+01        0.1000E+01

        0.7200E+00        0.1000E+01        0.1000E+01

        0.7300E+00        0.1000E+01        0.1000E+01

        0.7400E+00        0.1000E+01        0.1000E+01

        0.7500E+00        0.1000E+01        0.1000E+01

        0.7600E+00        0.1000E+01        0.1000E+01

        0.7700E+00        0.1000E+01        0.1000E+01

        0.7800E+00        0.9999E+00        0.9999E+00

        0.7900E+00        0.9940E+00        0.9940E+00

        0.8000E+00        0.6602E+00        0.6602E+00

        0.8100E+00        0.1162E+00        0.1162E+00

        0.8200E+00        0.1002E+00        0.1002E+00

        0.8300E+00        0.1000E+00        0.1000E+00

        0.8400E+00        0.1000E+00        0.1000E+00

        0.8500E+00        0.1000E+00        0.1000E+00

        0.8600E+00        0.1000E+00        0.1000E+00

        0.8700E+00        0.1000E+00        0.1000E+00

        0.8800E+00        0.1000E+00        0.1000E+00

        0.8900E+00        0.1000E+00        0.1000E+00

        0.9000E+00        0.1000E+00        0.1000E+00

        0.9100E+00        0.1000E+00        0.1000E+00

        0.9200E+00        0.1000E+00        0.1000E+00

        0.9300E+00        0.1000E+00        0.1000E+00

        0.9400E+00        0.1000E+00        0.1000E+00

        0.9500E+00        0.1000E+00        0.1000E+00

        0.9600E+00        0.1000E+00        0.1000E+00

        0.9700E+00        0.1000E+00        0.1000E+00

        0.9800E+00        0.1000E+00        0.1000E+00

        0.9900E+00        0.1000E+00        0.1000E+00

        0.1000E+01        0.1000E+00        0.1000E+00

EPS =0.10E-02,  TOUT = 0.10E+01

IDID =    1

THE OUTPUT IS  

KCOL =  2, NINT =  42

         XOUT              UOUT             EXACTU

        0.0000E+00        0.1000E+01        0.1000E+01

        0.1000E-01        0.1000E+01        0.1000E+01

        0.2000E-01        0.1000E+01        0.1000E+01

        0.3000E-01        0.1000E+01        0.1000E+01

        0.4000E-01        0.1000E+01        0.1000E+01

        0.5000E-01        0.1000E+01        0.1000E+01

        0.6000E-01        0.1000E+01        0.1000E+01

        0.7000E-01        0.1000E+01        0.1000E+01

        0.8000E-01        0.1000E+01        0.1000E+01

        0.9000E-01        0.1000E+01        0.1000E+01

        0.1000E+00        0.1000E+01        0.1000E+01

        0.1100E+00        0.1000E+01        0.1000E+01

        0.1200E+00        0.1000E+01        0.1000E+01

        0.1300E+00        0.1000E+01        0.1000E+01

        0.1400E+00        0.1000E+01        0.1000E+01

        0.1500E+00        0.1000E+01        0.1000E+01

        0.1600E+00        0.1000E+01        0.1000E+01

        0.1700E+00        0.1000E+01        0.1000E+01

        0.1800E+00        0.1000E+01        0.1000E+01

        0.1900E+00        0.1000E+01        0.1000E+01

        0.2000E+00        0.1000E+01        0.1000E+01

        0.2100E+00        0.1000E+01        0.1000E+01

        0.2200E+00        0.1000E+01        0.1000E+01

        0.2300E+00        0.1000E+01        0.1000E+01

        0.2400E+00        0.1000E+01        0.1000E+01

        0.2500E+00        0.1000E+01        0.1000E+01

        0.2600E+00        0.1000E+01        0.1000E+01

        0.2700E+00        0.1000E+01        0.1000E+01

        0.2800E+00        0.1000E+01        0.1000E+01

        0.2900E+00        0.1000E+01        0.1000E+01

        0.3000E+00        0.1000E+01        0.1000E+01

        0.3100E+00        0.1000E+01        0.1000E+01

        0.3200E+00        0.1000E+01        0.1000E+01

        0.3300E+00        0.1000E+01        0.1000E+01

        0.3400E+00        0.1000E+01        0.1000E+01

        0.3500E+00        0.1000E+01        0.1000E+01

        0.3600E+00        0.1000E+01        0.1000E+01

        0.3700E+00        0.1000E+01        0.1000E+01

        0.3800E+00        0.1000E+01        0.1000E+01

        0.3900E+00        0.1000E+01        0.1000E+01

        0.4000E+00        0.1000E+01        0.1000E+01

        0.4100E+00        0.1000E+01        0.1000E+01

        0.4200E+00        0.1000E+01        0.1000E+01

        0.4300E+00        0.1000E+01        0.1000E+01

        0.4400E+00        0.1000E+01        0.1000E+01

        0.4500E+00        0.1000E+01        0.1000E+01

        0.4600E+00        0.1000E+01        0.1000E+01

        0.4700E+00        0.1000E+01        0.1000E+01

        0.4800E+00        0.1000E+01        0.1000E+01

        0.4900E+00        0.1000E+01        0.1000E+01

        0.5000E+00        0.1000E+01        0.1000E+01

        0.5100E+00        0.1000E+01        0.1000E+01

        0.5200E+00        0.1000E+01        0.1000E+01

        0.5300E+00        0.1000E+01        0.1000E+01

        0.5400E+00        0.1000E+01        0.1000E+01

        0.5500E+00        0.1000E+01        0.1000E+01

        0.5600E+00        0.1000E+01        0.1000E+01

        0.5700E+00        0.1000E+01        0.1000E+01

        0.5800E+00        0.1000E+01        0.1000E+01

        0.5900E+00        0.1000E+01        0.1000E+01

        0.6000E+00        0.1000E+01        0.1000E+01

        0.6100E+00        0.1000E+01        0.1000E+01

        0.6200E+00        0.1000E+01        0.1000E+01

        0.6300E+00        0.1000E+01        0.1000E+01

        0.6400E+00        0.1000E+01        0.1000E+01

        0.6500E+00        0.1000E+01        0.1000E+01

        0.6600E+00        0.1000E+01        0.1000E+01

        0.6700E+00        0.1000E+01        0.1000E+01

        0.6800E+00        0.1000E+01        0.1000E+01

        0.6900E+00        0.1000E+01        0.1000E+01

        0.7000E+00        0.1000E+01        0.1000E+01

        0.7100E+00        0.1000E+01        0.1000E+01

        0.7200E+00        0.1000E+01        0.1000E+01

        0.7300E+00        0.1000E+01        0.1000E+01

        0.7400E+00        0.1000E+01        0.1000E+01

        0.7500E+00        0.1000E+01        0.1000E+01

        0.7600E+00        0.1000E+01        0.1000E+01

        0.7700E+00        0.1000E+01        0.1000E+01

        0.7800E+00        0.1000E+01        0.1000E+01

        0.7900E+00        0.1000E+01        0.1000E+01

        0.8000E+00        0.1000E+01        0.1000E+01

        0.8100E+00        0.1000E+01        0.1000E+01

        0.8200E+00        0.1000E+01        0.1000E+01

        0.8300E+00        0.1000E+01        0.1000E+01

        0.8400E+00        0.1000E+01        0.1000E+01

        0.8500E+00        0.1000E+01        0.1000E+01

        0.8600E+00        0.1000E+01        0.1000E+01

        0.8700E+00        0.1000E+01        0.1000E+01

        0.8800E+00        0.1000E+01        0.1000E+01

        0.8900E+00        0.9999E+00        0.9999E+00

        0.9000E+00        0.9940E+00        0.9940E+00

        0.9100E+00        0.6602E+00        0.6602E+00

        0.9200E+00        0.1162E+00        0.1162E+00

        0.9300E+00        0.1002E+00        0.1002E+00

        0.9400E+00        0.1000E+00        0.1000E+00

        0.9500E+00        0.1000E+00        0.1000E+00

        0.9600E+00        0.1000E+00        0.1000E+00

        0.9700E+00        0.1000E+00        0.1000E+00

        0.9800E+00        0.1000E+00        0.1000E+00

        0.9900E+00        0.1000E+00        0.1000E+00

        0.1000E+01        0.1000E+00        0.1000E+00
