input_critical_curve
4 1

4
0.0000000000000000000000000000000000000000000000000000000000000000000000000000000000000000000000000000000000000000000000000000000000000000000000000000000000000000000000000000000000000000000000000000000000000000000000000000000000000000000000000000000000000000000000000000000000000000000000000000000000000000000000e0 0.0000000000000000000000000000000000000000000000000000000000000000000000000000000000000000000000000000000000000000000000000000000000000000000000000000000000000000000000000000000000000000000000000000000000000000000000000000000000000000000000000000000000000000000000000000000000000000000000000000000000000000000000e0
-0.3596439544634686788043975841679888010844634514792110368103984373094903567903017349677545303769764908494225418245504441559066649920539183816212462532707263797767122854824762252737964103879579329558714525521396246208561515302441452608218814432256856634605959845355034646766866422526935171220694742246705794988350e0 0.0000000000000000000000000000000000000000000000000000000000000000000000000000000000000000000000000000000000000000000000000000000000000000000000000000000000000000000000000000000000000000000000000000000000000000000000000000000000000000000000000000000000000000000000000000000000000000000000000000000000000000000000e0
0.7149898906572021743703551748047980304855609622060759027073894970465048182715954340589811825339221962995679206938940376740227143692405431787646154252595722528480904602250062243397348729596607538968047354041985890778395516157933324242405795257956817208596415911636716025762095136843870025814613194982993494707406e0 -0.0000000000000000000000000000000000000000000000000000000000000000000000000000000000000000000000000000000000000000000000000000000000000000000000000000000000000000000000000000000000000000000000000000000000000000000000000000000000000000000000000000000000000000000000000000000000000000000000000000000000000000000000e0
-0.5995378906089927409425522016163046048931521170541843494498626788959374157633648422801308801371585878205514320767968304881844310970985642292611998241011727206692125728535834788999510251761702601441788797220458229136761222944215325819830195005259191188049479811850994050728264634529740545426002072869610874418525e0 -0.0000000000000000000000000000000000000000000000000000000000000000000000000000000000000000000000000000000000000000000000000000000000000000000000000000000000000000000000000000000000000000000000000000000000000000000000000000000000000000000000000000000000000000000000000000000000000000000000000000000000000000000000e0


1

4
0.9312106568180284788829645379906333613802523477640050919308207631526231445515619586008736281328363437772748197055776575583011261793880037201801236704278775003647821398503575322077386733850691915054927258325263110027682252060045429737171647881454463833616420953864250484522338880225556894425488443233524030727262e-1 0.3136496598551931643092292272500164650088204912950960271046256985106888350699626895658121114765848672189775365538544750465544437148617247161970598842229924816953916098245270898157897679101777425091163660209111749015375580802815512885980317469889272316252433393466960341452423355591258315365640389770931926409726e0
-0.3069229941005762741349711420348435234053204550798928075920823457407841314539161326368829677914777003653999520545573506379821402426212288572165763534494493855443155802417425049090878243492847542015108246329741946204455289867962372844441904923600891164026042965499828823357950873979330669060447056339095927930978e0 0.2210346955494766522559916725589457434540714027296439688267178479827766162921532277222027724634699106959106059392366566085756304945208311275953972811771996939931428133781103188419008553135839544531399674925436481714253016054685993442683853322149128199049387780454019404699469956511918638904818408616994192083506e0
-0.4968931351470746757644299018660034646807155661890446458905354230776404245492785100787226973667029331041970955860023882780449049672619967494532434666899468602565311920954685402505375044319802055967526051177234294155166889281413749526831183658401537782513087336757477708556509804086221579263818741668079994000767e0 0.1987821056156046140430182228451557236626723952104185237515259230752146098182384731947187838011078317117045533347587740954819898268688134387763443518085870873496561213706934032362315650048421976614833055402708895560654869019370067254555306454600667439630759952966750272231425076941123897252223708616803222843620e0
-0.2413193518616646561840218099908810921821638526900190686685979961948324064423192194685403111991194754134346483970553173900479736947076146292085896687197187754972582527076083547317578475268520120568988560764248565138625631462931319868114089211395913339400822320848765687907659582874020710380817606197938596644928e0 -0.6365863289472202123148273967641941288208608333906840533624609060998382191020870642069844432699970917294551277442270141819387064612981393065533319472354563830374152540275118543636606906155526290908385024717646729393057494966458489612916552819154729255383511540547379291267529967369330237388176287412583547211583e0



0.1000000000000000000000000000000000000000000000000000000000000000000000000000000000000000000000000000000000000000000000000000000000000000000000000000000000000000000000000000000000000000000000000000000000000000000000000000000000000000000000000000000000000000000000000000000000000000000000000000000000000000000000e1 0.0000000000000000000000000000000000000000000000000000000000000000000000000000000000000000000000000000000000000000000000000000000000000000000000000000000000000000000000000000000000000000000000000000000000000000000000000000000000000000000000000000000000000000000000000000000000000000000000000000000000000000000000e0
3
0.0000000000000000000000000000000000000000000000000000000000000000000000000000000000000000000000000000000000000000000000000000000000000000000000000000000000000000000000000000000000000000000000000000000000000000000000000000000000000000000000000000000000000000000000000000000000000000000000000000000000000000000000e0 0.0000000000000000000000000000000000000000000000000000000000000000000000000000000000000000000000000000000000000000000000000000000000000000000000000000000000000000000000000000000000000000000000000000000000000000000000000000000000000000000000000000000000000000000000000000000000000000000000000000000000000000000000e0
0.0000000000000000000000000000000000000000000000000000000000000000000000000000000000000000000000000000000000000000000000000000000000000000000000000000000000000000000000000000000000000000000000000000000000000000000000000000000000000000000000000000000000000000000000000000000000000000000000000000000000000000000000e0 0.0000000000000000000000000000000000000000000000000000000000000000000000000000000000000000000000000000000000000000000000000000000000000000000000000000000000000000000000000000000000000000000000000000000000000000000000000000000000000000000000000000000000000000000000000000000000000000000000000000000000000000000000e0
0.0000000000000000000000000000000000000000000000000000000000000000000000000000000000000000000000000000000000000000000000000000000000000000000000000000000000000000000000000000000000000000000000000000000000000000000000000000000000000000000000000000000000000000000000000000000000000000000000000000000000000000000000e0 0.0000000000000000000000000000000000000000000000000000000000000000000000000000000000000000000000000000000000000000000000000000000000000000000000000000000000000000000000000000000000000000000000000000000000000000000000000000000000000000000000000000000000000000000000000000000000000000000000000000000000000000000000e0


11
-0.988642302352591359157e0 0.000000000000000000000e0
-0.988174995089446691124e0 0.000000000000000000000e0
-0.658446415212202989511e0 0.000000000000000000000e0
-0.616331702018993999779e0 0.000000000000000000000e0
-0.613077052187359581410e0 0.000000000000000000000e0
-0.599537890608992740963e0 0.000000000000000000000e0
-0.313614671403928024540e-1 0.000000000000000000000e0
0.000000000000000000000e0 0.000000000000000000000e0
0.949509871340060325507e-2 0.000000000000000000000e0
0.599537890608992740963e0 0.000000000000000000000e0
0.747570448445750233520e0 0.000000000000000000000e0
