    1   40
    1    0.1570796371E+01   -0.4999847710E+00    0.1000000000E+01   -0.2254861146E+00
    2    0.1812457323E+01   -0.1438781619E+00    0.1000000000E+01   -0.2254861146E+00   -0.5489972830E+00
    3    0.2054118395E+01   -0.3259539604E-01    0.1000000000E+01   -0.2254861146E+00   -0.3857813776E+00
    4    0.2295779467E+01   -0.8549516201E+00    0.1000000000E+01   -0.7456016541E+00    0.0000000000E+00
    5    0.2537440538E+01   -0.6362517476E+00    0.1000000000E+01   -0.7456016541E+00   -0.2186999321E+00
    6    0.2779101610E+01   -0.1375780821E+01    0.1000000000E+01   -0.1375780821E+01    0.0000000000E+00
    7    0.3020762682E+01   -0.1168317318E+01    0.1000000000E+01   -0.1168317318E+01    0.0000000000E+00
    8    0.3262423754E+01   -0.4975764155E+00    0.1000000000E+01   -0.8344448209E+00    0.0000000000E+00
    9    0.3504084826E+01   -0.1138731480E+01    0.1000000000E+01   -0.8344448209E+00    0.6737365723E+00
   10    0.3745745897E+01   -0.8575527072E+00    0.1000000000E+01   -0.8344448209E+00    0.6516325474E-01
   11    0.3987406969E+01   -0.8439185619E+00    0.1000000000E+01   -0.8344448209E+00    0.1894748211E-01
   12    0.4229067802E+01   -0.5668282509E+00    0.1000000000E+01   -0.5668282509E+00    0.0000000000E+00
   13    0.4470728874E+01   -0.4887464345E+00    0.1000000000E+01   -0.4887464345E+00    0.0000000000E+00
   14    0.4712389946E+01    0.1733815819E+00    0.1000000000E+01    0.1733815819E+00    0.0000000000E+00
   15    0.4954051018E+01    0.7027561069E+00    0.1000000000E+01    0.5176401138E+00    0.0000000000E+00
   16    0.5195712090E+01    0.4655863345E+00    0.1000000000E+01    0.5176401138E+00    0.3702321649E+00
   17    0.5437373161E+01    0.3845778108E+00    0.1000000000E+01    0.5176401138E+00    0.2661246061E+00
   18    0.5679034233E+01    0.1115446687E+01    0.1000000000E+01    0.1115446687E+01    0.0000000000E+00
   19    0.5920695305E+01    0.9889650345E+00    0.1000000000E+01    0.1010036707E+01    0.0000000000E+00
   20    0.6162356377E+01    0.1031108379E+01    0.1000000000E+01    0.1010036707E+01   -0.4214334488E-01
   21    0.6404017448E+01    0.6235243082E+00    0.1000000000E+01    0.8398002386E+00    0.0000000000E+00
   22    0.6645678520E+01    0.6170557737E+00    0.1000000000E+01    0.8398002386E+00   -0.4325518608E+00
   23    0.6887339592E+01    0.9606115222E+00    0.1000000000E+01    0.8398002386E+00   -0.8780407906E+00
   24    0.7129000664E+01    0.1158009529E+01    0.1000000000E+01    0.8398002386E+00   -0.6364182234E+00
   25    0.7370661736E+01    0.1152516007E+00    0.1000000000E+01    0.1530398130E+00    0.0000000000E+00
   26    0.7612322807E+01    0.1908280253E+00    0.1000000000E+01    0.1530398130E+00   -0.7557642460E-01
   27    0.7853983879E+01   -0.4886647761E+00    0.1000000000E+01   -0.2951813042E+00    0.0000000000E+00
   28    0.8095644951E+01   -0.1346334070E+00    0.1000000000E+01   -0.2951813042E+00   -0.3869669437E+00
   29    0.8337306023E+01   -0.2622457445E+00    0.1000000000E+01   -0.2951813042E+00   -0.6587114930E-01
   30    0.8578967094E+01   -0.7028819323E+00    0.1000000000E+01   -0.6519433260E+00    0.0000000000E+00
   31    0.8820628166E+01   -0.6010047197E+00    0.1000000000E+01   -0.6519433260E+00   -0.1018772125E+00
   32    0.9062289238E+01   -0.1082839012E+01    0.1000000000E+01   -0.1058514953E+01    0.0000000000E+00
   33    0.9303950310E+01   -0.1034190893E+01    0.1000000000E+01   -0.1058514953E+01   -0.4864811897E-01
   34    0.9545611382E+01   -0.1175107241E+01    0.1000000000E+01   -0.1175107241E+01    0.0000000000E+00
   35    0.9787272453E+01   -0.1368623137E+01    0.1000000000E+01   -0.1368623137E+01    0.0000000000E+00
   36    0.1002893353E+02   -0.8512341380E+00    0.1000000000E+01   -0.8512341380E+00    0.0000000000E+00
   37    0.1027059460E+02   -0.8225846887E+00    0.1000000000E+01   -0.8225846887E+00    0.0000000000E+00
   38    0.1051225567E+02   -0.5817493200E+00    0.1000000000E+01   -0.5817493200E+00    0.0000000000E+00
   39    0.1075391674E+02   -0.1478268951E+00    0.1000000000E+01   -0.1478268951E+00    0.0000000000E+00
   40    0.1099557495E+02   -0.5223860592E-01    0.1000000000E+01   -0.5223860592E-01    0.0000000000E+00
