1
1.0006
0.99997
0.99943
1.0005
0.99966
1.0002
0.99983
1.0001
0.99988
1.0001
0.99989
1.0001
0.9999
1.0001
0.99991
1.0001
0.99993
1.0001
0.99994
1.0001
0.99995
1
0.99999
1
0.99996
1.0001
0.99991
0.99992
1.0004
0.99962
0.99956
1.0015
0.99965
0.99686
1.0046
1.0095
0.99536
0.96838
0.94037
0.91215
0.88524
0.85759
0.83183
0.80502
0.78064
0.75474
0.73185
0.70688
0.68554
0.66147
0.64164
0.61832
0.59984
0.57708
0.55991
0.53768
0.52175
0.49995
0.48517
0.46377
0.45054
0.42957
0.40912
0.38262
0.41119
0.43202
0.42474
0.42267
0.42938
0.42401
0.42629
0.42382
0.42709
0.42611
0.43068
0.4252
0.42295
0.42121
0.43237
0.42751
0.42818
0.43458
0.42082
0.34155
0.27405
0.25464
0.26623
0.26568
0.26488
0.26401
0.2687
0.26434
0.26622
0.26433
0.26736
0.26268
0.26956
0.26125
0.27153
0.25658
0.27415
0.24725
0.11036
0.1363
0.12144
0.12723
0.1243
0.12557
0.12477
0.12529
0.12483
0.12522
0.12485
0.12517
0.1249
0.12511
0.12496
0.12505
0.125
0.12504
0.12492
0.12528
0.12452
0.12524
0.12679
0.12197
0.12496
