Requested percentage is 80%
Requested accuracy is 1e-08
Number of the roots that the program has calculated is 874
Estimated percentage of the calculated roots is 89%
Estimated total number of roots in the interval (0,1) is 984.
The roots are: 
0.00056266598
0.00112346
0.0018336698
0.0031962991
0.0033096503
0.0042088907
0.0044625998
0.0047388598
0.0063414797
0.0066117104
0.0067453403
0.0068693105
0.0074361898
0.0078299902
0.0110646
0.0129715
0.015084
0.017204899
0.017879499
0.0184252
0.025726801
0.026286099
0.0266387
0.0275102
0.0304213
0.0313852
0.0326041
0.033257401
0.0339492
0.0341016
0.0343451
0.034537699
0.035091
0.035208501
0.035431599
0.035540501
0.037259599
0.0398126
0.040296299
0.041131699
0.042059099
0.042212199
0.042826699
0.043945299
0.044114299
0.0445568
0.0448521
0.0449988
0.0464765
0.0465497
0.047473099
0.047552699
0.048957599
0.049264699
0.0497726
0.0500797
0.0503482
0.0507847
0.053417999
0.053575899
0.0561256
0.0569376
0.057846701
0.0578973
0.0582562
0.0585659
0.0590223
0.059350999
0.060737301
0.062330799
0.0633453
0.066173101
0.0666139
0.0688801
0.0696436
0.0745501
0.075355001
0.0780202
0.0798689
0.0815193
0.0822409
0.0832546
0.0841485
0.0866496
0.0878774
0.089886099
0.092976499
0.094163399
0.094923399
0.096030099
0.0966953
0.0974045
0.0980475
0.099296501
0.0997719
0.101081
0.102089
0.105387
0.105487
0.108122
0.109804
0.115666
0.116202
0.116637
0.116915
0.117887
0.119458
0.120053
0.120232
0.120825
0.121757
0.122252
0.124248
0.124401
0.124953
0.125126
0.125671
0.126203
0.12747
0.127996
0.130977
0.130995
0.134277
0.135231
0.13546
0.136877
0.13776
0.138958
0.139291
0.139932
0.140271
0.14111
0.144186
0.147348
0.14759
0.148406
0.151174
0.15186
0.152679
0.152744
0.152935
0.153036
0.154343
0.154984
0.155162
0.156029
0.158116
0.158215
0.158987
0.162246
0.163014
0.164754
0.165635
0.165725
0.16669
0.166867
0.168564
0.169564
0.17094
0.172979
0.173697
0.174133
0.175161
0.175485
0.179984
0.180578
0.188298
0.189362
0.190403
0.190627
0.191488
0.193037
0.195138
0.197111
0.19762
0.198496
0.203001
0.203608
0.205061
0.205904
0.207394
0.207579
0.209016
0.211607
0.213356
0.213427
0.214611
0.214852
0.215109
0.215273
0.218184
0.21873
0.218927
0.219209
0.220043
0.221252
0.221489
0.225653
0.228418
0.229412
0.229608
0.23054
0.230905
0.231188
0.231894
0.233951
0.234321
0.235636
0.236552
0.238023
0.238241
0.238933
0.239045
0.240269
0.240808
0.240987
0.241609
0.242684
0.244304
0.250866
0.251119
0.251848
0.256413
0.257071
0.257469
0.262017
0.264937
0.265052
0.265219
0.265688
0.266666
0.267146
0.267237
0.269224
0.270051
0.27061
0.271877
0.272836
0.274612
0.276819
0.280026
0.280393
0.280931
0.282056
0.288828
0.29045
0.291104
0.292227
0.292826
0.292867
0.293305
0.294652
0.297005
0.297353
0.298231
0.299702
0.300651
0.300952
0.301035
0.304597
0.305046
0.306293
0.30656
0.306879
0.307149
0.307674
0.308381
0.309505
0.310165
0.312791
0.312893
0.313485
0.313824
0.315642
0.316163
0.316383
0.316582
0.317455
0.317818
0.320053
0.321034
0.321646
0.323443
0.324192
0.325044
0.326545
0.3283
0.3285
0.330262
0.331341
0.33161
0.333163
0.333867
0.334115
0.336282
0.336952
0.337787
0.338075
0.338408
0.339764
0.341316
0.344699
0.345045
0.345853
0.346022
0.34733
0.349729
0.350838
0.351524
0.354009
0.355431
0.355853
0.356038
0.356107
0.356829
0.357404
0.359498
0.36078
0.361316
0.361389
0.364824
0.366786
0.36686
0.367273
0.368634
0.36943
0.370294
0.373472
0.374542
0.375299
0.376206
0.3764
0.378294
0.378511
0.37903
0.379507
0.381911
0.383011
0.38307
0.383991
0.384356
0.385886
0.387468
0.387829
0.388565
0.389177
0.391421
0.391947
0.392319
0.392578
0.39298
0.393069
0.39386
0.395189
0.395722
0.396278
0.396459
0.397224
0.397749
0.399554
0.400212
0.400905
0.401732
0.404927
0.406573
0.407177
0.409986
0.410138
0.411959
0.413664
0.415205
0.415403
0.416
0.41712
0.420469
0.421169
0.42224
0.423462
0.426043
0.427794
0.428185
0.429996
0.430268
0.430786
0.431536
0.433651
0.434245
0.43471
0.436153
0.436176
0.436358
0.436527
0.439032
0.443533
0.443905
0.444059
0.445881
0.446684
0.450288
0.450345
0.451959
0.452991
0.455589
0.456151
0.457091
0.457361
0.458253
0.458475
0.459442
0.460324
0.461207
0.466815
0.469303
0.470601
0.472131
0.472887
0.477371
0.47761
0.477757
0.478232
0.478729
0.479573
0.480766
0.483238
0.48486
0.485817
0.486073
0.486938
0.487082
0.488621
0.490493
0.493253
0.494826
0.49514
0.495942
0.49662
0.498071
0.498618
0.499985
0.504292
0.504987
0.506222
0.506409
0.506584
0.509383
0.510155
0.510867
0.511165
0.512933
0.513095
0.515207
0.516645
0.518148
0.518721
0.524082
0.525003
0.525239
0.52559
0.526553
0.527262
0.527955
0.529041
0.530035
0.530315
0.530661
0.530832
0.531268
0.53168
0.532473
0.532642
0.534181
0.535716
0.535879
0.536299
0.536505
0.537225
0.539456
0.542824
0.544581
0.544769
0.545155
0.545432
0.545958
0.546096
0.547281
0.549878
0.550351
0.551489
0.551713
0.552406
0.553807
0.555047
0.556742
0.556963
0.558673
0.559449
0.560239
0.562021
0.563021
0.564093
0.567122
0.5682
0.568781
0.569105
0.570728
0.572554
0.573472
0.575505
0.576442
0.577891
0.578305
0.578794
0.579045
0.580142
0.58199
0.583649
0.585094
0.585369
0.586209
0.587351
0.589527
0.589838
0.590304
0.591407
0.592333
0.597668
0.598071
0.599386
0.599562
0.603002
0.603089
0.6032
0.604287
0.604521
0.604632
0.606142
0.606966
0.607986
0.608247
0.61171
0.613477
0.614544
0.614772
0.615033
0.615933
0.616288
0.617058
0.618904
0.621196
0.624503
0.625585
0.626458
0.62664
0.627909
0.628181
0.630044
0.631486
0.631731
0.631889
0.632039
0.63365
0.634402
0.634759
0.636109
0.636557
0.637457
0.638011
0.639655
0.639885
0.640568
0.642429
0.643382
0.644105
0.644769
0.645907
0.646773
0.64701
0.64758
0.648044
0.648248
0.652729
0.655258
0.656222
0.656402
0.660815
0.662778
0.663545
0.664755
0.666146
0.666309
0.667194
0.667241
0.668047
0.669792
0.67177
0.673201
0.673462
0.67359
0.673856
0.674064
0.674135
0.674558
0.674721
0.675066
0.675352
0.676531
0.677404
0.677592
0.67876
0.679875
0.681565
0.683512
0.683976
0.684538
0.686925
0.688837
0.690481
0.693561
0.694685
0.695969
0.696089
0.696433
0.697142
0.697728
0.704517
0.704656
0.704873
0.705834
0.709195
0.712504
0.713523
0.714656
0.715909
0.716616
0.717083
0.717439
0.718862
0.719924
0.720264
0.721253
0.72221
0.724086
0.72506
0.726156
0.726692
0.728526
0.730202
0.731028
0.731093
0.731546
0.731677
0.732514
0.734349
0.73449
0.734686
0.735315
0.736015
0.736836
0.738876
0.739243
0.741556
0.741615
0.742166
0.742685
0.742915
0.745043
0.748922
0.74947
0.749642
0.749971
0.752191
0.752587
0.753806
0.755459
0.758886
0.761235
0.762275
0.762652
0.763644
0.763751
0.764762
0.765765
0.766326
0.76733
0.769912
0.771984
0.772618
0.773275
0.774816
0.776892
0.777317
0.777639
0.778653
0.779509
0.779555
0.78223
0.783443
0.785611
0.787839
0.788259
0.789112
0.789573
0.790769
0.791207
0.79175
0.793165
0.794318
0.794745
0.795059
0.795875
0.797861
0.799143
0.801205
0.802323
0.803327
0.804451
0.805949
0.80824
0.809266
0.809947
0.811008
0.811097
0.811761
0.81228
0.812401
0.812661
0.812887
0.81316
0.816125
0.817646
0.817854
0.821218
0.822714
0.824262
0.825029
0.826521
0.831785
0.83215
0.83259
0.832837
0.836698
0.838034
0.83981
0.840224
0.841532
0.843564
0.845864
0.847884
0.848836
0.84892
0.849303
0.849669
0.85298
0.853044
0.854169
0.854303
0.854906
0.856426
0.857771
0.859321
0.860567
0.860694
0.861271
0.863048
0.865538
0.865867
0.867489
0.868588
0.869151
0.874973
0.8797
0.881195
0.881855
0.883613
0.88497
0.88531
0.88565
0.887192
0.88724
0.887655
0.888974
0.889148
0.890057
0.890199
0.890448
0.892255
0.894026
0.89558
0.89659
0.897687
0.899619
0.902304
0.903347
0.903674
0.907162
0.908012
0.908104
0.90831
0.909295
0.909564
0.911603
0.913398
0.913459
0.91399
0.914847
0.915059
0.917253
0.917742
0.918114
0.918464
0.919986
0.920787
0.921178
0.921748
0.922314
0.922463
0.922909
0.924575
0.924903
0.925343
0.928393
0.928561
0.929567
0.931135
0.931209
0.932049
0.93297
0.935288
0.935619
0.936327
0.936639
0.937192
0.940637
0.940852
0.94152
0.94171
0.941974
0.942239
0.942686
0.94374
0.944043
0.944185
0.945365
0.94731
0.948671
0.949184
0.950258
0.950696
0.959076
0.960061
0.961005
0.961887
0.96372
0.964379
0.964726
0.967569
0.971034
0.97169
0.972592
0.974952
0.976375
0.976643
0.977838
0.982556
0.98531
0.986497
0.98895
0.992625
0.994032
0.996076
0.99636
0.996499
0.997759
0.998811
