Requested percentage is 60%
Requested accuracy is 1e-08
Number of the roots that the program has calculated is 626
Estimated percentage of the calculated roots is 65%
Estimated total number of roots in the interval (0,1) is 973.
The roots are: 
0.00056266598
0.00112346
0.0018336698
0.0042088907
0.0063414797
0.0068693105
0.0074361898
0.0078299902
0.0110646
0.0129715
0.015084
0.017204899
0.017879499
0.0184252
0.025726801
0.026286099
0.0266387
0.0275102
0.0304213
0.0313852
0.0326041
0.033257401
0.035091
0.035208501
0.037259599
0.0398126
0.040296299
0.041131699
0.042826699
0.043945299
0.044114299
0.0449988
0.0497726
0.0500797
0.0503482
0.0507847
0.0561256
0.0569376
0.0590223
0.059350999
0.060737301
0.062330799
0.0633453
0.066173101
0.0666139
0.0688801
0.0696436
0.0745501
0.075355001
0.0780202
0.0798689
0.0815193
0.0822409
0.0832546
0.0841485
0.0866496
0.0878774
0.089886099
0.092976499
0.094163399
0.094923399
0.096030099
0.0966953
0.0974045
0.0980475
0.099296501
0.0997719
0.101081
0.102089
0.105387
0.105487
0.108122
0.109804
0.115666
0.116202
0.116637
0.116915
0.117887
0.119458
0.120053
0.120232
0.120825
0.121757
0.122252
0.124953
0.125126
0.125671
0.126203
0.12747
0.127996
0.134277
0.135231
0.13546
0.136877
0.13776
0.138958
0.139291
0.139932
0.140271
0.14111
0.144186
0.147348
0.14759
0.148406
0.151174
0.15186
0.154343
0.156029
0.158116
0.158215
0.158987
0.162246
0.163014
0.164754
0.168564
0.169564
0.17094
0.172979
0.173697
0.174133
0.175161
0.175485
0.179984
0.180578
0.188298
0.189362
0.190403
0.190627
0.191488
0.193037
0.195138
0.197111
0.19762
0.198496
0.203001
0.203608
0.205061
0.205904
0.207394
0.207579
0.209016
0.211607
0.213356
0.213427
0.214611
0.214852
0.218184
0.21873
0.220043
0.225653
0.228418
0.229412
0.229608
0.231188
0.231894
0.235636
0.236552
0.240269
0.241609
0.242684
0.244304
0.250866
0.251119
0.251848
0.256413
0.257071
0.257469
0.262017
0.265219
0.265688
0.266666
0.269224
0.270051
0.27061
0.271877
0.272836
0.274612
0.276819
0.280026
0.280393
0.280931
0.282056
0.288828
0.29045
0.291104
0.292227
0.293305
0.294652
0.298231
0.299702
0.300651
0.304597
0.305046
0.306879
0.307149
0.307674
0.308381
0.309505
0.310165
0.315642
0.316582
0.320053
0.321034
0.321646
0.323443
0.324192
0.325044
0.326545
0.330262
0.331341
0.33161
0.333163
0.333867
0.334115
0.336282
0.336952
0.337787
0.338075
0.338408
0.339764
0.341316
0.344699
0.345045
0.34733
0.349729
0.350838
0.351524
0.354009
0.355431
0.355853
0.356829
0.357404
0.359498
0.36078
0.361316
0.361389
0.364824
0.367273
0.368634
0.36943
0.370294
0.373472
0.374542
0.375299
0.378294
0.378511
0.37903
0.379507
0.381911
0.383991
0.384356
0.385886
0.387468
0.387829
0.388565
0.389177
0.391421
0.391947
0.39298
0.393069
0.39386
0.395189
0.395722
0.397224
0.397749
0.399554
0.400212
0.400905
0.401732
0.404927
0.406573
0.407177
0.411959
0.413664
0.416
0.41712
0.420469
0.421169
0.42224
0.423462
0.426043
0.429996
0.430268
0.430786
0.431536
0.433651
0.434245
0.43471
0.436358
0.436527
0.439032
0.443533
0.445881
0.446684
0.451959
0.452991
0.455589
0.456151
0.459442
0.460324
0.461207
0.466815
0.469303
0.470601
0.472131
0.472887
0.477371
0.478232
0.478729
0.479573
0.480766
0.483238
0.48486
0.485817
0.486073
0.488621
0.490493
0.493253
0.494826
0.49514
0.495942
0.49662
0.498071
0.498618
0.499985
0.504292
0.504987
0.506222
0.509383
0.510155
0.515207
0.516645
0.518148
0.518721
0.524082
0.52559
0.526553
0.527262
0.527955
0.529041
0.530035
0.530832
0.534181
0.537225
0.539456
0.542824
0.545155
0.545432
0.547281
0.549878
0.550351
0.552406
0.553807
0.555047
0.558673
0.559449
0.560239
0.562021
0.563021
0.564093
0.567122
0.5682
0.568781
0.569105
0.570728
0.572554
0.573472
0.575505
0.576442
0.577891
0.578305
0.580142
0.58199
0.583649
0.586209
0.587351
0.590304
0.591407
0.592333
0.603002
0.604287
0.606142
0.606966
0.61171
0.613477
0.614544
0.615933
0.616288
0.617058
0.618904
0.621196
0.624503
0.625585
0.626458
0.62664
0.627909
0.628181
0.630044
0.63365
0.636109
0.636557
0.637457
0.638011
0.640568
0.642429
0.643382
0.644105
0.644769
0.645907
0.646773
0.64701
0.64758
0.652729
0.655258
0.656222
0.656402
0.660815
0.662778
0.663545
0.664755
0.668047
0.669792
0.67177
0.673201
0.674135
0.675066
0.675352
0.676531
0.67876
0.679875
0.681565
0.683512
0.683976
0.684538
0.686925
0.688837
0.690481
0.693561
0.694685
0.696433
0.697142
0.697728
0.704517
0.705834
0.709195
0.712504
0.713523
0.714656
0.715909
0.716616
0.717083
0.717439
0.718862
0.719924
0.720264
0.721253
0.72221
0.724086
0.72506
0.726156
0.726692
0.728526
0.730202
0.732514
0.734349
0.735315
0.736015
0.736836
0.742166
0.745043
0.748922
0.74947
0.752191
0.752587
0.753806
0.755459
0.758886
0.761235
0.763644
0.763751
0.764762
0.765765
0.766326
0.76733
0.769912
0.771984
0.772618
0.773275
0.774816
0.777639
0.778653
0.78223
0.783443
0.785611
0.787839
0.788259
0.789112
0.789573
0.790769
0.791207
0.79175
0.793165
0.794318
0.794745
0.795059
0.795875
0.797861
0.799143
0.801205
0.802323
0.803327
0.804451
0.805949
0.80824
0.809266
0.809947
0.811008
0.811097
0.811761
0.81316
0.816125
0.821218
0.822714
0.824262
0.825029
0.826521
0.831785
0.83215
0.836698
0.838034
0.83981
0.840224
0.841532
0.843564
0.845864
0.847884
0.849303
0.849669
0.85298
0.853044
0.854906
0.856426
0.857771
0.859321
0.861271
0.863048
0.865538
0.865867
0.867489
0.868588
0.869151
0.874973
0.8797
0.881195
0.881855
0.883613
0.88497
0.887192
0.890057
0.892255
0.894026
0.89558
0.89659
0.897687
0.899619
0.902304
0.907162
0.90831
0.911603
0.91399
0.914847
0.915059
0.917253
0.917742
0.918114
0.918464
0.919986
0.920787
0.921178
0.921748
0.922314
0.922463
0.922909
0.924575
0.924903
0.925343
0.929567
0.931135
0.931209
0.932049
0.93297
0.935288
0.935619
0.936327
0.936639
0.937192
0.942686
0.94374
0.945365
0.94731
0.948671
0.949184
0.950258
0.950696
0.959076
0.960061
0.961005
0.961887
0.96372
0.967569
0.971034
0.97169
0.972592
0.974952
0.976375
0.976643
0.977838
0.982556
0.98531
0.986497
0.98895
0.992625
0.994032
0.996076
0.997759
0.998811
