    1  598
    1    0.1000000000E+01    0.4029339905E+03    0.1000000000E+01    0.4027567139E+03
    2    0.2000000000E+01    0.4027399902E+03    0.1000000000E+01    0.4027567139E+03    0.3545532227E+00
    3    0.3000000000E+01    0.4027349854E+03    0.1000000000E+01    0.4027567139E+03    0.3211059570E+00
    4    0.4000000000E+01    0.4027430115E+03    0.1000000000E+01    0.4027567139E+03    0.2776489258E+00
    5    0.5000000000E+01    0.4027399902E+03    0.1000000000E+01    0.4027567139E+03    0.2502441406E+00
    6    0.6000000000E+01    0.4027219849E+03    0.1000000000E+01    0.4027567139E+03    0.2167968750E+00
    7    0.7000000000E+01    0.4027090149E+03    0.1000000000E+01    0.4027567139E+03    0.1473388672E+00
    8    0.8000000000E+01    0.4027309875E+03    0.1000000000E+01    0.4027567139E+03    0.5194091797E-01
    9    0.9000000000E+01    0.4030010071E+03    0.1000000000E+01    0.4030010071E+03    0.0000000000E+00
   10    0.1000000000E+02    0.4031000061E+03    0.1000000000E+01    0.4030734863E+03    0.0000000000E+00
   11    0.1100000000E+02    0.4030469971E+03    0.1000000000E+01    0.4030734863E+03    0.5303955078E-01
   12    0.1200000000E+02    0.4031250000E+03    0.1000000000E+01    0.4030950012E+03    0.0000000000E+00
   13    0.1300000000E+02    0.4030650024E+03    0.1000000000E+01    0.4030950012E+03    0.5999755859E-01
   14    0.1400000000E+02    0.4031109924E+03    0.1000000000E+01    0.4031109924E+03    0.0000000000E+00
   15    0.1500000000E+02    0.4031260071E+03    0.1000000000E+01    0.4031260071E+03    0.0000000000E+00
   16    0.1600000000E+02    0.4031530151E+03    0.1000000000E+01    0.4031329956E+03    0.0000000000E+00
   17    0.1700000000E+02    0.4031189880E+03    0.1000000000E+01    0.4031329956E+03    0.4003906250E-01
   18    0.1800000000E+02    0.4031270142E+03    0.1000000000E+01    0.4031329956E+03    0.1202392578E-01
   19    0.1900000000E+02    0.4031419983E+03    0.1000000000E+01    0.4031419983E+03    0.0000000000E+00
   20    0.2000000000E+02    0.4031480103E+03    0.1000000000E+01    0.4031456909E+03    0.0000000000E+00
   21    0.2100000000E+02    0.4031470032E+03    0.1000000000E+01    0.4031456909E+03    0.4638671875E-02
   22    0.2200000000E+02    0.4031419983E+03    0.1000000000E+01    0.4031456909E+03    0.7263183594E-02
   23    0.2300000000E+02    0.4031480103E+03    0.1000000000E+01    0.4031480103E+03    0.0000000000E+00
   24    0.2400000000E+02    0.4031480103E+03    0.1000000000E+01    0.4031480103E+03    0.0000000000E+00
   25    0.2500000000E+02    0.4031329956E+03    0.1000000000E+01    0.4031369934E+03    0.0000000000E+00
   26    0.2600000000E+02    0.4031409912E+03    0.1000000000E+01    0.4031369934E+03   -0.7995605469E-02
   27    0.2700000000E+02    0.4031130066E+03    0.1000000000E+01    0.4031130066E+03    0.0000000000E+00
   28    0.2800000000E+02    0.4030010071E+03    0.1000000000E+01    0.4030220032E+03    0.0000000000E+00
   29    0.2900000000E+02    0.4030429993E+03    0.1000000000E+01    0.4030220032E+03   -0.4199218750E-01
   30    0.3000000000E+02    0.4028550110E+03    0.1000000000E+01    0.4029194946E+03    0.0000000000E+00
   31    0.3100000000E+02    0.4029840088E+03    0.1000000000E+01    0.4029194946E+03   -0.1290283203E+00
   32    0.3200000000E+02    0.4028909912E+03    0.1000000000E+01    0.4028909912E+03    0.0000000000E+00
   33    0.3300000000E+02    0.3443569946E+03    0.1000000000E+01    0.3443569946E+03    0.0000000000E+00
   34    0.3400000000E+02    0.2800889893E+03    0.1000000000E+01    0.2803269653E+03    0.0000000000E+00
   35    0.3500000000E+02    0.2800799866E+03    0.1000000000E+01    0.2803269653E+03   -0.4721069336E+00
   36    0.3600000000E+02    0.2800710144E+03    0.1000000000E+01    0.2803269653E+03   -0.9660644531E+00
   37    0.3700000000E+02    0.2800729980E+03    0.1000000000E+01    0.2803269653E+03   -0.1477966309E+01
   38    0.3800000000E+02    0.2800690002E+03    0.1000000000E+01    0.2803269653E+03   -0.1985900879E+01
   39    0.3900000000E+02    0.2800740051E+03    0.1000000000E+01    0.2803269653E+03   -0.2501831055E+01
   40    0.4000000000E+02    0.2800740051E+03    0.1000000000E+01    0.2803269653E+03   -0.3007751465E+01
   41    0.4100000000E+02    0.2800740051E+03    0.1000000000E+01    0.2803269653E+03   -0.3513671875E+01
   42    0.4200000000E+02    0.2800740051E+03    0.1000000000E+01    0.2803269653E+03   -0.4019592285E+01
   43    0.4300000000E+02    0.2800740051E+03    0.1000000000E+01    0.2803269653E+03   -0.4525512695E+01
   44    0.4400000000E+02    0.2800740051E+03    0.1000000000E+01    0.2803269653E+03   -0.5031433105E+01
   45    0.4500000000E+02    0.2800740051E+03    0.1000000000E+01    0.2803269653E+03   -0.5537353516E+01
   46    0.4600000000E+02    0.2800740051E+03    0.1000000000E+01    0.2803269653E+03   -0.6043273926E+01
   47    0.4700000000E+02    0.2800700073E+03    0.1000000000E+01    0.2803269653E+03   -0.6549194336E+01
   48    0.4800000000E+02    0.2799909973E+03    0.1000000000E+01    0.2803269653E+03   -0.7063110352E+01
   49    0.4900000000E+02    0.2799710083E+03    0.1000000000E+01    0.2803269653E+03   -0.7735046387E+01
   50    0.5000000000E+02    0.2800650024E+03    0.1000000000E+01    0.2803269653E+03   -0.8446960449E+01
   51    0.5100000000E+02    0.2800719910E+03    0.1000000000E+01    0.2803269653E+03   -0.8970886230E+01
   52    0.5200000000E+02    0.2800679932E+03    0.1000000000E+01    0.2803269653E+03   -0.9480834961E+01
   53    0.5300000000E+02    0.2800629883E+03    0.1000000000E+01    0.2803269653E+03   -0.9998779297E+01
   54    0.5400000000E+02    0.2800700073E+03    0.1000000000E+01    0.2803269653E+03   -0.1052673340E+02
   55    0.5500000000E+02    0.2800220032E+03    0.1000000000E+01    0.2803269653E+03   -0.1104064941E+02
   56    0.5600000000E+02    0.2798819885E+03    0.1000000000E+01    0.2803269653E+03   -0.1165057373E+02
   57    0.5700000000E+02    0.2798750000E+03    0.1000000000E+01    0.2803269653E+03   -0.1254052734E+02
   58    0.5800000000E+02    0.2799410095E+03    0.1000000000E+01    0.2803269653E+03   -0.1344445801E+02
   59    0.5900000000E+02    0.2800469971E+03    0.1000000000E+01    0.2803269653E+03   -0.1421636963E+02
   60    0.6000000000E+02    0.2794869995E+03    0.1000000000E+01    0.2803269653E+03   -0.1477630615E+02
   61    0.6100000000E+02    0.2781459961E+03    0.1000000000E+01    0.2803269653E+03   -0.1645623779E+02
   62    0.6200000000E+02    0.2781180115E+03    0.1000000000E+01    0.2803269653E+03   -0.2081817627E+02
   63    0.6300000000E+02    0.2796719971E+03    0.1000000000E+01    0.2803269653E+03   -0.2523608398E+02
   64    0.6400000000E+02    0.2807860107E+03    0.1000000000E+01    0.2803269653E+03   -0.2654602051E+02
   65    0.6500000000E+02    0.2800669861E+03    0.1000000000E+01    0.2803269653E+03   -0.2562792969E+02
   66    0.6600000000E+02    0.2784630127E+03    0.1000000000E+01    0.2803269653E+03   -0.2614788818E+02
   67    0.6700000000E+02    0.2788169861E+03    0.1000000000E+01    0.2803269653E+03   -0.2987579346E+02
   68    0.6800000000E+02    0.2788500061E+03    0.1000000000E+01    0.2803269653E+03   -0.3289575195E+02
   69    0.6900000000E+02    0.2782659912E+03    0.1000000000E+01    0.2803269653E+03   -0.3584967041E+02
   70    0.7000000000E+02    0.2792969971E+03    0.1000000000E+01    0.2803269653E+03   -0.3997161865E+02
   71    0.7100000000E+02    0.2800109863E+03    0.1000000000E+01    0.2803269653E+03   -0.4203155518E+02
   72    0.7200000000E+02    0.2805929871E+03    0.1000000000E+01    0.2803269653E+03   -0.4266351318E+02
   73    0.7300000000E+02    0.2812810059E+03    0.1000000000E+01    0.2803269653E+03   -0.4213146973E+02
   74    0.7400000000E+02    0.2818959961E+03    0.1000000000E+01    0.2803269653E+03   -0.4022338867E+02
   75    0.7500000000E+02    0.2815639954E+03    0.1000000000E+01    0.2803269653E+03   -0.3708532715E+02
   76    0.7600000000E+02    0.2816589966E+03    0.1000000000E+01    0.2803269653E+03   -0.3461126709E+02
   77    0.7700000000E+02    0.2814330139E+03    0.1000000000E+01    0.2803269653E+03   -0.3194720459E+02
   78    0.7800000000E+02    0.2813540039E+03    0.1000000000E+01    0.2803269653E+03   -0.2973510742E+02
   79    0.7900000000E+02    0.2815260010E+03    0.1000000000E+01    0.2803269653E+03   -0.2768103027E+02
   80    0.8000000000E+02    0.2814989929E+03    0.1000000000E+01    0.2803269653E+03   -0.2528295898E+02
   81    0.8100000000E+02    0.2802839966E+03    0.1000000000E+01    0.2803269653E+03   -0.2293890381E+02
   82    0.8200000000E+02    0.2805809937E+03    0.1000000000E+01    0.2803269653E+03   -0.2302484131E+02
   83    0.8300000000E+02    0.2810880127E+03    0.1000000000E+01    0.2803269653E+03   -0.2251678467E+02
   84    0.8400000000E+02    0.2810339966E+03    0.1000000000E+01    0.2803269653E+03   -0.2099468994E+02
   85    0.8500000000E+02    0.2811400146E+03    0.1000000000E+01    0.2803269653E+03   -0.1958062744E+02
   86    0.8600000000E+02    0.2812860107E+03    0.1000000000E+01    0.2803269653E+03   -0.1795452881E+02
   87    0.8700000000E+02    0.2814540100E+03    0.1000000000E+01    0.2803269653E+03   -0.1603643799E+02
   88    0.8800000000E+02    0.2818099976E+03    0.1000000000E+01    0.2803269653E+03   -0.1378234863E+02
   89    0.8900000000E+02    0.2818510132E+03    0.1000000000E+01    0.2803269653E+03   -0.1081628418E+02
   90    0.9000000000E+02    0.2818179932E+03    0.1000000000E+01    0.2803269653E+03   -0.7768188477E+01
   91    0.9100000000E+02    0.2817609863E+03    0.1000000000E+01    0.2803269653E+03   -0.4786132812E+01
   92    0.9200000000E+02    0.2812860107E+03    0.1000000000E+01    0.2803269653E+03   -0.1918090820E+01
   93    0.9300000000E+02    0.2800840149E+03    0.1000000000E+01    0.2801814270E+03    0.0000000000E+00
   94    0.9400000000E+02    0.2797210083E+03    0.1000000000E+01    0.2801814270E+03   -0.2077026367E+00
   95    0.9500000000E+02    0.2794460144E+03    0.1000000000E+01    0.2801814270E+03   -0.1128540039E+01
   96    0.9600000000E+02    0.2787359924E+03    0.1000000000E+01    0.2801814270E+03   -0.2599365234E+01
   97    0.9700000000E+02    0.2785159912E+03    0.1000000000E+01    0.2801814270E+03   -0.5490234375E+01
   98    0.9800000000E+02    0.2783590088E+03    0.1000000000E+01    0.2801814270E+03   -0.8821105957E+01
   99    0.9900000000E+02    0.2791430054E+03    0.1000000000E+01    0.2801814270E+03   -0.1246594238E+02
  100    0.1000000000E+03    0.2796489868E+03    0.1000000000E+01    0.2801814270E+03   -0.1454278564E+02
  101    0.1010000000E+03    0.2795880127E+03    0.1000000000E+01    0.2801814270E+03   -0.1560766602E+02
  102    0.1020000000E+03    0.2789769897E+03    0.1000000000E+01    0.2801814270E+03   -0.1679449463E+02
  103    0.1030000000E+03    0.2784930115E+03    0.1000000000E+01    0.2801814270E+03   -0.1920336914E+02
  104    0.1040000000E+03    0.2786650085E+03    0.1000000000E+01    0.2801814270E+03   -0.2258020020E+02
  105    0.1050000000E+03    0.2785830078E+03    0.1000000000E+01    0.2801814270E+03   -0.2561303711E+02
  106    0.1060000000E+03    0.2792049866E+03    0.1000000000E+01    0.2801814270E+03   -0.2880987549E+02
  107    0.1070000000E+03    0.2801449890E+03    0.1000000000E+01    0.2801814270E+03   -0.3076275635E+02
  108    0.1080000000E+03    0.2802600098E+03    0.1000000000E+01    0.2801814270E+03   -0.3083563232E+02
  109    0.1090000000E+03    0.2806619873E+03    0.1000000000E+01    0.2801814270E+03   -0.3067846680E+02
  110    0.1100000000E+03    0.2806449890E+03    0.1000000000E+01    0.2801814270E+03   -0.2971734619E+02
  111    0.1110000000E+03    0.2804939880E+03    0.1000000000E+01    0.2801814270E+03   -0.2879022217E+02
  112    0.1120000000E+03    0.2807720032E+03    0.1000000000E+01    0.2801814270E+03   -0.2816510010E+02
  113    0.1130000000E+03    0.2807579956E+03    0.1000000000E+01    0.2801814270E+03   -0.2698394775E+02
  114    0.1140000000E+03    0.2802170105E+03    0.1000000000E+01    0.2801814270E+03   -0.2583081055E+02
  115    0.1150000000E+03    0.2793349915E+03    0.1000000000E+01    0.2801814270E+03   -0.2575964355E+02
  116    0.1160000000E+03    0.2783059998E+03    0.1000000000E+01    0.2801814270E+03   -0.2745251465E+02
  117    0.1170000000E+03    0.2783030090E+03    0.1000000000E+01    0.2801814270E+03   -0.3120336914E+02
  118    0.1180000000E+03    0.2784570007E+03    0.1000000000E+01    0.2801814270E+03   -0.3496020508E+02
  119    0.1190000000E+03    0.2782460022E+03    0.1000000000E+01    0.2801814270E+03   -0.3840905762E+02
  120    0.1200000000E+03    0.2785039978E+03    0.1000000000E+01    0.2801814270E+03   -0.4227990723E+02
  121    0.1210000000E+03    0.2795700073E+03    0.1000000000E+01    0.2801814270E+03   -0.4563476562E+02
  122    0.1220000000E+03    0.2798059998E+03    0.1000000000E+01    0.2801814270E+03   -0.4685760498E+02
  123    0.1230000000E+03    0.2793049927E+03    0.1000000000E+01    0.2801814270E+03   -0.4760845947E+02
  124    0.1240000000E+03    0.2788850098E+03    0.1000000000E+01    0.2801814270E+03   -0.4936132812E+02
  125    0.1250000000E+03    0.2790960083E+03    0.1000000000E+01    0.2801814270E+03   -0.5195416260E+02
  126    0.1260000000E+03    0.2790239868E+03    0.1000000000E+01    0.2801814270E+03   -0.5412500000E+02
  127    0.1270000000E+03    0.2787820129E+03    0.1000000000E+01    0.2801814270E+03   -0.5643988037E+02
  128    0.1280000000E+03    0.2782739868E+03    0.1000000000E+01    0.2801814270E+03   -0.5923870850E+02
  129    0.1290000000E+03    0.2785090027E+03    0.1000000000E+01    0.2801814270E+03   -0.6305358887E+02
  130    0.1300000000E+03    0.2799819946E+03    0.1000000000E+01    0.2801814270E+03   -0.6639843750E+02
  131    0.1310000000E+03    0.2802609863E+03    0.1000000000E+01    0.2801814270E+03   -0.6679730225E+02
  132    0.1320000000E+03    0.2805799866E+03    0.1000000000E+01    0.2801814270E+03   -0.6663818359E+02
  133    0.1330000000E+03    0.2813219910E+03    0.1000000000E+01    0.2801814270E+03   -0.6584106445E+02
  134    0.1340000000E+03    0.2815719910E+03    0.1000000000E+01    0.2801814270E+03   -0.6355993652E+02
  135    0.1350000000E+03    0.2815400085E+03    0.1000000000E+01    0.2801814270E+03   -0.6077880859E+02
  136    0.1360000000E+03    0.2817059937E+03    0.1000000000E+01    0.2801814270E+03   -0.5806164551E+02
  137    0.1370000000E+03    0.2815719910E+03    0.1000000000E+01    0.2801814270E+03   -0.5501251221E+02
  138    0.1380000000E+03    0.2811109924E+03    0.1000000000E+01    0.2801814270E+03   -0.5223138428E+02
  139    0.1390000000E+03    0.2803980103E+03    0.1000000000E+01    0.2801814270E+03   -0.5037225342E+02
  140    0.1400000000E+03    0.2805109863E+03    0.1000000000E+01    0.2801814270E+03   -0.4993908691E+02
  141    0.1410000000E+03    0.2803280029E+03    0.1000000000E+01    0.2801814270E+03   -0.4927996826E+02
  142    0.1420000000E+03    0.2807049866E+03    0.1000000000E+01    0.2801814270E+03   -0.4898681641E+02
  143    0.1430000000E+03    0.2805530090E+03    0.1000000000E+01    0.2801814270E+03   -0.4793969727E+02
  144    0.1440000000E+03    0.2803800049E+03    0.1000000000E+01    0.2801814270E+03   -0.4719653320E+02
  145    0.1450000000E+03    0.2806470032E+03    0.1000000000E+01    0.2801814270E+03   -0.4679937744E+02
  146    0.1460000000E+03    0.2809339905E+03    0.1000000000E+01    0.2801814270E+03   -0.4586822510E+02
  147    0.1470000000E+03    0.2812709961E+03    0.1000000000E+01    0.2801814270E+03   -0.4436309814E+02
  148    0.1480000000E+03    0.2816530151E+03    0.1000000000E+01    0.2801814270E+03   -0.4218395996E+02
  149    0.1490000000E+03    0.2814540100E+03    0.1000000000E+01    0.2801814270E+03   -0.3924078369E+02
  150    0.1500000000E+03    0.2812539978E+03    0.1000000000E+01    0.2801814270E+03   -0.3669561768E+02
  151    0.1510000000E+03    0.2811650085E+03    0.1000000000E+01    0.2801814270E+03   -0.3455047607E+02
  152    0.1520000000E+03    0.2809500122E+03    0.1000000000E+01    0.2801814270E+03   -0.3258331299E+02
  153    0.1530000000E+03    0.2803699951E+03    0.1000000000E+01    0.2801814270E+03   -0.3104614258E+02
  154    0.1540000000E+03    0.2806260071E+03    0.1000000000E+01    0.2801814270E+03   -0.3066900635E+02
  155    0.1550000000E+03    0.2802680054E+03    0.1000000000E+01    0.2801814270E+03   -0.2977984619E+02
  156    0.1560000000E+03    0.2798450012E+03    0.1000000000E+01    0.2801814270E+03   -0.2960668945E+02
  157    0.1570000000E+03    0.2799760132E+03    0.1000000000E+01    0.2801814270E+03   -0.3027954102E+02
  158    0.1580000000E+03    0.2803290100E+03    0.1000000000E+01    0.2801814270E+03   -0.3069036865E+02
  159    0.1590000000E+03    0.2805859985E+03    0.1000000000E+01    0.2801814270E+03   -0.3039520264E+02
  160    0.1600000000E+03    0.2809500122E+03    0.1000000000E+01    0.2801814270E+03   -0.2958605957E+02
  161    0.1610000000E+03    0.2806010132E+03    0.1000000000E+01    0.2801814270E+03   -0.2804888916E+02
  162    0.1620000000E+03    0.2802680054E+03    0.1000000000E+01    0.2801814270E+03   -0.2720971680E+02
  163    0.1630000000E+03    0.2808420105E+03    0.1000000000E+01    0.2801814270E+03   -0.2703656006E+02
  164    0.1640000000E+03    0.2810239868E+03    0.1000000000E+01    0.2801814270E+03   -0.2571539307E+02
  165    0.1650000000E+03    0.2812709961E+03    0.1000000000E+01    0.2801814270E+03   -0.2403027344E+02
  166    0.1660000000E+03    0.2811579895E+03    0.1000000000E+01    0.2801814270E+03   -0.2185113525E+02
  167    0.1670000000E+03    0.2813519897E+03    0.1000000000E+01    0.2801814270E+03   -0.1989801025E+02
  168    0.1680000000E+03    0.2807369995E+03    0.1000000000E+01    0.2801814270E+03   -0.1755688477E+02
  169    0.1690000000E+03    0.2806400146E+03    0.1000000000E+01    0.2801814270E+03   -0.1644573975E+02
  170    0.1700000000E+03    0.2799899902E+03    0.1000000000E+01    0.2801814270E+03   -0.1552856445E+02
  171    0.1710000000E+03    0.2797500000E+03    0.1000000000E+01    0.2801814270E+03   -0.1591143799E+02
  172    0.1720000000E+03    0.2798099976E+03    0.1000000000E+01    0.2801814270E+03   -0.1677429199E+02
  173    0.1730000000E+03    0.2793999939E+03    0.1000000000E+01    0.2801814270E+03   -0.1751715088E+02
  174    0.1740000000E+03    0.2789800110E+03    0.1000000000E+01    0.2801814270E+03   -0.1908001709E+02
  175    0.1750000000E+03    0.2787399902E+03    0.1000000000E+01    0.2801814270E+03   -0.2148284912E+02
  176    0.1760000000E+03    0.2802900085E+03    0.1000000000E+01    0.2801814270E+03   -0.2436572266E+02
  177    0.1770000000E+03    0.2812200012E+03    0.1000000000E+01    0.2801814270E+03   -0.2414855957E+02
  178    0.1780000000E+03    0.2815400085E+03    0.1000000000E+01    0.2801814270E+03   -0.2207141113E+02
  179    0.1790000000E+03    0.2814899902E+03    0.1000000000E+01    0.2801814270E+03   -0.1935424805E+02
  180    0.1800000000E+03    0.2809599915E+03    0.1000000000E+01    0.2801814270E+03   -0.1673712158E+02
  181    0.1810000000E+03    0.2811000061E+03    0.1000000000E+01    0.2801814270E+03   -0.1517999268E+02
  182    0.1820000000E+03    0.2814599915E+03    0.1000000000E+01    0.2801814270E+03   -0.1334283447E+02
  183    0.1830000000E+03    0.2815299988E+03    0.1000000000E+01    0.2801814270E+03   -0.1078570557E+02
  184    0.1840000000E+03    0.2813999939E+03    0.1000000000E+01    0.2801814270E+03   -0.8088562012E+01
  185    0.1850000000E+03    0.2812099915E+03    0.1000000000E+01    0.2801814270E+03   -0.5651428223E+01
  186    0.1860000000E+03    0.2808299866E+03    0.1000000000E+01    0.2801814270E+03   -0.3594299316E+01
  187    0.1870000000E+03    0.2806600037E+03    0.1000000000E+01    0.2801814270E+03   -0.2297180176E+01
  188    0.1880000000E+03    0.2803800049E+03    0.1000000000E+01    0.2801814270E+03   -0.1340026855E+01
  189    0.1890000000E+03    0.2800899963E+03    0.1000000000E+01    0.2801814270E+03   -0.9428710938E+00
  190    0.1900000000E+03    0.2801300049E+03    0.1000000000E+01    0.2801814270E+03   -0.1125732422E+01
  191    0.1910000000E+03    0.2801900024E+03    0.1000000000E+01    0.2801814270E+03   -0.1228576660E+01
  192    0.1920000000E+03    0.2803299866E+03    0.1000000000E+01    0.2801814270E+03   -0.1211425781E+01
  193    0.1930000000E+03    0.2804800110E+03    0.1000000000E+01    0.2801814270E+03   -0.9143066406E+00
  194    0.1940000000E+03    0.2803399963E+03    0.1000000000E+01    0.2801814270E+03   -0.3171386719E+00
  195    0.1950000000E+03    0.2800599976E+03    0.1000000000E+01    0.2800650024E+03    0.0000000000E+00
  196    0.1960000000E+03    0.2800700073E+03    0.1000000000E+01    0.2800650024E+03   -0.1000976562E-01
  197    0.1970000000E+03    0.2799599915E+03    0.1000000000E+01    0.2800199890E+03    0.0000000000E+00
  198    0.1980000000E+03    0.2800199890E+03    0.1000000000E+01    0.2800199890E+03   -0.1199951172E+00
  199    0.1990000000E+03    0.2800799866E+03    0.1000000000E+01    0.2800199890E+03   -0.1199951172E+00
  200    0.2000000000E+03    0.2799599915E+03    0.1000000000E+01    0.2799599915E+03    0.0000000000E+00
  201    0.2010000000E+03    0.2797699890E+03    0.1000000000E+01    0.2797944336E+03    0.0000000000E+00
  202    0.2020000000E+03    0.2797799988E+03    0.1000000000E+01    0.2797944336E+03   -0.4901123047E-01
  203    0.2030000000E+03    0.2797799988E+03    0.1000000000E+01    0.2797944336E+03   -0.7788085938E-01
  204    0.2040000000E+03    0.2796499939E+03    0.1000000000E+01    0.2797944336E+03   -0.1067504883E+00
  205    0.2050000000E+03    0.2798299866E+03    0.1000000000E+01    0.2797944336E+03   -0.3956298828E+00
  206    0.2060000000E+03    0.2796900024E+03    0.1000000000E+01    0.2797944336E+03   -0.3245239258E+00
  207    0.2070000000E+03    0.2798099976E+03    0.1000000000E+01    0.2797944336E+03   -0.5333862305E+00
  208    0.2080000000E+03    0.2798999939E+03    0.1000000000E+01    0.2797944336E+03   -0.5022583008E+00
  209    0.2090000000E+03    0.2799400024E+03    0.1000000000E+01    0.2797944336E+03   -0.2911376953E+00
  210    0.2100000000E+03    0.2794200134E+03    0.1000000000E+01    0.2794200134E+03    0.0000000000E+00
  211    0.2110000000E+03    0.2789700012E+03    0.1000000000E+01    0.2793904724E+03    0.0000000000E+00
  212    0.2120000000E+03    0.2786600037E+03    0.1000000000E+01    0.2793904724E+03   -0.8411254883E+00
  213    0.2130000000E+03    0.2783399963E+03    0.1000000000E+01    0.2793904724E+03   -0.2302062988E+01
  214    0.2140000000E+03    0.2783500061E+03    0.1000000000E+01    0.2793904724E+03   -0.4403015137E+01
  215    0.2150000000E+03    0.2784800110E+03    0.1000000000E+01    0.2793904724E+03   -0.6483947754E+01
  216    0.2160000000E+03    0.2790599976E+03    0.1000000000E+01    0.2793904724E+03   -0.8304870605E+01
  217    0.2170000000E+03    0.2791300049E+03    0.1000000000E+01    0.2793904724E+03   -0.8965820312E+01
  218    0.2180000000E+03    0.2795100098E+03    0.1000000000E+01    0.2793904724E+03   -0.9486755371E+01
  219    0.2190000000E+03    0.2792399902E+03    0.1000000000E+01    0.2793904724E+03   -0.9247680664E+01
  220    0.2200000000E+03    0.2796199951E+03    0.1000000000E+01    0.2793904724E+03   -0.9548645020E+01
  221    0.2210000000E+03    0.2797099915E+03    0.1000000000E+01    0.2793904724E+03   -0.9089599609E+01
  222    0.2220000000E+03    0.2792300110E+03    0.1000000000E+01    0.2793904724E+03   -0.8450561523E+01
  223    0.2230000000E+03    0.2791000061E+03    0.1000000000E+01    0.2793904724E+03   -0.8771484375E+01
  224    0.2240000000E+03    0.2790799866E+03    0.1000000000E+01    0.2793904724E+03   -0.9352416992E+01
  225    0.2250000000E+03    0.2796700134E+03    0.1000000000E+01    0.2793904724E+03   -0.9973388672E+01
  226    0.2260000000E+03    0.2803099976E+03    0.1000000000E+01    0.2793904724E+03   -0.9414306641E+01
  227    0.2270000000E+03    0.2803699951E+03    0.1000000000E+01    0.2793904724E+03   -0.7575256348E+01
  228    0.2280000000E+03    0.2802099915E+03    0.1000000000E+01    0.2793904724E+03   -0.5616210938E+01
  229    0.2290000000E+03    0.2803900146E+03    0.1000000000E+01    0.2793904724E+03   -0.3977172852E+01
  230    0.2300000000E+03    0.2802500000E+03    0.1000000000E+01    0.2793904724E+03   -0.1978088379E+01
  231    0.2310000000E+03    0.2795199890E+03    0.1000000000E+01    0.2793904724E+03   -0.2590332031E+00
  232    0.2320000000E+03    0.2793399963E+03    0.1000000000E+01    0.2793399963E+03    0.0000000000E+00
  233    0.2330000000E+03    0.2792300110E+03    0.1000000000E+01    0.2792300110E+03    0.0000000000E+00
  234    0.2340000000E+03    0.2789800110E+03    0.1000000000E+01    0.2792250061E+03    0.0000000000E+00
  235    0.2350000000E+03    0.2788800049E+03    0.1000000000E+01    0.2792250061E+03   -0.4899291992E+00
  236    0.2360000000E+03    0.2788800049E+03    0.1000000000E+01    0.2792250061E+03   -0.1179931641E+01
  237    0.2370000000E+03    0.2789299927E+03    0.1000000000E+01    0.2792250061E+03   -0.1869934082E+01
  238    0.2380000000E+03    0.2791600037E+03    0.1000000000E+01    0.2792250061E+03   -0.2459960938E+01
  239    0.2390000000E+03    0.2791099854E+03    0.1000000000E+01    0.2792250061E+03   -0.2589965820E+01
  240    0.2400000000E+03    0.2790100098E+03    0.1000000000E+01    0.2792250061E+03   -0.2820007324E+01
  241    0.2410000000E+03    0.2791000061E+03    0.1000000000E+01    0.2792250061E+03   -0.3250000000E+01
  242    0.2420000000E+03    0.2794100037E+03    0.1000000000E+01    0.2792250061E+03   -0.3500000000E+01
  243    0.2430000000E+03    0.2796300049E+03    0.1000000000E+01    0.2792250061E+03   -0.3130004883E+01
  244    0.2440000000E+03    0.2799200134E+03    0.1000000000E+01    0.2792250061E+03   -0.2320007324E+01
  245    0.2450000000E+03    0.2796900024E+03    0.1000000000E+01    0.2792250061E+03   -0.9299926758E+00
  246    0.2460000000E+03    0.2791199951E+03    0.1000000000E+01    0.2791199951E+03    0.0000000000E+00
  247    0.2470000000E+03    0.2787300110E+03    0.1000000000E+01    0.2787300110E+03    0.0000000000E+00
  248    0.2480000000E+03    0.2785299988E+03    0.1000000000E+01    0.2785299988E+03    0.0000000000E+00
  249    0.2490000000E+03    0.2783699951E+03    0.1000000000E+01    0.2783699951E+03    0.0000000000E+00
  250    0.2500000000E+03    0.2783200073E+03    0.1000000000E+01    0.2783200073E+03    0.0000000000E+00
  251    0.2510000000E+03    0.2661799927E+03    0.1000000000E+01    0.2661799927E+03    0.0000000000E+00
  252    0.2520000000E+03    0.2406300049E+03    0.1000000000E+01    0.2408200073E+03    0.0000000000E+00
  253    0.2530000000E+03    0.2409100037E+03    0.1000000000E+01    0.2408200073E+03   -0.3799743652E+00
  254    0.2540000000E+03    0.2409199982E+03    0.1000000000E+01    0.2408200073E+03   -0.1999816895E+00
  255    0.2550000000E+03    0.2399700012E+03    0.1000000000E+01    0.2400749969E+03    0.0000000000E+00
  256    0.2560000000E+03    0.2401799927E+03    0.1000000000E+01    0.2400749969E+03   -0.2099914551E+00
  257    0.2570000000E+03    0.2389199982E+03    0.1000000000E+01    0.2389199982E+03    0.0000000000E+00
  258    0.2580000000E+03    0.2384600067E+03    0.1000000000E+01    0.2388742828E+03    0.0000000000E+00
  259    0.2590000000E+03    0.2390000000E+03    0.1000000000E+01    0.2388742828E+03   -0.8286132812E+00
  260    0.2600000000E+03    0.2391100006E+03    0.1000000000E+01    0.2388742828E+03   -0.5771789551E+00
  261    0.2610000000E+03    0.2387400055E+03    0.1000000000E+01    0.2388742828E+03   -0.1057434082E+00
  262    0.2620000000E+03    0.2389700012E+03    0.1000000000E+01    0.2388742828E+03   -0.3742980957E+00
  263    0.2630000000E+03    0.2385800018E+03    0.1000000000E+01    0.2388742828E+03   -0.1828613281E+00
  264    0.2640000000E+03    0.2384199982E+03    0.1000000000E+01    0.2388742828E+03   -0.7714233398E+00
  265    0.2650000000E+03    0.2386999969E+03    0.1000000000E+01    0.2388742828E+03   -0.1679992676E+01
  266    0.2660000000E+03    0.2391399994E+03    0.1000000000E+01    0.2388742828E+03   -0.2028564453E+01
  267    0.2670000000E+03    0.2391699982E+03    0.1000000000E+01    0.2388742828E+03   -0.1497131348E+01
  268    0.2680000000E+03    0.2393099976E+03    0.1000000000E+01    0.2388742828E+03   -0.9057006836E+00
  269    0.2690000000E+03    0.2386499939E+03    0.1000000000E+01    0.2388742828E+03   -0.3427124023E-01
  270    0.2700000000E+03    0.2389499969E+03    0.1000000000E+01    0.2388742828E+03   -0.4828491211E+00
  271    0.2710000000E+03    0.2390399933E+03    0.1000000000E+01    0.2388742828E+03   -0.3314208984E+00
  272    0.2720000000E+03    0.2385299988E+03    0.1000000000E+01    0.2385299988E+03    0.0000000000E+00
  273    0.2730000000E+03    0.2383999939E+03    0.1000000000E+01    0.2383999939E+03    0.0000000000E+00
  274    0.2740000000E+03    0.2390200043E+03    0.1000000000E+01    0.2390200043E+03    0.0000000000E+00
  275    0.2750000000E+03    0.2396300049E+03    0.1000000000E+01    0.2395992889E+03    0.0000000000E+00
  276    0.2760000000E+03    0.2397299957E+03    0.1000000000E+01    0.2395992889E+03    0.6143188477E-01
  277    0.2770000000E+03    0.2400399933E+03    0.1000000000E+01    0.2395992889E+03    0.3228454590E+00
  278    0.2780000000E+03    0.2404700012E+03    0.1000000000E+01    0.2395992889E+03    0.1204254150E+01
  279    0.2790000000E+03    0.2405800018E+03    0.1000000000E+01    0.2395992889E+03    0.2945678711E+01
  280    0.2800000000E+03    0.2406100006E+03    0.1000000000E+01    0.2395992889E+03    0.4907104492E+01
  281    0.2810000000E+03    0.2403699951E+03    0.1000000000E+01    0.2395992889E+03    0.6928527832E+01
  282    0.2820000000E+03    0.2397700043E+03    0.1000000000E+01    0.2395992889E+03    0.8469940186E+01
  283    0.2830000000E+03    0.2390599976E+03    0.1000000000E+01    0.2395992889E+03    0.8811370850E+01
  284    0.2840000000E+03    0.2387700043E+03    0.1000000000E+01    0.2395992889E+03    0.7732788086E+01
  285    0.2850000000E+03    0.2385299988E+03    0.1000000000E+01    0.2395992889E+03    0.6074218750E+01
  286    0.2860000000E+03    0.2387400055E+03    0.1000000000E+01    0.2395992889E+03    0.3935638428E+01
  287    0.2870000000E+03    0.2390299988E+03    0.1000000000E+01    0.2395992889E+03    0.2217071533E+01
  288    0.2880000000E+03    0.2390599976E+03    0.1000000000E+01    0.2395992889E+03    0.1078491211E+01
  289    0.2890000000E+03    0.2405800018E+03    0.1000000000E+01    0.2405800018E+03    0.0000000000E+00
  290    0.2900000000E+03    0.2417799988E+03    0.1000000000E+01    0.2417799988E+03    0.0000000000E+00
  291    0.2910000000E+03    0.2418699951E+03    0.1000000000E+01    0.2418299866E+03    0.0000000000E+00
  292    0.2920000000E+03    0.2417899933E+03    0.1000000000E+01    0.2418299866E+03    0.8001708984E-01
  293    0.2930000000E+03    0.2418699951E+03    0.1000000000E+01    0.2418633270E+03    0.0000000000E+00
  294    0.2940000000E+03    0.2418699951E+03    0.1000000000E+01    0.2418633270E+03    0.1333618164E-01
  295    0.2950000000E+03    0.2418500061E+03    0.1000000000E+01    0.2418633270E+03    0.2667236328E-01
  296    0.2960000000E+03    0.2434600067E+03    0.1000000000E+01    0.2434600067E+03    0.0000000000E+00
  297    0.2970000000E+03    0.2469400024E+03    0.1000000000E+01    0.2469400024E+03    0.0000000000E+00
  298    0.2980000000E+03    0.2490599976E+03    0.1000000000E+01    0.2490599976E+03    0.0000000000E+00
  299    0.2990000000E+03    0.2493300018E+03    0.1000000000E+01    0.2493300018E+03    0.0000000000E+00
  300    0.3000000000E+03    0.2526600037E+03    0.1000000000E+01    0.2526600037E+03    0.0000000000E+00
  301    0.3010000000E+03    0.2570499878E+03    0.1000000000E+01    0.2570499878E+03    0.0000000000E+00
  302    0.3020000000E+03    0.2603699951E+03    0.1000000000E+01    0.2603699951E+03    0.0000000000E+00
  303    0.3030000000E+03    0.2618099976E+03    0.1000000000E+01    0.2618099976E+03    0.0000000000E+00
  304    0.3040000000E+03    0.2610199890E+03    0.1000000000E+01    0.2611300049E+03    0.0000000000E+00
  305    0.3050000000E+03    0.2612399902E+03    0.1000000000E+01    0.2611300049E+03   -0.2199707031E+00
  306    0.3060000000E+03    0.2569100037E+03    0.1000000000E+01    0.2569100037E+03    0.0000000000E+00
  307    0.3070000000E+03    0.2444700012E+03    0.1000000000E+01    0.2447449951E+03    0.0000000000E+00
  308    0.3080000000E+03    0.2450200043E+03    0.1000000000E+01    0.2447449951E+03   -0.5500183105E+00
  309    0.3090000000E+03    0.2441000061E+03    0.1000000000E+01    0.2441000061E+03    0.0000000000E+00
  310    0.3100000000E+03    0.2394799957E+03    0.1000000000E+01    0.2394799957E+03    0.0000000000E+00
  311    0.3110000000E+03    0.2350500031E+03    0.1000000000E+01    0.2350500031E+03    0.0000000000E+00
  312    0.3120000000E+03    0.2344799957E+03    0.1000000000E+01    0.2344799957E+03    0.0000000000E+00
  313    0.3130000000E+03    0.2356199951E+03    0.1000000000E+01    0.2356199951E+03    0.0000000000E+00
  314    0.3140000000E+03    0.2427500000E+03    0.1000000000E+01    0.2427500000E+03    0.0000000000E+00
  315    0.3150000000E+03    0.2472400055E+03    0.1000000000E+01    0.2472400055E+03    0.0000000000E+00
  316    0.3160000000E+03    0.2483699951E+03    0.1000000000E+01    0.2483699951E+03    0.0000000000E+00
  317    0.3170000000E+03    0.2530500031E+03    0.1000000000E+01    0.2530500031E+03    0.0000000000E+00
  318    0.3180000000E+03    0.2576199951E+03    0.1000000000E+01    0.2576199951E+03    0.0000000000E+00
  319    0.3190000000E+03    0.2537500000E+03    0.1000000000E+01    0.2537500000E+03    0.0000000000E+00
  320    0.3200000000E+03    0.2475700073E+03    0.1000000000E+01    0.2475700073E+03    0.0000000000E+00
  321    0.3210000000E+03    0.2418300018E+03    0.1000000000E+01    0.2423750000E+03    0.0000000000E+00
  322    0.3220000000E+03    0.2429199982E+03    0.1000000000E+01    0.2423750000E+03   -0.1089996338E+01
  323    0.3230000000E+03    0.2386999969E+03    0.1000000000E+01    0.2386999969E+03    0.0000000000E+00
  324    0.3240000000E+03    0.2317400055E+03    0.1000000000E+01    0.2349141235E+03    0.0000000000E+00
  325    0.3250000000E+03    0.2223999939E+03    0.1000000000E+01    0.2349141235E+03   -0.6348052979E+01
  326    0.3260000000E+03    0.2274900055E+03    0.1000000000E+01    0.2349141235E+03   -0.3137631226E+02
  327    0.3270000000E+03    0.2340599976E+03    0.1000000000E+01    0.2349141235E+03   -0.4622454834E+02
  328    0.3280000000E+03    0.2388600006E+03    0.1000000000E+01    0.2349141235E+03   -0.4793280029E+02
  329    0.3290000000E+03    0.2413699951E+03    0.1000000000E+01    0.2349141235E+03   -0.4004104614E+02
  330    0.3300000000E+03    0.2390200043E+03    0.1000000000E+01    0.2349141235E+03   -0.2712930298E+02
  331    0.3310000000E+03    0.2389600067E+03    0.1000000000E+01    0.2349141235E+03   -0.1891754150E+02
  332    0.3320000000E+03    0.2345599976E+03    0.1000000000E+01    0.2349141235E+03   -0.1082577515E+02
  333    0.3330000000E+03    0.2316499939E+03    0.1000000000E+01    0.2349141235E+03   -0.1153402710E+02
  334    0.3340000000E+03    0.2332899933E+03    0.1000000000E+01    0.2349141235E+03   -0.1806228638E+02
  335    0.3350000000E+03    0.2325200043E+03    0.1000000000E+01    0.2349141235E+03   -0.2131054688E+02
  336    0.3360000000E+03    0.2329400024E+03    0.1000000000E+01    0.2349141235E+03   -0.2609878540E+02
  337    0.3370000000E+03    0.2362299957E+03    0.1000000000E+01    0.2349141235E+03   -0.3004702759E+02
  338    0.3380000000E+03    0.2395800018E+03    0.1000000000E+01    0.2349141235E+03   -0.2741528320E+02
  339    0.3390000000E+03    0.2418000031E+03    0.1000000000E+01    0.2349141235E+03   -0.1808352661E+02
  340    0.3400000000E+03    0.2370700073E+03    0.1000000000E+01    0.2349141235E+03   -0.4311767578E+01
  341    0.3410000000E+03    0.2320500031E+03    0.1000000000E+01    0.2320500031E+03    0.0000000000E+00
  342    0.3420000000E+03    0.2280299988E+03    0.1000000000E+01    0.2280299988E+03    0.0000000000E+00
  343    0.3430000000E+03    0.2184499969E+03    0.1000000000E+01    0.2184499969E+03    0.0000000000E+00
  344    0.3440000000E+03    0.2114299927E+03    0.1000000000E+01    0.2114299927E+03    0.0000000000E+00
  345    0.3450000000E+03    0.2083500061E+03    0.1000000000E+01    0.2083500061E+03    0.0000000000E+00
  346    0.3460000000E+03    0.2056799927E+03    0.1000000000E+01    0.2056799927E+03    0.0000000000E+00
  347    0.3470000000E+03    0.2048399963E+03    0.1000000000E+01    0.2048399963E+03    0.0000000000E+00
  348    0.3480000000E+03    0.2022100067E+03    0.1000000000E+01    0.2025630035E+03    0.0000000000E+00
  349    0.3490000000E+03    0.2028589935E+03    0.1000000000E+01    0.2025630035E+03   -0.7059631348E+00
  350    0.3500000000E+03    0.2026199951E+03    0.1000000000E+01    0.2025630035E+03   -0.1139831543E+00
  351    0.3510000000E+03    0.1942799988E+03    0.1000000000E+01    0.1942799988E+03    0.0000000000E+00
  352    0.3520000000E+03    0.1846300049E+03    0.1000000000E+01    0.1846300049E+03    0.0000000000E+00
  353    0.3530000000E+03    0.1807899933E+03    0.1000000000E+01    0.1807899933E+03    0.0000000000E+00
  354    0.3540000000E+03    0.1763999939E+03    0.1000000000E+01    0.1777266693E+03    0.0000000000E+00
  355    0.3550000000E+03    0.1785000000E+03    0.1000000000E+01    0.1777266693E+03   -0.2653320312E+01
  356    0.3560000000E+03    0.1782799988E+03    0.1000000000E+01    0.1777266693E+03   -0.1106658936E+01
  357    0.3570000000E+03    0.1727200012E+03    0.1000000000E+01    0.1727200012E+03    0.0000000000E+00
  358    0.3580000000E+03    0.1637700043E+03    0.1000000000E+01    0.1637700043E+03    0.0000000000E+00
  359    0.3590000000E+03    0.1638099976E+03    0.1000000000E+01    0.1638099976E+03    0.0000000000E+00
  360    0.3600000000E+03    0.1678399963E+03    0.1000000000E+01    0.1678399963E+03    0.0000000000E+00
  361    0.3610000000E+03    0.1712400055E+03    0.1000000000E+01    0.1711350098E+03    0.0000000000E+00
  362    0.3620000000E+03    0.1710299988E+03    0.1000000000E+01    0.1711350098E+03    0.2099914551E+00
  363    0.3630000000E+03    0.1717409973E+03    0.1000000000E+01    0.1717409973E+03    0.0000000000E+00
  364    0.3640000000E+03    0.1719029999E+03    0.1000000000E+01    0.1718739929E+03    0.0000000000E+00
  365    0.3650000000E+03    0.1718450012E+03    0.1000000000E+01    0.1718739929E+03    0.5801391602E-01
  366    0.3660000000E+03    0.1719140015E+03    0.1000000000E+01    0.1719140015E+03    0.0000000000E+00
  367    0.3670000000E+03    0.1722599945E+03    0.1000000000E+01    0.1722599945E+03    0.0000000000E+00
  368    0.3680000000E+03    0.1739700012E+03    0.1000000000E+01    0.1739700012E+03    0.0000000000E+00
  369    0.3690000000E+03    0.1743139954E+03    0.1000000000E+01    0.1743139954E+03    0.0000000000E+00
  370    0.3700000000E+03    0.1771080017E+03    0.1000000000E+01    0.1771080017E+03    0.0000000000E+00
  371    0.3710000000E+03    0.1817779999E+03    0.1000000000E+01    0.1817779999E+03    0.0000000000E+00
  372    0.3720000000E+03    0.1854579926E+03    0.1000000000E+01    0.1854579926E+03    0.0000000000E+00
  373    0.3730000000E+03    0.1935269928E+03    0.1000000000E+01    0.1880898285E+03    0.0000000000E+00
  374    0.3740000000E+03    0.1939629974E+03    0.1000000000E+01    0.1880898285E+03    0.1087432861E+02
  375    0.3750000000E+03    0.1905469971E+03    0.1000000000E+01    0.1880898285E+03    0.2262066650E+02
  376    0.3760000000E+03    0.1849680023E+03    0.1000000000E+01    0.1880898285E+03    0.2753500366E+02
  377    0.3770000000E+03    0.1818099976E+03    0.1000000000E+01    0.1880898285E+03    0.2129135132E+02
  378    0.3780000000E+03    0.1837239990E+03    0.1000000000E+01    0.1880898285E+03    0.8731689453E+01
  379    0.3790000000E+03    0.1894889984E+03    0.1000000000E+01    0.1894889984E+03    0.0000000000E+00
  380    0.3800000000E+03    0.1940599976E+03    0.1000000000E+01    0.1940599976E+03    0.0000000000E+00
  381    0.3810000000E+03    0.1959499969E+03    0.1000000000E+01    0.1959499969E+03    0.0000000000E+00
  382    0.3820000000E+03    0.2007539978E+03    0.1000000000E+01    0.1984144897E+03    0.0000000000E+00
  383    0.3830000000E+03    0.1960749969E+03    0.1000000000E+01    0.1984144897E+03    0.4679016113E+01
  384    0.3840000000E+03    0.1986109924E+03    0.1000000000E+01    0.1986109924E+03    0.0000000000E+00
  385    0.3850000000E+03    0.2005299988E+03    0.1000000000E+01    0.2004750061E+03    0.0000000000E+00
  386    0.3860000000E+03    0.2004199982E+03    0.1000000000E+01    0.2004750061E+03    0.1099853516E+00
  387    0.3870000000E+03    0.2037799988E+03    0.1000000000E+01    0.2037799988E+03    0.0000000000E+00
  388    0.3880000000E+03    0.2073399963E+03    0.1000000000E+01    0.2066059875E+03    0.0000000000E+00
  389    0.3890000000E+03    0.2058719940E+03    0.1000000000E+01    0.2066059875E+03    0.1468017578E+01
  390    0.3900000000E+03    0.2111900024E+03    0.1000000000E+01    0.2111900024E+03    0.0000000000E+00
  391    0.3910000000E+03    0.2259799957E+03    0.1000000000E+01    0.2194439850E+03    0.0000000000E+00
  392    0.3920000000E+03    0.2236799927E+03    0.1000000000E+01    0.2194439850E+03    0.1307202148E+02
  393    0.3930000000E+03    0.2196600037E+03    0.1000000000E+01    0.2194439850E+03    0.2154403687E+02
  394    0.3940000000E+03    0.2143800049E+03    0.1000000000E+01    0.2194439850E+03    0.2197607422E+02
  395    0.3950000000E+03    0.2135200043E+03    0.1000000000E+01    0.2194439850E+03    0.1184811401E+02
  396    0.3960000000E+03    0.2200700073E+03    0.1000000000E+01    0.2200700073E+03    0.0000000000E+00
  397    0.3970000000E+03    0.2264100037E+03    0.1000000000E+01    0.2241770020E+03    0.0000000000E+00
  398    0.3980000000E+03    0.2289109955E+03    0.1000000000E+01    0.2241770020E+03    0.4466003418E+01
  399    0.3990000000E+03    0.2204510040E+03    0.1000000000E+01    0.2241770020E+03    0.1393399048E+02
  400    0.4000000000E+03    0.2209360046E+03    0.1000000000E+01    0.2241770020E+03    0.6481994629E+01
  401    0.4010000000E+03    0.2302019958E+03    0.1000000000E+01    0.2302019958E+03    0.0000000000E+00
  402    0.4020000000E+03    0.2335939941E+03    0.1000000000E+01    0.2335939941E+03    0.0000000000E+00
  403    0.4030000000E+03    0.2373150024E+03    0.1000000000E+01    0.2371755066E+03    0.0000000000E+00
  404    0.4040000000E+03    0.2370359955E+03    0.1000000000E+01    0.2371755066E+03    0.2789916992E+00
  405    0.4050000000E+03    0.2401230011E+03    0.1000000000E+01    0.2401230011E+03    0.0000000000E+00
  406    0.4060000000E+03    0.2416439972E+03    0.1000000000E+01    0.2416439972E+03    0.0000000000E+00
  407    0.4070000000E+03    0.2394089966E+03    0.1000000000E+01    0.2394089966E+03    0.0000000000E+00
  408    0.4080000000E+03    0.2345939941E+03    0.1000000000E+01    0.2374409943E+03    0.0000000000E+00
  409    0.4090000000E+03    0.2402879944E+03    0.1000000000E+01    0.2374409943E+03   -0.5694000244E+01
  410    0.4100000000E+03    0.2294109955E+03    0.1000000000E+01    0.2294109955E+03    0.0000000000E+00
  411    0.4110000000E+03    0.2231900024E+03    0.1000000000E+01    0.2231900024E+03    0.0000000000E+00
  412    0.4120000000E+03    0.2175299988E+03    0.1000000000E+01    0.2175299988E+03    0.0000000000E+00
  413    0.4130000000E+03    0.2088399963E+03    0.1000000000E+01    0.2088399963E+03    0.0000000000E+00
  414    0.4140000000E+03    0.1973800049E+03    0.1000000000E+01    0.1973800049E+03    0.0000000000E+00
  415    0.4150000000E+03    0.1873699951E+03    0.1000000000E+01    0.1873699951E+03    0.0000000000E+00
  416    0.4160000000E+03    0.1820299988E+03    0.1000000000E+01    0.1861240082E+03    0.0000000000E+00
  417    0.4170000000E+03    0.1814600067E+03    0.1000000000E+01    0.1861240082E+03   -0.8187957764E+01
  418    0.4180000000E+03    0.1840700073E+03    0.1000000000E+01    0.1861240082E+03   -0.1751596069E+02
  419    0.4190000000E+03    0.1902510071E+03    0.1000000000E+01    0.1861240082E+03   -0.2162396240E+02
  420    0.4200000000E+03    0.1903329926E+03    0.1000000000E+01    0.1861240082E+03   -0.1336996460E+02
  421    0.4210000000E+03    0.1886000061E+03    0.1000000000E+01    0.1861240082E+03   -0.4951995850E+01
  422    0.4220000000E+03    0.1846999969E+03    0.1000000000E+01    0.1846999969E+03    0.0000000000E+00
  423    0.4230000000E+03    0.1805000000E+03    0.1000000000E+01    0.1805000000E+03    0.0000000000E+00
  424    0.4240000000E+03    0.1771999969E+03    0.1000000000E+01    0.1791149902E+03    0.0000000000E+00
  425    0.4250000000E+03    0.1810299988E+03    0.1000000000E+01    0.1791149902E+03   -0.3830017090E+01
  426    0.4260000000E+03    0.1756300049E+03    0.1000000000E+01    0.1756300049E+03    0.0000000000E+00
  427    0.4270000000E+03    0.1735399933E+03    0.1000000000E+01    0.1735399933E+03    0.0000000000E+00
  428    0.4280000000E+03    0.1725000000E+03    0.1000000000E+01    0.1725000000E+03    0.0000000000E+00
  429    0.4290000000E+03    0.1711999969E+03    0.1000000000E+01    0.1711999969E+03    0.0000000000E+00
  430    0.4300000000E+03    0.1696199951E+03    0.1000000000E+01    0.1696199951E+03    0.0000000000E+00
  431    0.4310000000E+03    0.1632100067E+03    0.1000000000E+01    0.1632100067E+03    0.0000000000E+00
  432    0.4320000000E+03    0.1616000061E+03    0.1000000000E+01    0.1616000061E+03    0.0000000000E+00
  433    0.4330000000E+03    0.1575599976E+03    0.1000000000E+01    0.1575599976E+03    0.0000000000E+00
  434    0.4340000000E+03    0.1532899933E+03    0.1000000000E+01    0.1535839996E+03    0.0000000000E+00
  435    0.4350000000E+03    0.1490000000E+03    0.1000000000E+01    0.1535839996E+03   -0.5880126953E+00
  436    0.4360000000E+03    0.1536100006E+03    0.1000000000E+01    0.1535839996E+03   -0.9756011963E+01
  437    0.4370000000E+03    0.1572200012E+03    0.1000000000E+01    0.1535839996E+03   -0.9704010010E+01
  438    0.4380000000E+03    0.1548000031E+03    0.1000000000E+01    0.1535839996E+03   -0.2432006836E+01
  439    0.4390000000E+03    0.1527299957E+03    0.1000000000E+01    0.1527299957E+03    0.0000000000E+00
  440    0.4400000000E+03    0.1502599945E+03    0.1000000000E+01    0.1502599945E+03    0.0000000000E+00
  441    0.4410000000E+03    0.1498600006E+03    0.1000000000E+01    0.1498600006E+03    0.0000000000E+00
  442    0.4420000000E+03    0.1496900024E+03    0.1000000000E+01    0.1496900024E+03    0.0000000000E+00
  443    0.4430000000E+03    0.1476600037E+03    0.1000000000E+01    0.1476600037E+03    0.0000000000E+00
  444    0.4440000000E+03    0.1433800049E+03    0.1000000000E+01    0.1434700012E+03    0.0000000000E+00
  445    0.4450000000E+03    0.1407599945E+03    0.1000000000E+01    0.1434700012E+03   -0.1799926758E+00
  446    0.4460000000E+03    0.1441699982E+03    0.1000000000E+01    0.1434700012E+03   -0.5600006104E+01
  447    0.4470000000E+03    0.1455700073E+03    0.1000000000E+01    0.1434700012E+03   -0.4200012207E+01
  448    0.4480000000E+03    0.1421000061E+03    0.1000000000E+01    0.1421000061E+03    0.0000000000E+00
  449    0.4490000000E+03    0.1389400024E+03    0.1000000000E+01    0.1389400024E+03    0.0000000000E+00
  450    0.4500000000E+03    0.1376999969E+03    0.1000000000E+01    0.1376999969E+03    0.0000000000E+00
  451    0.4510000000E+03    0.1320000000E+03    0.1000000000E+01    0.1320000000E+03    0.0000000000E+00
  452    0.4520000000E+03    0.1313200073E+03    0.1000000000E+01    0.1313200073E+03    0.0000000000E+00
  453    0.4530000000E+03    0.1256299973E+03    0.1000000000E+01    0.1256299973E+03    0.0000000000E+00
  454    0.4540000000E+03    0.1219599991E+03    0.1000000000E+01    0.1229400024E+03    0.0000000000E+00
  455    0.4550000000E+03    0.1239199982E+03    0.1000000000E+01    0.1229400024E+03   -0.1959991455E+01
  456    0.4560000000E+03    0.1186100006E+03    0.1000000000E+01    0.1186100006E+03    0.0000000000E+00
  457    0.4570000000E+03    0.1127099991E+03    0.1000000000E+01    0.1127099991E+03    0.0000000000E+00
  458    0.4580000000E+03    0.1093099976E+03    0.1000000000E+01    0.1093099976E+03    0.0000000000E+00
  459    0.4590000000E+03    0.1125299988E+03    0.1000000000E+01    0.1125299988E+03    0.0000000000E+00
  460    0.4600000000E+03    0.1237699966E+03    0.1000000000E+01    0.1237699966E+03    0.0000000000E+00
  461    0.4610000000E+03    0.1248300018E+03    0.1000000000E+01    0.1248300018E+03    0.0000000000E+00
  462    0.4620000000E+03    0.1280800018E+03    0.1000000000E+01    0.1280800018E+03    0.0000000000E+00
  463    0.4630000000E+03    0.1380700073E+03    0.1000000000E+01    0.1376300049E+03    0.0000000000E+00
  464    0.4640000000E+03    0.1383999939E+03    0.1000000000E+01    0.1376300049E+03    0.8800048828E+00
  465    0.4650000000E+03    0.1364199982E+03    0.1000000000E+01    0.1376300049E+03    0.2419982910E+01
  466    0.4660000000E+03    0.1421499939E+03    0.1000000000E+01    0.1421499939E+03    0.0000000000E+00
  467    0.4670000000E+03    0.1439600067E+03    0.1000000000E+01    0.1434600067E+03    0.0000000000E+00
  468    0.4680000000E+03    0.1444700012E+03    0.1000000000E+01    0.1434600067E+03    0.1000000000E+01
  469    0.4690000000E+03    0.1424400024E+03    0.1000000000E+01    0.1434600067E+03    0.3019989014E+01
  470    0.4700000000E+03    0.1429700012E+03    0.1000000000E+01    0.1434600067E+03    0.9799804688E+00
  471    0.4710000000E+03    0.1467400055E+03    0.1000000000E+01    0.1467400055E+03    0.0000000000E+00
  472    0.4720000000E+03    0.1498500061E+03    0.1000000000E+01    0.1475622406E+03    0.0000000000E+00
  473    0.4730000000E+03    0.1521100006E+03    0.1000000000E+01    0.1475622406E+03    0.4575531006E+01
  474    0.4740000000E+03    0.1508500061E+03    0.1000000000E+01    0.1475622406E+03    0.1367105103E+02
  475    0.4750000000E+03    0.1507100067E+03    0.1000000000E+01    0.1475622406E+03    0.2024658203E+02
  476    0.4760000000E+03    0.1486100006E+03    0.1000000000E+01    0.1475622406E+03    0.2654211426E+02
  477    0.4770000000E+03    0.1469799957E+03    0.1000000000E+01    0.1475622406E+03    0.2863763428E+02
  478    0.4780000000E+03    0.1426399994E+03    0.1000000000E+01    0.1475622406E+03    0.2747314453E+02
  479    0.4790000000E+03    0.1423800049E+03    0.1000000000E+01    0.1475622406E+03    0.1762866211E+02
  480    0.4800000000E+03    0.1439299927E+03    0.1000000000E+01    0.1475622406E+03    0.7264190674E+01
  481    0.4810000000E+03    0.1505399933E+03    0.1000000000E+01    0.1505399933E+03    0.0000000000E+00
  482    0.4820000000E+03    0.1528000031E+03    0.1000000000E+01    0.1528000031E+03    0.0000000000E+00
  483    0.4830000000E+03    0.1592299957E+03    0.1000000000E+01    0.1592299957E+03    0.0000000000E+00
  484    0.4840000000E+03    0.1629900055E+03    0.1000000000E+01    0.1626780090E+03    0.0000000000E+00
  485    0.4850000000E+03    0.1666600037E+03    0.1000000000E+01    0.1626780090E+03    0.6239929199E+00
  486    0.4860000000E+03    0.1628800049E+03    0.1000000000E+01    0.1626780090E+03    0.8587982178E+01
  487    0.4870000000E+03    0.1608999939E+03    0.1000000000E+01    0.1626780090E+03    0.8991973877E+01
  488    0.4880000000E+03    0.1599600067E+03    0.1000000000E+01    0.1626780090E+03    0.5435943604E+01
  489    0.4890000000E+03    0.1644600067E+03    0.1000000000E+01    0.1644600067E+03    0.0000000000E+00
  490    0.4900000000E+03    0.1661999969E+03    0.1000000000E+01    0.1661999969E+03    0.0000000000E+00
  491    0.4910000000E+03    0.1775399933E+03    0.1000000000E+01    0.1775399933E+03    0.0000000000E+00
  492    0.4920000000E+03    0.1828800049E+03    0.1000000000E+01    0.1795966644E+03    0.0000000000E+00
  493    0.4930000000E+03    0.1800899963E+03    0.1000000000E+01    0.1795966644E+03    0.6566680908E+01
  494    0.4940000000E+03    0.1758200073E+03    0.1000000000E+01    0.1795966644E+03    0.7553344727E+01
  495    0.4950000000E+03    0.1833000031E+03    0.1000000000E+01    0.1833000031E+03    0.0000000000E+00
  496    0.4960000000E+03    0.1878200073E+03    0.1000000000E+01    0.1878200073E+03    0.0000000000E+00
  497    0.4970000000E+03    0.1869499969E+03    0.1000000000E+01    0.1869499969E+03    0.0000000000E+00
  498    0.4980000000E+03    0.1776799927E+03    0.1000000000E+01    0.1776799927E+03    0.0000000000E+00
  499    0.4990000000E+03    0.1705099945E+03    0.1000000000E+01    0.1748224945E+03    0.0000000000E+00
  500    0.5000000000E+03    0.1696499939E+03    0.1000000000E+01    0.1748224945E+03   -0.8625061035E+01
  501    0.5010000000E+03    0.1683999939E+03    0.1000000000E+01    0.1748224945E+03   -0.1897006226E+02
  502    0.5020000000E+03    0.1738800049E+03    0.1000000000E+01    0.1748224945E+03   -0.3181506348E+02
  503    0.5030000000E+03    0.1808500061E+03    0.1000000000E+01    0.1748224945E+03   -0.3370004272E+02
  504    0.5040000000E+03    0.1825800018E+03    0.1000000000E+01    0.1748224945E+03   -0.2164501953E+02
  505    0.5050000000E+03    0.1773699951E+03    0.1000000000E+01    0.1748224945E+03   -0.6130004883E+01
  506    0.5060000000E+03    0.1753399963E+03    0.1000000000E+01    0.1748224945E+03   -0.1035003662E+01
  507    0.5070000000E+03    0.1713399963E+03    0.1000000000E+01    0.1713399963E+03    0.0000000000E+00
  508    0.5080000000E+03    0.1700800018E+03    0.1000000000E+01    0.1700800018E+03    0.0000000000E+00
  509    0.5090000000E+03    0.1571499939E+03    0.1000000000E+01    0.1571499939E+03    0.0000000000E+00
  510    0.5100000000E+03    0.1553000031E+03    0.1000000000E+01    0.1553000031E+03    0.0000000000E+00
  511    0.5110000000E+03    0.1626799927E+03    0.1000000000E+01    0.1590599976E+03    0.0000000000E+00
  512    0.5120000000E+03    0.1594700012E+03    0.1000000000E+01    0.1590599976E+03    0.7239990234E+01
  513    0.5130000000E+03    0.1571499939E+03    0.1000000000E+01    0.1590599976E+03    0.8059997559E+01
  514    0.5140000000E+03    0.1587400055E+03    0.1000000000E+01    0.1590599976E+03    0.4239990234E+01
  515    0.5150000000E+03    0.1572599945E+03    0.1000000000E+01    0.1590599976E+03    0.3600006104E+01
  516    0.5160000000E+03    0.1596499939E+03    0.1000000000E+01    0.1596499939E+03    0.0000000000E+00
  517    0.5170000000E+03    0.1651199951E+03    0.1000000000E+01    0.1651199951E+03    0.0000000000E+00
  518    0.5180000000E+03    0.1696100006E+03    0.1000000000E+01    0.1652599945E+03    0.0000000000E+00
  519    0.5190000000E+03    0.1624499969E+03    0.1000000000E+01    0.1652599945E+03    0.8700012207E+01
  520    0.5200000000E+03    0.1637200012E+03    0.1000000000E+01    0.1652599945E+03    0.3080017090E+01
  521    0.5210000000E+03    0.1677400055E+03    0.1000000000E+01    0.1677400055E+03    0.0000000000E+00
  522    0.5220000000E+03    0.1710299988E+03    0.1000000000E+01    0.1710299988E+03    0.0000000000E+00
  523    0.5230000000E+03    0.1809799957E+03    0.1000000000E+01    0.1809799957E+03    0.0000000000E+00
  524    0.5240000000E+03    0.1901300049E+03    0.1000000000E+01    0.1890350037E+03    0.0000000000E+00
  525    0.5250000000E+03    0.1879400024E+03    0.1000000000E+01    0.1890350037E+03    0.2190002441E+01
  526    0.5260000000E+03    0.1945599976E+03    0.1000000000E+01    0.1945599976E+03    0.0000000000E+00
  527    0.5270000000E+03    0.1964199982E+03    0.1000000000E+01    0.1964199982E+03    0.0000000000E+00
  528    0.5280000000E+03    0.1921900024E+03    0.1000000000E+01    0.1940200043E+03    0.0000000000E+00
  529    0.5290000000E+03    0.1934600067E+03    0.1000000000E+01    0.1940200043E+03   -0.3660003662E+01
  530    0.5300000000E+03    0.1964100037E+03    0.1000000000E+01    0.1940200043E+03   -0.4779998779E+01
  531    0.5310000000E+03    0.1821399994E+03    0.1000000000E+01    0.1821399994E+03    0.0000000000E+00
  532    0.5320000000E+03    0.1749700012E+03    0.1000000000E+01    0.1749700012E+03    0.0000000000E+00
  533    0.5330000000E+03    0.1723800049E+03    0.1000000000E+01    0.1723800049E+03    0.0000000000E+00
  534    0.5340000000E+03    0.1649700012E+03    0.1000000000E+01    0.1649700012E+03    0.0000000000E+00
  535    0.5350000000E+03    0.1651300049E+03    0.1000000000E+01    0.1651300049E+03    0.0000000000E+00
  536    0.5360000000E+03    0.1684100037E+03    0.1000000000E+01    0.1684100037E+03    0.0000000000E+00
  537    0.5370000000E+03    0.1726499939E+03    0.1000000000E+01    0.1724799957E+03    0.0000000000E+00
  538    0.5380000000E+03    0.1723099976E+03    0.1000000000E+01    0.1724799957E+03    0.3399963379E+00
  539    0.5390000000E+03    0.1779600067E+03    0.1000000000E+01    0.1778999939E+03    0.0000000000E+00
  540    0.5400000000E+03    0.1827200012E+03    0.1000000000E+01    0.1778999939E+03    0.1200256348E+00
  541    0.5410000000E+03    0.1808999939E+03    0.1000000000E+01    0.1778999939E+03    0.9760040283E+01
  542    0.5420000000E+03    0.1777799988E+03    0.1000000000E+01    0.1778999939E+03    0.1576004028E+02
  543    0.5430000000E+03    0.1723800049E+03    0.1000000000E+01    0.1778999939E+03    0.1552005005E+02
  544    0.5440000000E+03    0.1756600037E+03    0.1000000000E+01    0.1778999939E+03    0.4480072021E+01
  545    0.5450000000E+03    0.1809499969E+03    0.1000000000E+01    0.1809499969E+03    0.0000000000E+00
  546    0.5460000000E+03    0.1855099945E+03    0.1000000000E+01    0.1855099945E+03    0.0000000000E+00
  547    0.5470000000E+03    0.1917700043E+03    0.1000000000E+01    0.1917700043E+03    0.0000000000E+00
  548    0.5480000000E+03    0.1943399963E+03    0.1000000000E+01    0.1943399963E+03    0.0000000000E+00
  549    0.5490000000E+03    0.1846499939E+03    0.1000000000E+01    0.1846499939E+03    0.0000000000E+00
  550    0.5500000000E+03    0.1652899933E+03    0.1000000000E+01    0.1652899933E+03    0.0000000000E+00
  551    0.5510000000E+03    0.1526799927E+03    0.1000000000E+01    0.1538899994E+03    0.0000000000E+00
  552    0.5520000000E+03    0.1551000061E+03    0.1000000000E+01    0.1538899994E+03   -0.2420013428E+01
  553    0.5530000000E+03    0.1532500000E+03    0.1000000000E+01    0.1538200073E+03    0.0000000000E+00
  554    0.5540000000E+03    0.1439499969E+03    0.1000000000E+01    0.1538200073E+03   -0.1139373779E+01
  555    0.5550000000E+03    0.1461699982E+03    0.1000000000E+01    0.1538200073E+03   -0.2087939453E+02
  556    0.5560000000E+03    0.1544700012E+03    0.1000000000E+01    0.1538200073E+03   -0.3617941284E+02
  557    0.5570000000E+03    0.1547700043E+03    0.1000000000E+01    0.1538200073E+03   -0.3487942505E+02
  558    0.5580000000E+03    0.1508200073E+03    0.1000000000E+01    0.1538200073E+03   -0.3297943115E+02
  559    0.5590000000E+03    0.1495500031E+03    0.1000000000E+01    0.1538200073E+03   -0.3897943115E+02
  560    0.5600000000E+03    0.1491399994E+03    0.1000000000E+01    0.1538200073E+03   -0.4751943970E+02
  561    0.5610000000E+03    0.1524799957E+03    0.1000000000E+01    0.1538200073E+03   -0.5687945557E+02
  562    0.5620000000E+03    0.1502299957E+03    0.1000000000E+01    0.1538200073E+03   -0.5955947876E+02
  563    0.5630000000E+03    0.1480800018E+03    0.1000000000E+01    0.1538200073E+03   -0.6673950195E+02
  564    0.5640000000E+03    0.1491300049E+03    0.1000000000E+01    0.1538200073E+03   -0.7821951294E+02
  565    0.5650000000E+03    0.1492299957E+03    0.1000000000E+01    0.1538200073E+03   -0.8759951782E+02
  566    0.5660000000E+03    0.1479199982E+03    0.1000000000E+01    0.1538200073E+03   -0.9677954102E+02
  567    0.5670000000E+03    0.1491900024E+03    0.1000000000E+01    0.1538200073E+03   -0.1085795593E+03
  568    0.5680000000E+03    0.1482299957E+03    0.1000000000E+01    0.1538200073E+03   -0.1178395691E+03
  569    0.5690000000E+03    0.1504199982E+03    0.1000000000E+01    0.1538200073E+03   -0.1290195923E+03
  570    0.5700000000E+03    0.1526199951E+03    0.1000000000E+01    0.1538200073E+03   -0.1358196106E+03
  571    0.5710000000E+03    0.1546699982E+03    0.1000000000E+01    0.1538200073E+03   -0.1382196350E+03
  572    0.5720000000E+03    0.1542200012E+03    0.1000000000E+01    0.1538200073E+03   -0.1365196533E+03
  573    0.5730000000E+03    0.1566100006E+03    0.1000000000E+01    0.1538200073E+03   -0.1357196655E+03
  574    0.5740000000E+03    0.1606399994E+03    0.1000000000E+01    0.1538200073E+03   -0.1301396790E+03
  575    0.5750000000E+03    0.1589199982E+03    0.1000000000E+01    0.1538200073E+03   -0.1164996948E+03
  576    0.5760000000E+03    0.1558699951E+03    0.1000000000E+01    0.1538200073E+03   -0.1062997131E+03
  577    0.5770000000E+03    0.1574600067E+03    0.1000000000E+01    0.1538200073E+03   -0.1021997375E+03
  578    0.5780000000E+03    0.1571999969E+03    0.1000000000E+01    0.1538200073E+03   -0.9491973877E+02
  579    0.5790000000E+03    0.1600200043E+03    0.1000000000E+01    0.1538200073E+03   -0.8815975952E+02
  580    0.5800000000E+03    0.1607299957E+03    0.1000000000E+01    0.1538200073E+03   -0.7575976562E+02
  581    0.5810000000E+03    0.1587400055E+03    0.1000000000E+01    0.1538200073E+03   -0.6193978882E+02
  582    0.5820000000E+03    0.1594799957E+03    0.1000000000E+01    0.1538200073E+03   -0.5209979248E+02
  583    0.5830000000E+03    0.1595200043E+03    0.1000000000E+01    0.1538200073E+03   -0.4077981567E+02
  584    0.5840000000E+03    0.1566799927E+03    0.1000000000E+01    0.1538200073E+03   -0.2937982178E+02
  585    0.5850000000E+03    0.1558999939E+03    0.1000000000E+01    0.1538200073E+03   -0.2365985107E+02
  586    0.5860000000E+03    0.1577899933E+03    0.1000000000E+01    0.1538200073E+03   -0.1949987793E+02
  587    0.5870000000E+03    0.1562500000E+03    0.1000000000E+01    0.1538200073E+03   -0.1155990601E+02
  588    0.5880000000E+03    0.1540500031E+03    0.1000000000E+01    0.1538200073E+03   -0.6699920654E+01
  589    0.5890000000E+03    0.1528800049E+03    0.1000000000E+01    0.1538200073E+03   -0.6239929199E+01
  590    0.5900000000E+03    0.1536000061E+03    0.1000000000E+01    0.1538200073E+03   -0.8119934082E+01
  591    0.5910000000E+03    0.1527100067E+03    0.1000000000E+01    0.1538200073E+03   -0.8559936523E+01
  592    0.5920000000E+03    0.1516000061E+03    0.1000000000E+01    0.1538200073E+03   -0.1077993774E+02
  593    0.5930000000E+03    0.1515200043E+03    0.1000000000E+01    0.1538200073E+03   -0.1521994019E+02
  594    0.5940000000E+03    0.1541600037E+03    0.1000000000E+01    0.1538200073E+03   -0.1981994629E+02
  595    0.5950000000E+03    0.1553000031E+03    0.1000000000E+01    0.1538200073E+03   -0.1913995361E+02
  596    0.5960000000E+03    0.1549900055E+03    0.1000000000E+01    0.1538200073E+03   -0.1617996216E+02
  597    0.5970000000E+03    0.1559299927E+03    0.1000000000E+01    0.1538200073E+03   -0.1383996582E+02
  598    0.5980000000E+03    0.1586300049E+03    0.1000000000E+01    0.1538200073E+03   -0.9619995117E+01
