An input file to xFIG12.f.  This input file should run about 1 minute.
100 100   1  1  0.5 1211
100 100  10  1  0.5 1211    The minimum time can be increased
100 100  20  1  0.5 1211    to make the timing more reliable.    
100 100  40  1  0.5 1211
100 100  60  1  0.5 1211    Each line includes:
100 100  80  1  0.5 1211    M N RANK SCALING(1,2,3) MIN_TIME SEED
100 100  90  1  0.5 1211    The final line should be:
100 100  95  1  0.5 1211      0 0 0 0 0 0
100 100 100  1  0.5 1211
100 100   1  1  0.5 1212    Repeat runs four times.
100 100  10  1  0.5 1212
100 100  20  1  0.5 1212
100 100  40  1  0.5 1212
100 100  60  1  0.5 1212
100 100  80  1  0.5 1212
100 100  90  1  0.5 1212
100 100  95  1  0.5 1212
100 100 100  1  0.5 1212
100 100   1  1  0.5 1213    Repeat third time.
100 100  10  1  0.5 1213
100 100  20  1  0.5 1213
100 100  40  1  0.5 1213
100 100  60  1  0.5 1213
100 100  80  1  0.5 1213
100 100  90  1  0.5 1213
100 100  95  1  0.5 1213
100 100 100  1  0.5 1213
100 100   1  1  0.5 1214    Repeat last time.
100 100  10  1  0.5 1214
100 100  20  1  0.5 1214
100 100  40  1  0.5 1214
100 100  60  1  0.5 1214
100 100  80  1  0.5 1214
100 100  90  1  0.5 1214
100 100  95  1  0.5 1214
100 100 100  1  0.5 1214
0 0 0 0 0 0
