An input file to xFIG3.f that can be used to produce Figure 3.
250 300  10 1 200 1212
250 300  20 1 200 1212    xFIG3.f may run several hours with this input file.
250 300  30 1 200 1212
250 300  40 1 200 1212    Each line includes:
250 300  50 1 200 1212    M N RANK SCALING(1,2,3) NUMBER_OF_REPITITIONS SEED
250 300  60 1 200 1212    The final line should be:
250 300  70 1 200 1212     0 0 0 0 0 0
250 300  80 1 200 1212
250 300  90 1 200 1212
250 300 100 1 200 1212
250 300 110 1 200 1212
250 300 120 1 200 1212
250 300 130 1 200 1212
250 300 140 1 200 1212
250 300 150 1 200 1212
250 300 160 1 200 1212
250 300 170 1 200 1212
250 300 180 1 200 1212
250 300 190 1 200 1212
250 300 200 1 200 1212
250 300 210 1 200 1212
250 300 220 1 200 1212
250 300 230 1 200 1212
250 300 240 1 200 1212
250 300 250 1 200 1212
0  0   0  0  0   0
