0.0378593198406116
0.102635633102435
-0.0258678882665587
0.314241403071477
-0.130144459517415
0.106417700369543
-0.00879424312851058
0.207305069056835
0.091719152624462
0.183983170005006
-0.056534365832888
0.004914688774713
0.143761127168358
0.328567693746804
-0.196411466486454
5.0000000000000000e-01
   5.0000000000000000e+03
  -3.4790957088547336e-01
  -1.9822914599675923e-01
  -9.1633189192763642e-01
   1.0000000000000000e+00
   0.0000000000000000e+00
   0.0000000000000000e+00
   0.0000000000000000e+00
   1.0000000000000000e+00
   0.0000000000000000e+00
   0.0000000000000000e+00
   0.0000000000000000e+00
   1.0000000000000000e+00
   1.0000000000000000e+00
   1.0126869887825154e+00
   3.3062374224730378e+00
   9.5586303547238536e-05
   4.8777318247201465e-04
  -8.6772148817192390e-04
