  -0.6098607593029360
   0.7616609479723810
   0.2189576548016980
   1.0000000000000000
   0.0000000000000000
   0.0000000000000000
   0.0000000000000000
   1.0000000000000000
   0.0000000000000000
   0.0000000000000000
   0.0000000000000000
   1.0000000000000000
   0.0000000000000000
  -0.7180264593183403
   0.6586871036009849
   0.2248761954243105
   0.7692177692094841
  -0.1481105790281813
  -0.6215844913704990
  -0.2829549086464159
   0.7932399916003806
  -0.5391723614937309
   0.5729228073704897
   0.5906213440993857
   0.5682656814281078
   1.0000000000000000
  -0.8114987055217984
   0.5369225616472163
   0.2306165946557972
   0.3776699584263735
  -0.5485992183493477
  -0.7459251303775106
  -0.7796120190596756
   0.2462365205403585
  -0.5758234761538240
   0.4995703176129636
   0.7990034252609075
  -0.3346984077963626
   2.0000000000000000
  -0.8863768239631579
   0.3985310449927773
   0.2356037608315059
   0.2126352919512745
  -0.8602814537834539
  -0.4633595287603604
  -0.9643997670012326
  -0.2610690417557387
   4.2143147066974362E-02
  -0.1572237959876445
   0.4379027011939610
  -0.8851677254974156
   3.0000000000000000
  -0.9390187870472241
   0.2469355671152407
   0.2393042901116356
   0.3106058200230029
  -0.9350903100934574
  -0.1706755299893912
  -0.5132309585245823
  -0.3161156860372177
   0.7979128124382748
  -0.8000737514628112
  -0.1602403975611045
  -0.5781046680400382
   4.0000000000000000
  -0.9665645063397353
   8.6755533576267696E-02
   0.2413017457005236
   0.4480433516670781
  -0.8916651291287466
  -6.4733704688876570E-02
   0.3022732522923220
   8.2945972020715408E-02
   0.9496056269179123
  -0.8413608238892237
  -0.4450317552954557
   0.3066899098488445
   5.0000000000000000
  -0.9674132909342397
  -7.6517778879094611E-02
   0.2413639451931323
   0.5040564205353467
  -0.8636106453001613
  -1.0187160611913187E-02
   0.8285638193913751
   0.4802048839167455
   0.2878980143350796
  -0.2437398656614681
  -0.1535575552903343
   0.9576068896476182
   6.0000000000000000
  -0.9415146504908584
  -0.2370607102474003
   0.2394835747354588
   0.5910981811967726
  -0.7975254590994345
   0.1206485900211997
   0.6734450087586907
   0.4056437203708816
  -0.6180008028325504
   0.4439310310891482
   0.4465493412960164
   0.7768648051136179
   7.0000000000000000
  -0.8903777327788730
  -0.3893434894279711
   0.2358795035852081
   0.8008832413116980
  -0.5754008924756550
   0.1658307773734672
   9.3231791878578635E-02
  -0.1537372421443772
  -0.9837035596972040
   0.5915182725573048
   0.8032923959032980
  -6.9479924544871507E-02
   8.0000000000000000
  -0.8167962205032264
  -0.5286796412816981
   0.2309583751802448
   0.9542065984979039
  -0.2735481154932228
  -0.1210834253445387
  -0.2917119851044759
  -0.7611696267321623
  -0.5792451269426676
   6.6286387210845218E-02
   0.5880410086469544
  -0.8061103441961321
   9.0000000000000000
  -0.7243786338874610
  -0.6515663606923394
   0.2252484681001733
   0.7511853766362874
  -0.1659110385305551
  -0.6389006630310473
  -0.1233163682782040
  -0.9861296978083955
   0.1110913696692821
  -0.6484702022780026
  -4.6633029105353817E-03
  -0.7612257551892809
  10.0000000000000000
