           50         900
            1           2
            1           4
            1           5
            1           6
            1           7
            1           8
            1           9
            1          10
            1          11
            1          12
            1          13
            1          15
            1          17
            1          20
            1          22
            1          27
            1          31
            1          32
            1          33
            1          36
            1          38
            1          41
            1          42
            1          45
            1          46
            2           5
            2           9
            2          10
            2          13
            2          15
            2          17
            2          20
            2          21
            2          22
            2          23
            2          26
            2          28
            2          31
            2          32
            2          34
            2          41
            2          43
            2          44
            2          46
            2          48
            3           1
            3           5
            3           6
            3           9
            3          11
            3          17
            3          20
            3          26
            3          27
            3          32
            3          33
            3          34
            3          37
            3          38
            3          40
            3          49
            4           8
            4           9
            4          11
            4          12
            4          13
            4          16
            4          18
            4          19
            4          21
            4          23
            4          25
            4          26
            4          31
            4          33
            4          35
            4          40
            4          43
            4          46
            4          50
            5           4
            5           6
            5           9
            5          10
            5          22
            5          26
            5          29
            5          32
            5          33
            5          34
            5          37
            5          43
            5          44
            6           1
            6           5
            6           7
            6           8
            6          10
            6          12
            6          13
            6          14
            6          18
            6          21
            6          25
            6          27
            6          28
            6          29
            6          32
            6          33
            6          36
            6          39
            6          44
            6          45
            6          46
            6          48
            7           9
            7          11
            7          18
            7          25
            7          26
            7          28
            7          30
            7          32
            7          33
            7          36
            7          37
            7          43
            7          44
            7          47
            7          48
            8           1
            8           4
            8           5
            8           6
            8           9
            8          11
            8          14
            8          15
            8          16
            8          19
            8          21
            8          22
            8          26
            8          28
            8          36
            8          37
            8          38
            8          40
            8          42
            8          44
            8          46
            8          47
            8          50
            9          10
            9          15
            9          23
            9          25
            9          26
            9          27
            9          29
            9          31
            9          33
            9          35
            9          37
            9          38
            9          40
            9          43
            9          48
            9          49
            9          50
           10           2
           10           7
           10          11
           10          12
           10          13
           10          15
           10          18
           10          19
           10          24
           10          25
           10          27
           10          35
           10          39
           10          41
           11           2
           11           7
           11           8
           11           9
           11          10
           11          13
           11          20
           11          24
           11          28
           11          29
           11          30
           11          31
           11          33
           11          36
           11          37
           11          39
           11          41
           11          43
           11          44
           11          45
           11          47
           12           5
           12           8
           12           9
           12          11
           12          15
           12          16
           12          19
           12          20
           12          24
           12          26
           12          27
           12          30
           12          32
           12          35
           12          36
           12          38
           12          41
           12          43
           12          46
           12          49
           12          50
           13           1
           13           4
           13           5
           13           6
           13           7
           13           9
           13          15
           13          16
           13          17
           13          19
           13          20
           13          21
           13          23
           13          25
           13          31
           13          35
           13          37
           13          41
           13          48
           14           2
           14           3
           14           9
           14          12
           14          16
           14          23
           14          27
           14          29
           14          33
           14          34
           14          40
           14          42
           14          44
           14          48
           15           4
           15           5
           15           7
           15           8
           15          10
           15          12
           15          17
           15          19
           15          23
           15          28
           15          30
           15          34
           15          35
           15          37
           15          38
           15          40
           15          42
           15          43
           15          44
           15          47
           15          49
           15          50
           16           1
           16           8
           16          11
           16          12
           16          13
           16          17
           16          20
           16          26
           16          30
           16          32
           16          36
           16          37
           16          41
           16          44
           16          45
           16          46
           16          47
           16          50
           17           2
           17           9
           17          18
           17          21
           17          23
           17          27
           17          29
           17          31
           17          33
           17          36
           17          37
           17          41
           17          42
           17          43
           17          44
           17          46
           17          47
           17          48
           17          50
           18           2
           18           4
           18           7
           18           8
           18           9
           18          11
           18          12
           18          15
           18          16
           18          19
           18          20
           18          21
           18          24
           18          25
           18          27
           18          29
           18          31
           18          33
           18          35
           18          36
           18          37
           18          39
           18          40
           18          41
           18          42
           18          45
           18          46
           18          47
           18          49
           19          10
           19          11
           19          15
           19          23
           19          28
           19          30
           19          33
           19          40
           19          43
           19          47
           19          49
           20           1
           20           3
           20           9
           20          17
           20          19
           20          22
           20          28
           20          29
           20          30
           20          33
           20          34
           20          35
           20          38
           20          39
           20          43
           20          47
           21           2
           21           6
           21           7
           21          10
           21          11
           21          13
           21          14
           21          15
           21          19
           21          22
           21          28
           21          30
           21          33
           21          38
           21          41
           21          43
           21          46
           21          47
           21          48
           21          49
           21          50
           22           1
           22           6
           22           9
           22          14
           22          15
           22          16
           22          25
           22          26
           22          27
           22          28
           22          32
           22          33
           22          35
           22          38
           22          41
           22          43
           22          45
           22          50
           23           1
           23           4
           23           9
           23          13
           23          14
           23          17
           23          19
           23          25
           23          26
           23          27
           23          31
           23          34
           23          39
           23          41
           23          45
           23          49
           24           4
           24           5
           24           9
           24          13
           24          14
           24          16
           24          19
           24          20
           24          21
           24          22
           24          27
           24          28
           24          37
           24          41
           24          43
           24          45
           24          48
           25           1
           25           5
           25           8
           25           9
           25          14
           25          17
           25          18
           25          19
           25          20
           25          21
           25          23
           25          24
           25          27
           25          30
           25          32
           25          37
           25          38
           25          39
           25          40
           25          42
           25          43
           25          49
           26           4
           26          14
           26          15
           26          18
           26          25
           26          31
           26          33
           26          37
           26          45
           26          47
           26          49
           26          50
           27           3
           27           5
           27           8
           27          10
           27          17
           27          25
           27          31
           27          50
           28           5
           28           7
           28           8
           28          10
           28          16
           28          20
           28          21
           28          25
           28          27
           28          31
           28          32
           28          38
           28          39
           28          40
           28          41
           28          43
           28          44
           28          45
           28          48
           29           5
           29          20
           29          22
           29          23
           29          30
           29          31
           29          33
           29          34
           29          36
           29          37
           29          42
           29          43
           29          44
           29          45
           29          46
           29          48
           30           1
           30           3
           30           5
           30           6
           30           8
           30          16
           30          19
           30          20
           30          26
           30          27
           30          29
           30          31
           30          38
           30          39
           30          41
           30          42
           30          44
           30          47
           30          48
           30          49
           31           6
           31           8
           31           9
           31          14
           31          16
           31          17
           31          20
           31          21
           31          24
           31          25
           31          28
           31          30
           31          36
           31          37
           31          39
           31          42
           31          44
           31          49
           32           1
           32           3
           32           4
           32           8
           32           9
           32          11
           32          12
           32          13
           32          15
           32          23
           32          30
           32          33
           32          34
           32          35
           32          37
           32          38
           32          39
           32          41
           32          50
           33           6
           33           7
           33           8
           33          10
           33          11
           33          13
           33          17
           33          19
           33          21
           33          22
           33          26
           33          27
           33          30
           33          42
           33          43
           33          50
           34           5
           34           7
           34          10
           34          13
           34          19
           34          20
           34          25
           34          33
           34          35
           34          41
           34          42
           34          44
           34          48
           34          50
           35           2
           35           8
           35           9
           35          10
           35          14
           35          17
           35          21
           35          23
           35          25
           35          26
           35          29
           35          30
           35          32
           35          33
           35          38
           35          41
           35          44
           35          48
           35          50
           36           1
           36           5
           36           6
           36          10
           36          13
           36          15
           36          20
           36          21
           36          25
           36          26
           36          30
           36          31
           36          34
           36          35
           36          38
           36          41
           36          42
           36          44
           36          50
           37           1
           37           3
           37           7
           37           8
           37          12
           37          14
           37          16
           37          17
           37          18
           37          19
           37          20
           37          23
           37          29
           37          30
           37          33
           37          39
           37          40
           37          42
           37          46
           37          47
           37          50
           38           4
           38           9
           38          10
           38          14
           38          17
           38          21
           38          24
           38          26
           38          29
           38          30
           38          32
           38          34
           38          36
           38          40
           38          42
           39           3
           39           6
           39          15
           39          16
           39          17
           39          18
           39          20
           39          21
           39          22
           39          23
           39          30
           39          31
           39          33
           39          37
           39          38
           39          42
           39          43
           39          47
           39          48
           40           1
           40           4
           40           6
           40          10
           40          17
           40          23
           40          26
           40          37
           40          38
           40          42
           40          43
           40          44
           40          45
           40          46
           41           4
           41           5
           41           8
           41           9
           41          12
           41          13
           41          14
           41          15
           41          23
           41          26
           41          27
           41          30
           41          31
           41          32
           41          33
           41          34
           41          39
           41          40
           41          43
           41          50
           42           1
           42           2
           42           3
           42           5
           42           7
           42           8
           42          13
           42          14
           42          20
           42          25
           42          28
           42          31
           42          44
           42          47
           43           2
           43           3
           43           5
           43           9
           43          14
           43          16
           43          17
           43          20
           43          21
           43          26
           43          28
           43          33
           43          37
           43          49
           43          50
           44           3
           44           8
           44           9
           44          10
           44          14
           44          15
           44          16
           44          19
           44          22
           44          26
           44          27
           44          29
           44          32
           44          34
           44          35
           44          37
           44          40
           44          42
           44          43
           44          48
           44          50
           45           9
           45          11
           45          12
           45          15
           45          20
           45          22
           45          23
           45          26
           45          30
           45          31
           45          35
           45          36
           45          39
           45          40
           45          44
           45          46
           45          47
           46           1
           46           2
           46           3
           46           4
           46           5
           46          12
           46          14
           46          15
           46          16
           46          17
           46          20
           46          22
           46          24
           46          30
           46          31
           46          34
           46          37
           46          38
           46          40
           46          47
           46          48
           47           2
           47           4
           47           6
           47           7
           47           9
           47          12
           47          14
           47          15
           47          18
           47          19
           47          20
           47          22
           47          24
           47          30
           47          31
           47          33
           47          35
           47          36
           47          38
           47          39
           47          40
           47          41
           47          42
           47          44
           47          46
           47          49
           47          50
           48           1
           48           3
           48           4
           48           8
           48          10
           48          11
           48          12
           48          17
           48          18
           48          20
           48          23
           48          24
           48          32
           48          33
           48          34
           48          39
           48          42
           48          44
           48          46
           48          47
           48          50
           49           1
           49           2
           49           3
           49           4
           49          12
           49          18
           49          24
           49          31
           49          34
           49          37
           49          38
           49          40
           49          44
           50           1
           50           3
           50           5
           50           8
           50          10
           50          16
           50          18
           50          21
           50          23
           50          30
           50          38
           50          39
           50          45
           50          47
