  241
 0.000000000000000D+00
 0.565126291685656D-01
 0.112979133090506D+00
 0.169353597197309D+00
 0.225590526286864D+00
 0.281645049262207D+00
 0.337473118020501D+00
 0.393031698679646D+00
 0.448278953443574D+00
 0.503174411544615D+00
 0.557679127859181D+00
 0.611755827968119D+00
 0.665369038621719D+00
 0.718485202767671D+00
 0.771072778504368D+00
 0.823102321527859D+00
 0.874546550844865D+00
 0.925380397722897D+00
 0.975581038038567D+00
 0.102512790836374D+01
 0.107400270629385D+01
 0.112218937567146D+01
 0.116967407748968D+01
 0.121644514737318D+01
 0.126249304062844D+01
 0.130781026593046D+01
 0.135239130876911D+01
 0.139623254581696D+01
 0.143933215140121D+01
 0.148168999726789D+01
 0.152330754681667D+01
 0.156418774496260D+01
 0.160433490474686D+01
 0.164375459177506D+01
 0.168245350750990D+01
 0.172043937238641D+01
 0.175772080965484D+01
 0.179430723078962D+01
 0.183020872323346D+01
 0.186543594117636D+01
 0.190000000000000D+01
 0.193391251197856D+01
 0.196714255609637D+01
 0.199966449624706D+01
 0.203145751247149D+01
 0.206250523155520D+01
 0.209279533747276D+01
 0.212231917338843D+01
 0.215107134519654D+01
 0.217904933482899D+01
 0.220625312984182D+01
 0.223268487417561D+01
 0.225834854350459D+01
 0.228324964727619D+01
 0.230739495841111D+01
 0.233079227069213D+01
 0.235345018311373D+01
 0.237537790988904D+01
 0.239658511439957D+01
 0.241708176511263D+01
 0.243687801135960D+01
 0.245598407684624D+01
 0.247441016883109D+01
 0.249216640103943D+01
 0.250926272855664D+01
 0.252570889314793D+01
 0.254151437766318D+01
 0.255668836839186D+01
 0.257123972442042D+01
 0.258517695320500D+01
 0.259850819169730D+01
 0.261124119244934D+01
 0.262338331417066D+01
 0.263494151622298D+01
 0.264592235651453D+01
 0.265633199220706D+01
 0.266617618257897D+01
 0.267546029330813D+01
 0.268418930135615D+01
 0.269236779956246D+01
 0.270000000000000D+01
 0.270708967620911D+01
 0.271364628720529D+01
 0.271967837109672D+01
 0.272519364613680D+01
 0.273019905091193D+01
 0.273470078408332D+01
 0.273870434431968D+01
 0.274221457073475D+01
 0.274523568385611D+01
 0.274777132690532D+01
 0.274982460696665D+01
 0.275139813546524D+01
 0.275249406726576D+01
 0.275311413764016D+01
 0.275325969633513D+01
 0.275293173799432D+01
 0.275213092825374D+01
 0.275085762492497D+01
 0.274911189380588D+01
 0.274689351880511D+01
 0.274420200622807D+01
 0.274103658324267D+01
 0.273739619071353D+01
 0.273327947075883D+01
 0.272868474953587D+01
 0.272361001589492D+01
 0.271805289664839D+01
 0.271201062928085D+01
 0.270548003296840D+01
 0.269845747878259D+01
 0.269093885992020D+01
 0.268291956272674D+01
 0.267439443916756D+01
 0.266535778124843D+01
 0.265580329770040D+01
 0.264572409302472D+01
 0.263511264874956D+01
 0.262396080648616D+01
 0.261225975209595D+01
 0.260000000000000D+01
 0.258717141036682D+01
 0.257376792767460D+01
 0.255978328460679D+01
 0.254521098598963D+01
 0.253004432280479D+01
 0.251427638279360D+01
 0.249790006020656D+01
 0.248090806783935D+01
 0.246329295493768D+01
 0.244504713482364D+01
 0.242616292617672D+01
 0.240663261178360D+01
 0.238644851824980D+01
 0.236560311964922D+01
 0.234408916738858D+01
 0.232189984770315D+01
 0.229902896720613D+01
 0.227547116581844D+01
 0.225122215524667D+01
 0.222627897999320D+01
 0.220064029671700D+01
 0.217430666665807D+01
 0.214728085483466D+01
 0.211956812886084D+01
 0.209117654955031D+01
 0.206211724500469D+01
 0.203240465966059D+01
 0.200205676981358D+01
 0.197109525746480D+01
 0.193954563495634D+01
 0.190743731377151D+01
 0.187480361206357D+01
 0.184168169691459D+01
 0.180811245897788D+01
 0.177414031897212D+01
 0.173981296741164D+01
 0.170518104090651D+01
 0.167029774027158D+01
 0.163521839746919D+01
 0.160000000000000D+01
 0.156470069466857D+01
 0.152945730277189D+01
 0.149440524911607D+01
 0.145967581331255D+01
 0.142539360017907D+01
 0.139167432669439D+01
 0.135862301227630D+01
 0.132633263191630D+01
 0.129488326212161D+01
 0.126434172015843D+01
 0.123476166998791D+01
 0.120618414531543D+01
 0.117863842255353D+01
 0.115214316485431D+01
 0.112670775278747D+01
 0.110233371736543D+01
 0.107901619626528D+01
 0.105674534337175D+01
 0.103550763415056D+01
 0.101528702378910D+01
 0.996065930437303D+00
 0.977826031201778D+00
 0.960548872816983D+00
 0.944216311273948D+00
 0.928810804429128D+00
 0.914315588247178D+00
 0.900714770600399D+00
 0.887993376463073D+00
 0.876137375168778D+00
 0.865133714647815D+00
 0.854970379933218D+00
 0.845636484567866D+00
 0.837122394795949D+00
 0.829419878524944D+00
 0.822522264875016D+00
 0.816424596413514D+00
 0.811123755391590D+00
 0.806618547646372D+00
 0.802909733152726D+00
 0.800000000000000D+00
 0.797893487085729D+00
 0.796571490437749D+00
 0.796016604350652D+00
 0.796212791236246D+00
 0.797145154233066D+00
 0.798799791480354D+00
 0.801163707246156D+00
 0.804224756029268D+00
 0.807971598659661D+00
 0.812393653642225D+00
 0.817481031855349D+00
 0.823224447623694D+00
 0.829615103640642D+00
 0.836644550868662D+00
 0.844304527193905D+00
 0.852586780197978D+00
 0.861482880002988D+00
 0.870984027910659D+00
 0.881080865720699D+00
 0.891763289435174D+00
 0.903020269788425D+00
 0.914839680910002D+00
 0.927208137604343D+00
 0.940110841325163D+00
 0.953531434975715D+00
 0.967451867152575D+00
 0.981852267286157D+00
 0.996710834185688D+00
 0.101200374161076D+01
 0.102770506549514D+01
 0.104378673817842D+01
 0.106021853531852D+01
 0.107696810096453D+01
 0.109400101551509D+01
 0.111128090998179D+01
 0.112876962818202D+01
 0.114642743632174D+01
 0.116421327705157D+01
 0.118208506268001D+01
 0.120000000000000D+01
 0.226050516674263D+01
 0.225958266181012D+01
 0.225681936057486D+01
 0.225222786392716D+01
 0.224582904129796D+01
 0.223765183467275D+01
 0.222773298834880D+01
 0.221611670846145D+01
 0.220285425729936D+01
 0.218800348831214D+01
 0.217162832847010D+01
 0.215379821525076D+01
 0.213458749599103D+01
 0.211407479765297D+01
 0.209234237520376D+01
 0.206947544680995D+01
 0.204556152390075D+01
 0.202068974387405D+01
 0.199495021281696D+01
 0.196843336510573D+01
 0.194122934615425D+01
 0.191342742391659D+01
 0.188511543403452D+01
 0.185637926277522D+01
 0.182730237114550D+01
 0.179796536281328D+01
 0.176844559772995D+01
 0.173881685264210D+01
 0.170914902901877D+01
 0.167950790830920D+01
 0.164995495389418D+01
 0.162054715860363D+01
 0.159133693624912D+01
 0.156237205526098D+01
 0.153369561222693D+01
 0.150534604289869D+01
 0.147735716806439D+01
 0.144975827157241D+01
 0.142257420773479D+01
 0.139582553533081D+01
 0.136953141604389D+01
 0.134285112192738D+01
 0.131503968537010D+01
 0.128629912750243D+01
 0.125681470616272D+01
 0.122675650002547D+01
 0.119627883666451D+01
 0.116552015447552D+01
 0.113460322881133D+01
 0.110363569290565D+01
 0.107271078693228D+01
 0.104190827325539D+01
 0.101129546201160D+01
 0.980928298130435D+00
 0.950852468318883D+00
 0.921104494052418D+00
 0.891712783938212D+00
 0.862698625716698D+00
 0.834077104471715D+00
 0.805857939200578D+00
 0.778046234672232D+00
 0.750643149429857D+00
 0.723646483863885D+00
 0.697051194511014D+00
 0.670849842169901D+00
 0.645032982130864D+00
 0.619589504878695D+00
 0.594506935144761D+00
 0.569771696262711D+00
 0.545369345537585D+00
 0.521284784886866D+00
 0.497502449467229D+00
 0.474006475472804D+00
 0.450780846877379D+00
 0.427809519681661D+00
 0.405076521288841D+00
 0.382566022021278D+00
 0.360262375543421D+00
 0.338150125086694D+00
 0.316213972877089D+00
 0.294437532933012D+00
 0.272925744105814D+00
 0.251773897752212D+00
 0.230947178630139D+00
 0.210413596304102D+00
 0.190142758930358D+00
 0.170105868155010D+00
 0.150275733028726D+00
 0.130626790728643D+00
 0.111135123411277D+00
 0.917784622108275D-01
 0.725361711985517D-01
 0.533892059821284D-01
 0.343200434984148D-01
 0.153125813874055D-01
-0.364799291687312D-02
-0.225753616277924D-01
-0.414822613870847D-01
-0.603806889570979D-01
-0.792821223970996D-01
-0.981977515563415D-01
-0.117138711248925D+00
-0.136116310290681D+00
-0.155142249676690D+00
-0.174228823553211D+00
-0.193389097278311D+00
-0.212637057749641D+00
-0.231987732281276D+00
-0.251457273599760D+00
-0.271063009965271D+00
-0.290823460964127D+00
-0.310758321116857D+00
-0.330888415052755D+00
-0.351235629566267D+00
-0.371822829343103D+00
-0.392673764474152D+00
-0.413812979016877D+00
-0.435265730771333D+00
-0.457057933072287D+00
-0.479216129723143D+00
-0.501766834582558D+00
-0.524641446508056D+00
-0.547762515200505D+00
-0.571138833699383D+00
-0.594779236040042D+00
-0.618692063920561D+00
-0.642885251964538D+00
-0.667366299084913D+00
-0.692142105377584D+00
-0.717218660314201D+00
-0.742600575219230D+00
-0.768290460800802D+00
-0.794288158538441D+00
-0.820589842687669D+00
-0.847187017224433D+00
-0.874065438921319D+00
-0.901204003649001D+00
-0.928573637694363D+00
-0.956136239189167D+00
-0.983843716504698D+00
-0.101163717059338D+01
-0.103944626670256D+01
-0.106718883764676D+01
-0.109477075594463D+01
-0.112208610568705D+01
-0.114901767712313D+01
-0.117543779779448D+01
-0.120120950382216D+01
-0.122618804391571D+01
-0.125022269714481D+01
-0.127315887386591D+01
-0.129484045785535D+01
-0.131511233713840D+01
-0.133382306171381D+01
-0.135082755884938D+01
-0.136598983132479D+01
-0.137918556131214D+01
-0.139030454280126D+01
-0.139925286874647D+01
-0.140595480543154D+01
-0.141035405601237D+01
-0.141085394456217D+01
-0.140590891105002D+01
-0.139562978918681D+01
-0.138023297873994D+01
-0.136002973236313D+01
-0.133541175805541D+01
-0.130683389556183D+01
-0.127479500309386D+01
-0.123981823515738D+01
-0.120243184267400D+01
-0.116315149686000D+01
-0.112246494868749D+01
-0.108081960922241D+01
-0.103861339532123D+01
-0.996188949777697D+00
-0.953831130443854D+00
-0.911767479873520D+00
-0.870171242294377D+00
-0.829166391652949D+00
-0.788834074265128D+00
-0.749219851746525D+00
-0.710341152406408D+00
-0.672194398556609D+00
-0.634761367757102D+00
-0.598014460535408D+00
-0.561920676574572D+00
-0.526444235682095D+00
-0.491547908632421D+00
-0.457193236305162D+00
-0.423339904711206D+00
-0.389944601598975D+00
-0.356959702745387D+00
-0.324332120858435D+00
-0.292002598418653D+00
-0.259905642228604D+00
-0.227970189668509D+00
-0.196120975342839D+00
-0.164280444777292D+00
-0.132370952927441D+00
-0.100324921339934D+00
-0.685701912450210D-01
-0.375376547015427D-01
-0.717398403006886D-02
 0.225709976482724D-01
 0.517400048821659D-01
 0.803710602618146D-01
 0.108499290978286D+00
 0.136157828270089D+00
 0.163377952259129D+00
 0.190188663913773D+00
 0.216615879629396D+00
 0.242681435705856D+00
 0.268402064899347D+00
 0.293788471065259D+00
 0.318844586586318D+00
 0.343567056181657D+00
 0.367944954253632D+00
 0.391959714354213D+00
 0.415585230490290D+00
 0.438788081354533D+00
 0.461527829496573D+00
 0.483757356318353D+00
 0.505423208303222D+00
 0.526465947427435D+00
 0.546820516548236D+00
 0.566416646208843D+00
 0.585179340662263D+00
 0.603029486492033D+00
 0.619884626189011D+00
 0.635659931353145D+00
 0.650269396467706D+00
 0.663627255722186D+00
 0.675649603931361D+00
 0.686256180345248D+00
 0.695372253338635D+00
 0.702930526798995D+00
 0.708872977390826D+00
 0.713152527165497D+00
 0.715734458968691D+00
 0.716597492799513D+00
 0.000000000000000D+00
-0.738003946004095D-01
-0.147263704220313D+00
-0.220056027596005D+00
-0.291849782739861D+00
-0.362326747276898D+00
-0.431180958639477D+00
-0.498121432348242D+00
-0.562874660618728D+00
-0.625186858359150D+00
-0.684825929003985D+00
-0.741583128542800D+00
-0.795274412235969D+00
-0.845741454808468D+00
-0.892852341128680D+00
-0.936501930376288D+00
-0.976611902359181D+00
-0.101313049977740D+01
-0.104603198478959D+01
-0.107531583210854D+01
-0.110100568400995D+01
-0.112314809500305D+01
-0.114181109556242D+01
-0.115708260518197D+01
-0.116906872519564D+01
-0.117789194138140D+01
-0.118368926528554D+01
-0.118661034174181D+01
-0.118681554812490D+01
-0.118447410864064D+01
-0.117976224456129D+01
-0.117286137868220D+01
-0.116395640967895D+01
-0.115323406937193D+01
-0.114088137335244D+01
-0.112708417290683D+01
-0.111202581383729D+01
-0.109588590552043D+01
-0.107883920148915D+01
-0.106105459082997D+01
-0.104247495212313D+01
-0.109194857719785D+01
-0.113296634738482D+01
-0.116627828202880D+01
-0.119247542514742D+01
-0.121218106583285D+01
-0.122603200304425D+01
-0.123466257207454D+01
-0.123869148106053D+01
-0.123871139139382D+01
-0.123528108647619D+01
-0.122892000767507D+01
-0.122010489182784D+01
-0.120926821866547D+01
-0.119679816625862D+01
-0.118303977505860D+01
-0.116829703407788D+01
-0.115283562364326D+01
-0.113688607595535D+01
-0.112064714573563D+01
-0.110428921653209D+01
-0.108795760285787D+01
-0.107177564241994D+01
-0.105584750580974D+01
-0.104026068147931D+01
-0.102508812164359D+01
-0.101039005852996D+01
-0.996215520184762D+00
-0.982603590379227D+00
-0.969584467630824D+00
-0.957180384426692D+00
-0.945406449144315D+00
-0.934271470409698D+00
-0.923778817224274D+00
-0.913927358433142D+00
-0.904712512992489D+00
-0.896127428412541D+00
-0.888164289816018D+00
-0.880815746722163D+00
-0.874076430046244D+00
-0.868038765479895D+00
-0.852904340695915D+00
-0.839243367592246D+00
-0.826894162173630D+00
-0.815792423909301D+00
-0.805874565990194D+00
-0.797076696037635D+00
-0.789334114065099D+00
-0.782581269941573D+00
-0.776752115447721D+00
-0.771780780588216D+00
-0.767602500393849D+00
-0.764154716920018D+00
-0.761378281777070D+00
-0.759218687103669D+00
-0.757627257238624D+00
-0.756562239634917D+00
-0.755989741108465D+00
-0.755884464492595D+00
-0.756230210707542D+00
-0.757020122031804D+00
-0.758256653374900D+00
-0.759951269965597D+00
-0.762123880915055D+00
-0.764802029206635D+00
-0.768019868801417D+00
-0.771816968904915D+00
-0.776236993625900D+00
-0.781326311852837D+00
-0.787132597388052D+00
-0.793703482520414D+00
-0.801085329698026D+00
-0.809322185173755D+00
-0.818454975907201D+00
-0.828521006239669D+00
-0.839553804244275D+00
-0.851583359173702D+00
-0.864636781182781D+00
-0.878739402893558D+00
-0.893916329174971D+00
-0.910140059578168D+00
-0.919828894461716D+00
-0.929856600934187D+00
-0.940248878976035D+00
-0.950983308276676D+00
-0.962042922164841D+00
-0.973412121353334D+00
-0.985071648276658D+00
-0.996992855137080D+00
-0.100913153979221D+01
-0.102142165261014D+01
-0.103376919391565D+01
-0.104604662509544D+01
-0.105808810684280D+01
-0.106968585609835D+01
-0.108058787965248D+01
-0.109049729856210D+01
-0.109907342506688D+01
-0.110593469451743D+01
-0.111066349072502D+01
-0.111281283636941D+01
-0.111191485236546D+01
-0.110749082317056D+01
-0.109906264065884D+01
-0.108616533873445D+01
-0.106836037615210D+01
-0.104524927755563D+01
-0.101648720465874D+01
-0.981796002825064D+00
-0.940976255503045D+00
-0.893917882184425D+00
-0.840608836970702D+00
-0.781141505673943D+00
-0.715716460358351D+00
-0.644643310487680D+00
-0.568338487544651D+00
-0.487319911443151D+00
-0.402198607687154D+00
-0.313667467929335D+00
-0.222487466875876D+00
-0.129452579590605D+00
 0.894614956060025D-01
 0.306141185366471D+00
 0.516188563690179D+00
 0.715556272059103D+00
 0.900703438085770D+00
 0.106873450653211D+01
 0.121749449295443D+01
 0.134561690448329D+01
 0.145252453043447D+01
 0.153838686823597D+01
 0.160404079688412D+01
 0.165088305691690D+01
 0.168074410028929D+01
 0.169575301180522D+01
 0.169820263167750D+01
 0.169042291502990D+01
 0.167466913059684D+01
 0.165302987573455D+01
 0.162735817557973D+01
 0.159922721544596D+01
 0.156991058604206D+01
 0.154038536116712D+01
 0.151135494681682D+01
 0.148328751714377D+01
 0.145646506059176D+01
 0.143103765627508D+01
 0.140707761512306D+01
 0.138462854885084D+01
 0.136374523732989D+01
 0.134452129018658D+01
 0.132710295879193D+01
 0.131168894949507D+01
 0.129851760146114D+01
 0.128784419372145D+01
 0.127991230148243D+01
 0.127492390332513D+01
 0.127301324272846D+01
 0.127422920251536D+01
 0.127853014547270D+01
 0.128515238152787D+01
 0.125522602606516D+01
 0.122737689741310D+01
 0.120171675630480D+01
 0.117788177796250D+01
 0.115563880074898D+01
 0.113484562962292D+01
 0.111541282769476D+01
 0.109727015564953D+01
 0.108033976347368D+01
 0.106451716889779D+01
 0.104966008835206D+01
 0.103558439776474D+01
 0.102206593771452D+01
 0.100884655555848D+01
 0.995642686126175D+00
 0.982154881500996D+00
 0.968076964256959D+00
 0.953103843789549D+00
 0.936937447096575D+00
 0.919290622042901D+00
 0.899889229320294D+00
 0.878472916422090D+00
 0.854795242367423D+00
 0.828623887569613D+00
 0.799741642094531D+00
 0.767948730753964D+00
 0.733066825519657D+00
 0.694944840861922D+00
 0.653466334896358D+00
 0.608558078234367D+00
 0.560199130930528D+00
 0.508429609427807D+00
 0.453358247306212D+00
 0.395167865804780D+00
 0.334117973666181D+00
 0.270543903162590D+00
 0.204852144183931D+00
 0.137511837789717D+00
 0.690427064657939D-01
 0.000000000000000D+00
