Reference solution: N=6, c=5

xprol =  -1.0000   -0.7456   -0.2705    0.2705    0.7456    1.0000
wprol =  0.0756    0.3939    0.5305    0.5305    0.3939    0.0756

Deriv =
   -4.8506    6.2863   -1.8652    1.1596   -1.1654    0.7225
   -2.5163    1.1613    1.7431   -0.8619    0.7941   -0.4747
    1.1400   -2.6451    0.3814    1.8843   -1.3105    0.7150
   -0.7150    1.3105   -1.8843   -0.3814    2.6451   -1.1400
    0.4747   -0.7941    0.8619   -1.7431   -1.1613    2.5163
   -0.7225    1.1654   -1.1596    1.8652   -6.2863    4.8506

Deriv2d =
    2.0605  -12.9281   13.8273  -10.1868   10.9431   -6.9792
   13.5207  -22.5485   11.0554   -3.3876    2.5002   -1.3490
   -1.9454    8.7203  -13.0121    8.1305   -3.2059    1.3910
    1.3910   -3.2059    8.1305  -13.0121    8.7203   -1.9454
   -1.3490    2.5002   -3.3876   11.0554  -22.5485   13.5207
   -6.9792   10.9431  -10.1868   13.8273  -12.9281    2.0605

Eigenvalue check: c=5, first six eigenmodes

[eigenvalues ] chi_array =
    4.1951
   12.9117
   20.1769
   26.5874
   33.8971
   43.3590

Eigenfunctions
B_array =
   -0.8688    0.0000   -0.4790   -0.0000    0.1256    0.0000
    0.0000    0.8425    0.0000   -0.5321    0.0000    0.0842
    0.4823   -0.0000   -0.7611   -0.0000    0.4307    0.0000
    0.0000   -0.5261   -0.0000   -0.7792   -0.0000    0.3388
   -0.1114   -0.0000    0.4299   -0.0000    0.8514   -0.0000
    0.0000    0.1149   -0.0000    0.3275   -0.0000    0.9074
    0.0141    0.0000   -0.0802    0.0000   -0.2698   -0.0000
   -0.0000   -0.0131    0.0000   -0.0497    0.0000   -0.2326
   -0.0011   -0.0000    0.0079   -0.0000    0.0337   -0.0000
    0.0000    0.0009   -0.0000    0.0041   -0.0000    0.0248
    0.0001    0.0000   -0.0005    0.0000   -0.0024    0.0000
   -0.0000   -0.0000    0.0000   -0.0002    0.0000   -0.0015
   -0.0000    0.0000    0.0000    0.0000    0.0001   -0.0000
    0.0000    0.0000   -0.0000    0.0000   -0.0000    0.0001
    0.0000   -0.0000   -0.0000   -0.0000   -0.0000   -0.0000
   -0.0000   -0.0000    0.0000   -0.0000    0.0000   -0.0000
   -0.0000    0.0000    0.0000   -0.0000    0.0000    0.0000
    0.0000    0.0000   -0.0000    0.0000   -0.0000    0.0000
    0.0000   -0.0000   -0.0000    0.0000   -0.0000    0.0000
   -0.0000   -0.0000    0.0000   -0.0000    0.0000   -0.0000
   -0.0000   -0.0000    0.0000   -0.0000    0.0000    0.0000
    0.0000    0.0000   -0.0000    0.0000   -0.0000    0.0000
    0.0000    0.0000   -0.0000    0.0000   -0.0000    0.0000
   -0.0000   -0.0000    0.0000   -0.0000    0.0000   -0.0000
   -0.0000    0.0000    0.0000   -0.0000    0.0000    0.0000
    0.0000    0.0000   -0.0000    0.0000   -0.0000    0.0000
    0.0000   -0.0000   -0.0000   -0.0000   -0.0000   -0.0000
   -0.0000   -0.0000    0.0000   -0.0000    0.0000   -0.0000
         0         0         0         0         0         0
         0         0         0         0         0         0





Reference solution: N=13, c=0.5 c*(13)=9.8175

xprol =

  Columns 1 through 6 

  -1.0000e+00  -9.4951e-01  -8.3613e-01  -6.7122e-01  -4.6808e-01  -2.4011e-01

  Columns 7 through 12 

            0   2.4011e-01   4.6808e-01   6.7122e-01   8.3613e-01   9.4951e-01

  Column 13 

   1.0000e+00


wprol =

  Columns 1 through 6 

   1.3955e-02   8.3590e-02   1.4127e-01   1.8630e-01   2.1774e-01   2.3609e-01

  Columns 7 through 12 

   2.4211e-01   2.3609e-01   2.1774e-01   1.8630e-01   1.4127e-01   8.3590e-02

  Column 13 

   1.3955e-02






**************************************

Reference solution: N=20, c= 0.99 c*(20)


xprol =

  Columns 1 through 6 

  -1.0000e+00  -9.7286e-01  -9.1293e-01  -8.2742e-01  -7.2322e-01  -6.0578e-01

  Columns 7 through 12 

  -4.7913e-01  -3.4621e-01  -2.0923e-01  -6.9989e-02   6.9989e-02   2.0923e-01

  Columns 13 through 18 

   3.4621e-01   4.7913e-01   6.0578e-01   7.2322e-01   8.2742e-01   9.1293e-01

  Columns 19 through 20 

   9.7286e-01   1.0000e+00


wprol =

  Columns 1 through 6 

   7.5508e-03   4.4672e-02   7.3949e-02   9.5900e-02   1.1160e-01   1.2261e-01

  Columns 7 through 12 

   1.3020e-01   1.3527e-01   1.3838e-01   1.3986e-01   1.3986e-01   1.3838e-01

  Columns 13 through 18 

   1.3527e-01   1.3020e-01   1.2261e-01   1.1160e-01   9.5900e-02   7.3949e-02

  Columns 19 through 20 

   4.4672e-02   7.5508e-03

