Requested percentage is 80%
Requested accuracy is 1e-05
Number of the roots that the program has calculated is 333
Estimated percentage of the calculated roots is 83%
Estimated total number of roots in the interval (0,10) is 404.
The roots are: 
0.27169466
1.2447667
1.4701533
1.843245
2.1190834
2.1636772
2.3268032
2.5033522
2.6626992
2.7896333
2.814455
2.9280043
3.0471992
3.1545925
3.2589388
3.3128572
3.35536
3.4430027
3.5304117
3.6114192
3.6915445
3.7542987
3.7713838
3.837502
3.9086008
3.975091
4.0411997
4.1029239
4.2253017
4.2820764
4.3392015
4.3933916
4.4479299
4.4979334
4.5211768
4.5496583
4.6013021
4.6494579
4.6980309
4.7443676
4.7912884
4.8344636
4.8561478
4.8791862
4.9243546
4.9664378
5.0091004
5.0499511
5.0913262
5.1303697
5.2099729
5.247376
5.2857113
5.3224444
5.3596473
5.3952622
5.4320168
5.4598498
5.4697156
5.5008793
5.5361128
5.5695415
5.6035399
5.6362605
5.6695318
5.7012081
5.7361412
5.7406712
5.766139
5.796349
5.8279324
5.8581686
5.8889151
5.9185529
5.9487891
5.977478
6.0365963
6.0643077
6.0931611
6.1208439
6.1490273
6.1762285
6.2039995
6.2304497
6.2596989
6.2642884
6.2850642
6.3104153
6.3371348
6.3627172
6.3888168
6.4140391
6.4397597
6.4644432
6.4902329
6.5097046
6.5170789
6.5385628
6.5636778
6.5874648
6.6118503
6.6354084
6.6594195
6.6825986
6.7064285
6.7288208
6.775713
6.7977977
6.8207932
6.8429065
6.8654871
6.8873429
6.9096684
6.9311333
6.9534993
6.9728184
6.9801569
6.9955802
7.0177317
7.0384955
7.059896
7.0805645
7.1016574
7.1220827
7.142992
7.1630216
7.1842146
7.197988
7.2054458
7.2236085
7.2442126
7.2637415
7.2838283
7.3032546
7.3230863
7.3422933
7.3619843
7.3808265
7.4008512
7.413125
7.4206996
7.4379444
7.4573827
7.4758124
7.494781
7.5131321
7.5318766
7.5500417
7.568655
7.5865173
7.6053047
7.6204729
7.6261139
7.6404786
7.6590419
7.6764774
7.69449
7.7118945
7.7296901
7.7469468
7.7646089
7.7816367
7.7993226
7.8156185
7.8506684
7.8671432
7.8843451
7.9009032
7.9178667
7.9343224
7.9511428
7.9674268
7.9841924
8.0001473
8.0176091
8.0238557
8.0337548
8.048923
8.0654979
8.0812669
8.0975103
8.1132364
8.1293178
8.1449246
8.1609106
8.1763244
8.1923532
8.2071543
8.2389593
8.2538819
8.2695341
8.2845783
8.3000159
8.3149934
8.3303094
8.3451629
8.3604169
8.3750534
8.3904767
8.403542
8.4090543
8.419311
8.4347463
8.4490824
8.4639859
8.4783649
8.4930992
8.5074067
8.5220432
8.5362291
8.5508251
8.5647845
8.5796571
8.5904145
8.5952592
8.6072445
8.6218929
8.6356425
8.6499
8.6636734
8.6777854
8.6914897
8.7055159
8.7191081
8.7331033
8.7464857
8.7607455
8.771255
8.7758756
8.7871957
8.8012743
8.8144612
8.8281512
8.8413715
8.8549256
8.8680911
8.8815618
8.8946271
8.9080667
8.9209557
8.9345574
8.9462399
8.9517403
8.9599299
8.9736509
8.9862943
8.9994884
9.0122008
9.0252519
9.0379238
9.0508914
9.0634823
9.076407
9.0888619
9.1018581
9.113853
9.1397095
9.1517758
9.1645455
9.1767812
9.1893816
9.2016006
9.2141104
9.2262697
9.2387271
9.2507815
9.2632508
9.2750812
9.288075
9.2937493
9.3003368
9.3114185
9.3238831
9.3356538
9.347856
9.3596506
9.371748
9.3835044
9.3955374
9.4072175
9.4192266
9.430778
9.4428802
9.4539285
9.4780278
9.4892669
9.5011425
9.5125294
9.5242572
9.5356345
9.5472836
9.5586109
9.5702171
9.5814586
9.5930672
9.6041417
9.6160007
9.6249413
9.6289086
9.6379113
9.6496797
9.6606255
9.6720457
9.6830535
9.6943617
9.705348
9.7165942
9.7275281
9.7387409
9.7495842
9.7608256
9.7714591
9.783287
9.7876668
9.7942042
9.8042297
9.8154807
9.8260975
9.8371196
9.8477697
9.8586988
9.8693252
9.8802018
9.8907733
9.9016261
9.912107
9.9230003
9.9332452
9.9551296
9.9650168
9.9758792
9.986167
9.9968338
