8 1 -1

6.27565365596383632621198906057e-1 1.20819474971684839691997956139
-4.03955061246449722548295239172e-1 -8.19765288022453987033481729225e-1
9.67698847041838452702392188286e-1 1.56032485109377997578337018774
-7.16159873085371338966149854840e-1 -1.66417006525533896438090617773
1.08697509828347399385517219821 2.09265469194754484665489804680
0 0

-8.10697426282162935253804747786e-1 -5.77401136912192664196505803812e-1
7.61977427369951023621789572143e-1 2.61758459199774801862446899224e-1
2.79161218733352702003132840466 5.18435140014619043067967587167e-1
-8.68680556430676238235824613340e-2 -2.59780846132367426718650021833
-1.40416913188603067944490455957 -1.00008810547995118820731654282
0 0

2.01657572960579408345580289179e-1 2.86766163694587222514483143013e-1
-2.44618882629491268543389441856e-2 -2.81248324342549878572514124742e-1
1.43560284799175935552417400307 -2.27677376268420875229363822781e-2
-5.87437305082551364017294149813e-2 -1.42371163270484257292414640502
0 0
-3.49281162098751357737672833381e-1 -4.96693565410638659365924518851e-1

7.84706576306567018301873276705e-1 4.72566525307453512123673194039e-1
-5.04414588929299178015265839338e-1 -4.16277374346392457567825894617e-1
-8.16794295690677072679591915071e-1 -9.22294019654086745686958578353e-1
9.43098116239630683864224072286e-1 -6.28221819672199489238126109157e-1
0 0
-1.35915165919639823679181177487 -8.18509231788793144717366071125e-1

-1.93459809615188041424353880424e-1 -4.96932964947443406231488277795e-1
4.24656947620751586015488352489e-1 4.16118629988002642709857992138e-1
2.22387588443192342862791169992 9.00076496296372464759822824666e-1
9.14181528955042277936337778540e-1 -2.27769809252892170362508243935
3.03532515006018790427561402456e-322 5.60217062095397953329484488174e-322
-3.35082219476107699506024781545e-1 -8.60713143244815944513949066910e-1

2.43556993743203085695162868828 1.31714404830987189536193198529e-1
-2.33093562689818523291396385493 2.14427697972088392881248178545e-1
3.13161639937888114885267713467 1.97440149684448494898308084169
-1.81905161449176761150215416067 2.94793795757391284534468776041
0 0
4.21853087701962898763511556791 2.28136041255965394381655781072e-1

3.93464260700915047178236265977e-1 2.40314805847788667100500597623e-1
-3.21698946680072522909225095418e-1 -2.90233998287211432538204377065e-1
1.02941492950832123035790761964 7.60686533073681801928728493023e-3
-3.12065124510115232067745497684e-1 -8.87707518840656043068041548407e-1
-6.81500090496511176830821316799e-1 -4.16237453539420316362140162347e-1
0 0

1.06984054218757805747091738896 -3.24671262524190975135836684111e-2
-1.06539623871939998149888485332 8.22630049070392669120595276033e-2
-1.50274757109466908007882473090 3.37494495143309248452962198370e-1
1.20215313865743943383020342040 3.79213864170932445595097080083e-1
-1.85301817506592011196360002613 5.62347122449431944617043641896e-2
0 0


1 6
6.467297957707379179311169074608194619750366953110582085917670565610108726042154618314671943842510916771385571406533098116149993072924721352002961432352620451757341976054162838731127679702291601071253602770010044235002574067182199744838758550769344612384916980341860103771851201115181175541836588863146367780553e-1 3.118768132428796940677210825479873894060790168126046365387067834408657150982295003851234265148032200924688913734536564294338908729379706057403940633749488939830981712717942456187388479307455445858409934262715745042832756146206925174028230685495234291306606628569900298783399785544536550029438983128423709319190e-1
7.054378413628679110694704084659481511035774426582404955107710076596830186773172256719479191742252789422934943568355451383847566281375611233938892002803959030092988221774261545951675149717007038531037576152835074715407305554837700317489731233388238454685200348675898865978382653331055124047175099745367769448376e-1 -1.098789494830037836635788766436478343581650911204270929445206307566873790271354320936050277924121297015391453279284539204585355434021674688530265645795881843243563667352691480466419844460060211961973827299236648559946025104371463313446800162186672598914103072186814824330970311689692431320333092967895394385358e-1
-1.494482227719106029904875247039558861134000219848060740399918993429614541842766637237936035782237172577277642127261345630214275890155463297521712736402449085541569838700407460774599290675130214127534497884531663105688126644853564886404164191068374017603888968818213656870144852040420475791953591929782509286277 7.664669706055352365953597768325876153833651545900748127492544664076950225361469619009966427109307620969551755093367565205306477609439455545826041139529280744776381180035421643590220157446242731477611390619487064023942790151582336513183256869504927372245827190904207173813791419767691219884735950158834635368114e-2
-9.235331239405636001172046920428274562682041899353069304990639616996745502808520839968585285627747882738760641360540849631214528803040173703594887922936317663994047227423130371277435092803596295620781192427606191932941479434537963663113989398855818773064105048023496891106729397764996430187144084561507549020239e-1 1.398900067187177783964456355231880112121993535531268226576614151735353595909899014925925335581980847600570084342321258867831627763705118516801444709771967715555486798033857069124681764627542320958372677220121397585676487711157618432854283318604989756338967174102179589587923590662333727103978866066461198582719
2.708410419633450681048022976712927606779313233925025096568148583511909694988206613026851794850294060261675828091592471221488752562513123126797267682233292647814986630370385501813183745179071692449967054994358306017746090586289705806456432694771434784305219822964985546170070811896925295945892279325208148708851e-1 6.556347479931888758948020045892762153811907794722256389259208658668830848547376641551788496711276906808231655505055285992376795190007850326394952857448121616567806551902314054726710033644561710612979961018585212203507010217074672378819905179577045289422854956396042256557996018351290282625639654204233408929578e-1
1.826057128150600829793840935615455552834419525088542029917763747053056515829734294260853542975999558675097610057324148410025887465382594697298029432301526272582633678258987431499777003736523335506009251858194456834542087092019111072529844754155432729324838609757042349166920465475971814194246829705998632628107 1.495571045793259617995859193482733420691162360945953740056462823977219540617870965503292298115930325052316215585666760421820116846097110223823837663476582437844516559439483431550443334637740220620666682001423131309899700965321522491212354953859402713747923374888707529866500885622070912317657372777874188935404


1 6
5.259477117771178897576406236555301538775375339888575836124494336982578318329446026381557760536743667021974025446538130266408075764602013097555057111774678866033361468705383242607269972220610265000796571151380052609773569823885563875179077492087228653033003199919632655260507171945842667702755480938807612460652e-1 -5.173549140287000423146875013531782686147765930110055071634032718012230876401075072586591783190889346559405157163194793745513405682755024917129655854612874293718977083038560778777439491672350131675173118445862303458232359990618995854635835117344601890165853076888360195046171661804840351493950494548126171655109e-1
-1.885555691878134330658880716376912188481957632800394668235747322246560092869606516837383609778526440123839355916688698576267628217588717207426792650297569371400519233598321238151645270687637213884006032899010515059209267875488142149938728406840577633237144935182143213078136744015850514880738854160040869737179e-1 -2.026248179741765897909185721743661581151351330007563921025166926949480982210953035039324598773996863980206836722455576654478705110805333181852298079728775187526129960287133592463037587124852329208084169499568757854574418571922797234379545800894246540972291511112169660477439149761967558776314893225200943186073e-1
3.584423416423688491079316539698001267670684390882236969690574792432122695576157953913710186156315817107278839826466391400601962513916563918707131113462251444352679676171756912556327672209098935836698887264839257088611079480403582037943391688086943762963924003343087233867435704093849169355536503126980037814358e-1 -4.860048207862371348824899233170393868146602446275484599415486791986477095379849452415991962279274852641271913028323784773812713302035578536473314215496769057415917213537513276217629674878092498751383745580442964318572881361972183134852789758999548527890922440809551830059749097510110284258138439109656952548368e-3
1.660716857997404377305880899791798376951522978445351262763822699699592900426708251781536238272699761254783045910140884074655383096574875454577686244595911134006044983774852463583875588616152967534303631132429287473501305918985018977115671108989782924658884161825579976233693064294301768227135892544753600098241e-1 1.413697384297208773347641206254283956235434710959060885523821719023551464096009379734611807580307352019913367660352296223038149961756698654966516988362415968333861667309532135983346218373560198353163577650702129087001411742173277408602322315036059117860348474948940162036960343259518195455967409464737779087342e-1
-3.381972056030903676973033843432262627671655351733377613397219690845220410516406389654822217601116480910807039496257045939737336755932833609680324648285219198322674620295938288659559551259754467373301192789226535802709864268473695887143378774048506383595306309161195929657821628657546528093453877617394547693513e-1 -1.511945265328442893792856636060748049194418216918797951074722087209089524095288261098297217615067807854892754434005522018349303039547085030694315213718236602370172648425626271335530419358278021564856274449835609970440162201735933350793411270004851129066632318348432921504062650036294488106386870127050407603248e-2
-2.964684756617187612141330332429424049800478126200379410324972267225297291886533780111073491298320489671033333147910158116471963796684280610880873977903938684282731660188270543583659580340195067543987636131266521918091607035050370752674479442962867202484825922433417035517043246799032122299181601725988981940572e-1 -2.331593810683537147262626927992568811602912825977803072698126257217735821655753680014074819460311395884342542185040619443241550848713865655976098303096352832009792108616560346998841857890740518251575420811693976582037207402809053806448160057182345316813642124684769964652387522017942140690243248499296552991408e-2


