input_dim_1_comp_0_deflated
4 1

4
0.0000000000000000000000000000000000000000000000000000000000000000000000000000000000000000000000000000000000000000000000000000000000000000000000000000000000000000000000000000000000000000000000000000000000000000000000000000000000000000000000000000000000000000000000000000000000000000000000000000000000000000000000e0 0.0000000000000000000000000000000000000000000000000000000000000000000000000000000000000000000000000000000000000000000000000000000000000000000000000000000000000000000000000000000000000000000000000000000000000000000000000000000000000000000000000000000000000000000000000000000000000000000000000000000000000000000000e0
0.2657601049759146024110237607900864542663843953541442809427818022085266469488929733244632844910626856517365097652598899821557918421850356372133264497407650660317019421418721896500588212992628084763661947391690992699948830403025291622905329138956494423904317175376030780698303497273403620150440995534081801095716e0 -0.0000000000000000000000000000000000000000000000000000000000000000000000000000000000000000000000000000000000000000000000000000000000000000000000000000000000000000000000000000000000000000000000000000000000000000000000000000000000000000000000000000000000000000000000000000000000000000000000000000000000000000000000e0
0.7349875535864630313934447264464959705525973145925003599851887451701821213302644483819525391429355924317520357341071561560258810305579629947681570835863226013252869433281153952729490402042961143012278756483653362361256149640346116371675445165058492251942641094242199974264710188760478044774477832098579701141956e0 -0.0000000000000000000000000000000000000000000000000000000000000000000000000000000000000000000000000000000000000000000000000000000000000000000000000000000000000000000000000000000000000000000000000000000000000000000000000000000000000000000000000000000000000000000000000000000000000000000000000000000000000000000000e0
-0.6238307965115035778392471355133100977616424083353841302702507303982443751549023497669654440349572060063432316653816382983258485166273017304060479739217839206623339111242538660686877845641543891910860855025577906199164452674385374517762892679243985004974117950884502976208458931704338727252142009145778575478431e0 -0.0000000000000000000000000000000000000000000000000000000000000000000000000000000000000000000000000000000000000000000000000000000000000000000000000000000000000000000000000000000000000000000000000000000000000000000000000000000000000000000000000000000000000000000000000000000000000000000000000000000000000000000000e0


1

4
0.9879408903865809228388487988349077427202589258124637363116806967182405855070856991442936856457055005343510873948955256313039342075321233571266986373936707736638764403587301130325859872182760402799810309207177302447145756321492585451403195354681460110826107906499565831597817351430565404279341389224588891859639e-1 0.1961873006774633072946666985772425249445108489474889197992258712194796688431592781275974494244341206795853242893498685164367430130915514831091693038334939915234282967708753094227800693322510131639745590707075908506440007200067049207791108359509863820519145578348468935432526111807758387830610275811760205992789e0
-0.2015650299673927197058410524152507545546719965545824819889621466732085508678314116803097953942208822139868460061584275568801959484582603272777801993966562354677411478219790504464212527876841510851809129016798829567219503866034718795880419321011792311268672411595286979315327389317761270777645322010979764269915e-1 -0.6484752996461932212525294285586232521775464854784447307636184865160528231574407621837254942026279590566172247175525641168155114333539580317484569834830121316206308804042671118380620095587622544851480533046053806897571861064075081116599180182567426497876947238211456459610778159723206736431091233041279724534754e0
-0.2426669958241928008432095366692508897259635425969663899312546591526793658957552995439828014468829707846487916002290764036585247923398736211843632319983181504347036348365846510532367270862053297873218783676278924808042039149663618480643863666545703781475135184107688195921906847523165016271743840539351462942957e0 -0.5961027326365359306719169562769825868437606911894143766071135570361890185428098599196286477179816124260831159816829715767109776526698943384970579248318692545719094900961162916483436480767090023777066790476733647939129227163975899768490796127650913568994835018272655706281050518866432095513571433443059929887796e0
-0.2280763486569697240002817539860664240375040808814766437385449371364519990115323261410100151509631307832866681114600459263860168948491902590524783177612893124019867437694923556951280518063522363381408550614077786924129236840708223441566942763288992441295203436205405997712758263561051403929832017690222177323203e0 -0.2541244038337420211541352146923671120935828162107405969887215141705601131483430678307122724584279193363725730677971413370894700120357948520662975429139849499805984066270382040785919990235981713178823530453636966813331930582480679830390250222603364524155616978708187912100836008246546265197262099662093071845800e0



0.1611999764775908395610104495432324256398715078830718994140625000000000000000000000000000000000000000000000000000000000000000000000000000000000000000000000000000000000000000000000000000000000000000000000000000000000000000000000000000000000000000000000000000000000000000000000000000000000000000000000000000000000e1 0.0000000000000000000000000000000000000000000000000000000000000000000000000000000000000000000000000000000000000000000000000000000000000000000000000000000000000000000000000000000000000000000000000000000000000000000000000000000000000000000000000000000000000000000000000000000000000000000000000000000000000000000000e0
3
0.3927280483193809195732130318257091516898071859031915664672851562500000000000000000000000000000000000000000000000000000000000000000000000000000000000000000000000000000000000000000000000000000000000000000000000000000000000000000000000000000000000000000000000000000000000000000000000000000000000000000000000000000e0 0.0000000000000000000000000000000000000000000000000000000000000000000000000000000000000000000000000000000000000000000000000000000000000000000000000000000000000000000000000000000000000000000000000000000000000000000000000000000000000000000000000000000000000000000000000000000000000000000000000000000000000000000000e0
0.4504750137422155369180520184668736760613683145493268966674804687500000000000000000000000000000000000000000000000000000000000000000000000000000000000000000000000000000000000000000000000000000000000000000000000000000000000000000000000000000000000000000000000000000000000000000000000000000000000000000000000000000e0 0.0000000000000000000000000000000000000000000000000000000000000000000000000000000000000000000000000000000000000000000000000000000000000000000000000000000000000000000000000000000000000000000000000000000000000000000000000000000000000000000000000000000000000000000000000000000000000000000000000000000000000000000000e0
0.4095974465295296778255193514972631874115904793143272399902343750000000000000000000000000000000000000000000000000000000000000000000000000000000000000000000000000000000000000000000000000000000000000000000000000000000000000000000000000000000000000000000000000000000000000000000000000000000000000000000000000000000e0 0.0000000000000000000000000000000000000000000000000000000000000000000000000000000000000000000000000000000000000000000000000000000000000000000000000000000000000000000000000000000000000000000000000000000000000000000000000000000000000000000000000000000000000000000000000000000000000000000000000000000000000000000000e0


4
-0.212238149369801241520e-1 0.000000000000000000000e0
0.327800445864577916368e0 0.000000000000000000000e0
0.381114763602919228434e0 0.000000000000000000000e0
0.667905362702094521521e0 0.000000000000000000000e0
