4
1
2
3
52
6.032050006535643e-01 -1.153673200948962e+00
7.234110733363852e-01 6.997400522377292e-01
-6.771568055612001e-01 3.832556839297788e-01
-1.359809662071931e-01 -5.859698261652873e-01
52
6.032050006535721e-01 -1.153673200948973e+00
7.234110733363969e-01 6.997400522377316e-01
-6.771568055612002e-01 3.832556839297718e-01
-1.359809662072038e-01 -5.859698261652987e-01
2.965214138449911e+00
0
3.372437717171947e-01
0.000000000000000e+00
10
1
0
0
52
2.151523883175117e+00 -2.927694784853368e-01
-1.415300125345205e+00 -3.199982764009579e+00
-4.321224060268263e+00 3.621967462414284e+00
7.539591527853670e+00 5.070375408630788e+00
52
2.151523883200407e+00 -2.927694785195035e-01
-1.415300125390669e+00 -3.199982764030509e+00
-4.321224060273739e+00 3.621967462477880e+00
7.539591527965779e+00 5.070375408590593e+00
6.466664792658635e+00
0
1.546392200714135e-01
0.000000000000000e+00
10
1
0
0
52
-9.194566876116790e-01 4.996673194584945e-01
-5.900988576824764e-01 7.246229743562363e-01
-2.417182455387586e-01 7.987539608106019e-01
7.122305997771346e-02 7.418361718773226e-01
52
-9.194566876116679e-01 4.996673194584799e-01
-5.900988576824654e-01 7.246229743562262e-01
-2.417182455387712e-01 7.987539608106009e-01
7.122305997771575e-02 7.418361718773262e-01
9.953840350875097e+00
0
1.004637370853637e-01
0.000000000000000e+00
10
1
0
0
-1

2
2 1
-2135765763017755725624647369440335005857723216634761623635757886133993979080836912169423423545825733366319976882800408447967806860953992571330737310036043828027746805540316357994618243939788641611984589407143345835421103266094725487051583812789312552928215038267760956068068499814706620914124059062898702514007/100000000000000000000000000000000000000000000000000000000000000000000000000000000000000000000000000000000000000000000000000000000000000000000000000000000000000000000000000000000000000000000000000000000000000000000000000000000000000000000000000000000000000000000000000000000000000000000000000000000000000000000000 -2954806106822539761877293165687737317323083852750978893965473749104926693746409386397365076714157892576807428165922231320228969793671753390711148888056639712572972781650265946686352111523409156092707121836780429305962705945737521855578607460060778480903065242526107375701805891418312238698955753882311777479501/10000000000000000000000000000000000000000000000000000000000000000000000000000000000000000000000000000000000000000000000000000000000000000000000000000000000000000000000000000000000000000000000000000000000000000000000000000000000000000000000000000000000000000000000000000000000000000000000000000000000000000000000
-298406061367616450448316136162086168780350605382677270768706796535494584608429616470347327765942068239418017232466399647427687217373318467497890356750622842995849899904193209107080984062033655641804794580378990311611093454429209784834104393390483243933088537616028727458867828266784474690867139016316239384971/1000000000000000000000000000000000000000000000000000000000000000000000000000000000000000000000000000000000000000000000000000000000000000000000000000000000000000000000000000000000000000000000000000000000000000000000000000000000000000000000000000000000000000000000000000000000000000000000000000000000000000000000 9072975706516912639541677506465436472416864030952164924758458429639080446387796052902220457424862404500935812242970781348977955542917624640247074264937058539431495583765363658916553446105079322294650995352457820004369750342704795958134066791943473168302950895472877193862159927443976048025947425444517833831261/10000000000000000000000000000000000000000000000000000000000000000000000000000000000000000000000000000000000000000000000000000000000000000000000000000000000000000000000000000000000000000000000000000000000000000000000000000000000000000000000000000000000000000000000000000000000000000000000000000000000000000000000

1
0
4
1 0
0 0
0 0
0 0

0 0
1 4
-8841176418238407560237407268509637177272172131417733276893030232097365729044961966618167554379874364189961883751100496647635596393502508293331674935992030272412235201636311918388272054405262636340041921830327711138906430015697607632295246094521320665969025408489651900962192098692057470905046809151655479667293/10000000000000000000000000000000000000000000000000000000000000000000000000000000000000000000000000000000000000000000000000000000000000000000000000000000000000000000000000000000000000000000000000000000000000000000000000000000000000000000000000000000000000000000000000000000000000000000000000000000000000000000000 2869158752765927818710924015815205712543388583052167105150652405400147316052047040582126706070732471554091126572707792588828762271785398204569529846259640923552610294109377255734950046612535464782556984668553115478941738296043154625581747231394640767592392383761685802536099247107034580662558874916256942085433/10000000000000000000000000000000000000000000000000000000000000000000000000000000000000000000000000000000000000000000000000000000000000000000000000000000000000000000000000000000000000000000000000000000000000000000000000000000000000000000000000000000000000000000000000000000000000000000000000000000000000000000000
942542751864977380813309556203103916363231927033309058218326434815983872501173779074871311468046862121448613110474112347987419475710159403678606816422136996755487915859581587657206615149929954857763995438055245135268764626304793722476905944890089628507919847805766410743567227164200918678245309860397453090941/2500000000000000000000000000000000000000000000000000000000000000000000000000000000000000000000000000000000000000000000000000000000000000000000000000000000000000000000000000000000000000000000000000000000000000000000000000000000000000000000000000000000000000000000000000000000000000000000000000000000000000000000 -134584769730404629655306548814360526990145718890957879542921436298247808972640907786810491703531043665810338448832301369130192942645610445165144399527333755536400867905814023889432418984559536117439133501608765140253388078532607493144738101325843861621039837226759658727841251826806435752606984734347316997219/400000000000000000000000000000000000000000000000000000000000000000000000000000000000000000000000000000000000000000000000000000000000000000000000000000000000000000000000000000000000000000000000000000000000000000000000000000000000000000000000000000000000000000000000000000000000000000000000000000000000000000000
-125220464450664061170217506515632818447352716540800619989695887047623376390161375548004252311939512279576213040474452572599348570094403669046784644799253710194261886261761218304931414834346271795201862482910494470562069251050813261335641243671517755718807501949549427338333372057737820042834235176921973098359/625000000000000000000000000000000000000000000000000000000000000000000000000000000000000000000000000000000000000000000000000000000000000000000000000000000000000000000000000000000000000000000000000000000000000000000000000000000000000000000000000000000000000000000000000000000000000000000000000000000000000000000 4728295940413426485993951575074600319677147954531709940907277330397357547641583899997205599562458639999371821557185973939216064591040881125003237537802425497790423876862439930002007974116814046425197367693760641387425549992112605557723373023360845833291492738312915317018855928240023156818194071066166455947507/5000000000000000000000000000000000000000000000000000000000000000000000000000000000000000000000000000000000000000000000000000000000000000000000000000000000000000000000000000000000000000000000000000000000000000000000000000000000000000000000000000000000000000000000000000000000000000000000000000000000000000000000
4167275515322391210016298629002389509674581792551221079363478646994593626508305793835396917931287472218819526598771200606488506995007023653373574919842139216410624768950993346611443138060837077765825658053162316819969794070924754566387430806431404293533845118187003266582667121062359282925183718174687625392663/5000000000000000000000000000000000000000000000000000000000000000000000000000000000000000000000000000000000000000000000000000000000000000000000000000000000000000000000000000000000000000000000000000000000000000000000000000000000000000000000000000000000000000000000000000000000000000000000000000000000000000000000 5839184973875580537962327176567401620933837830930010495033079293308442077821920555604648258903314107824481708359865950534397025168664713644615418356997847985498279973080315283379672852073175498671131358096672403439489423624560451862744319377685077420266881438938932236254401064162394010089740581383533429379911/100000000000000000000000000000000000000000000000000000000000000000000000000000000000000000000000000000000000000000000000000000000000000000000000000000000000000000000000000000000000000000000000000000000000000000000000000000000000000000000000000000000000000000000000000000000000000000000000000000000000000000000000

4
9879408903865809228388487988349077427202589258124637363116806967182405855070856991442936856457055005343510873948955256313039342075321233571266986373936707736638764403587301130325859872182760402799810309207177302447145756321492585451403195354681460110826107906499565831597817351430565404279341389224588891859639/100000000000000000000000000000000000000000000000000000000000000000000000000000000000000000000000000000000000000000000000000000000000000000000000000000000000000000000000000000000000000000000000000000000000000000000000000000000000000000000000000000000000000000000000000000000000000000000000000000000000000000000000 1961873006774633072946666985772425249445108489474889197992258712194796688431592781275974494244341206795853242893498685164367430130915514831091693038334939915234282967708753094227800693322510131639745590707075908506440007200067049207791108359509863820519145578348468935432526111807758387830610275811760205992789/10000000000000000000000000000000000000000000000000000000000000000000000000000000000000000000000000000000000000000000000000000000000000000000000000000000000000000000000000000000000000000000000000000000000000000000000000000000000000000000000000000000000000000000000000000000000000000000000000000000000000000000000
-403130059934785439411682104830501509109343993109164963977924293346417101735662823360619590788441764427973692012316855113760391896916520654555560398793312470935482295643958100892842505575368302170361825803359765913443900773206943759176083864202358462253734482319057395863065477863552254155529064402195952853983/20000000000000000000000000000000000000000000000000000000000000000000000000000000000000000000000000000000000000000000000000000000000000000000000000000000000000000000000000000000000000000000000000000000000000000000000000000000000000000000000000000000000000000000000000000000000000000000000000000000000000000000000 -3242376498230966106262647142793116260887732427392223653818092432580264115787203810918627471013139795283086123587762820584077557166769790158742284917415060658103154402021335559190310047793811272425740266523026903448785930532037540558299590091283713248938473619105728229805389079861603368215545616520639862267377/5000000000000000000000000000000000000000000000000000000000000000000000000000000000000000000000000000000000000000000000000000000000000000000000000000000000000000000000000000000000000000000000000000000000000000000000000000000000000000000000000000000000000000000000000000000000000000000000000000000000000000000000
-2426669958241928008432095366692508897259635425969663899312546591526793658957552995439828014468829707846487916002290764036585247923398736211843632319983181504347036348365846510532367270862053297873218783676278924808042039149663618480643863666545703781475135184107688195921906847523165016271743840539351462942957/10000000000000000000000000000000000000000000000000000000000000000000000000000000000000000000000000000000000000000000000000000000000000000000000000000000000000000000000000000000000000000000000000000000000000000000000000000000000000000000000000000000000000000000000000000000000000000000000000000000000000000000000 -1490256831591339826679792390692456467109401727973535941517783892590472546357024649799071619294954031065207789954207428941777444131674735846242644812079673136429773725240290729120859120191772505944266697619183411984782306790993974942122699031912728392248708754568163926570262629716608023878392858360764982471949/2500000000000000000000000000000000000000000000000000000000000000000000000000000000000000000000000000000000000000000000000000000000000000000000000000000000000000000000000000000000000000000000000000000000000000000000000000000000000000000000000000000000000000000000000000000000000000000000000000000000000000000000
-2280763486569697240002817539860664240375040808814766437385449371364519990115323261410100151509631307832866681114600459263860168948491902590524783177612893124019867437694923556951280518063522363381408550614077786924129236840708223441566942763288992441295203436205405997712758263561051403929832017690222177323203/10000000000000000000000000000000000000000000000000000000000000000000000000000000000000000000000000000000000000000000000000000000000000000000000000000000000000000000000000000000000000000000000000000000000000000000000000000000000000000000000000000000000000000000000000000000000000000000000000000000000000000000000 -12706220191687101057706760734618355604679140810537029849436075708528005657417153391535613622921395966818628653389857066854473500601789742603314877145699247499029920331351910203929599951179908565894117652268184834066659652912403399151951251113016822620778084893540939560504180041232731325986310498310465359229/50000000000000000000000000000000000000000000000000000000000000000000000000000000000000000000000000000000000000000000000000000000000000000000000000000000000000000000000000000000000000000000000000000000000000000000000000000000000000000000000000000000000000000000000000000000000000000000000000000000000000000000

