    1    4         0.4694015980E+00
    2    6         0.5050444603E+00
    3   10        -0.2179735899E+00
    4   11        -0.5456721783E-01
    5   12        -0.1980122328E+00
    6   13        -0.2555429935E+00
    7   14        -0.7342071533E+00
    8   15        -0.5451042652E+00
    9   18        -0.4110846519E+00
   10   22        -0.2571147084E+00
   11   23        -0.7316267490E+00
   12   24        -0.5911087394E+00
   13   26        -0.2120552063E+00
   14   29         0.2633345127E-01
   15   30         0.2338600159E+00
   16   32         0.2934423685E+00
   17   34         0.9840857983E-01
   18   35         0.1598882675E+00
   19   42         0.2097403407E+00
   20   43         0.1911538839E+00
   21   44         0.7423514128E-01
   22   49        -0.5188548565E+00
   23   51        -0.2096743584E+00
   24   53        -0.2329782248E+00
   25   54        -0.3145658970E+00
   26   56        -0.5096800625E-01
   27   57        -0.1006740332E+00
   28   58        -0.3853239715E+00
   29   62        -0.3332631588E+00
   30   63        -0.1602528095E+00
   31   64        -0.3799148798E+00
   32   65        -0.2195487022E+00
   33   67        -0.4324551821E+00
   34   74         0.2643795907E+00
