C Pryce #22, Benchmark problem H1
X 9
-1.55 -1.3 -1.0 -0.5 0.0 0.5 1.0 1.3 1.55
C SLEDGE/0 22  1.00D-10    0   2   2.500000000017553D-01  1.00D+20
U   0
   0.0000000000E+00  3.5354308858E+15
   1.0196771009E-01  2.4512263362E+00
   3.6571767022E-01  6.5867625986E-01
   5.1976066890E-01  4.0473964274E-01
   6.6241322522E-01  1.8093899848E-01
   7.0710678119E-01 -1.3398374111E-12
   6.6241322522E-01 -1.8093899848E-01
   5.1976066890E-01 -4.0473964274E-01
   3.6571767022E-01 -6.5867625986E-01
   1.0196771009E-01 -2.4512263362E+00
   0.0000000000E+00 -3.5354308858E+15
C SLEDGE/0 22  1.00D-10    1   2   2.250000000005330D+00  1.00D+20
U   1
   0.0000000000E+00  6.1235575863E+15
   1.7657506450E-01  4.2410578577E+00
   6.1035782522E-01  9.2984083131E-01
   7.5753584135E-01  1.0348791949E-01
   5.5006091489E-01 -8.5662992769E-01
  -2.3010788245E-12 -1.2247448741E+00
  -5.5006091489E-01 -8.5662992769E-01
  -7.5753584135E-01  1.0348791949E-01
  -6.1035782522E-01  9.2984083131E-01
  -1.7657506450E-01  4.2410578577E+00
   0.0000000000E+00  6.1235575863E+15
C SLEDGE/0 22  1.00D-10    2   2   6.250000000008767D+00  1.00D+20
U   2
   0.0000000000E+00  7.9054953121E+15
   2.2785883760E-01  5.4633324741E+00
   7.2999555410E-01  6.8241739163E-01
   6.5329573778E-01 -1.0764818207E+00
  -2.2992198693E-01 -1.9323849777E+00
  -7.9056941504E-01  6.0163776437E-12
  -2.2992198693E-01  1.9323849777E+00
   6.5329573778E-01  1.0764818207E+00
   7.2999555410E-01 -6.8241739163E-01
   2.2785883760E-01 -5.4633324741E+00
   0.0000000000E+00 -7.9054953121E+15
C SLEDGE/1 22  1.00D-10    0    2   15.3980  255178

