C Pryce #21, Benchmark problem M4
X 10
0.0002 0.001 0.002 0.005 0.01 0.02 0.04 0.07 0.1 0.2
C SLEDGE/0 21  1.00D-10    0  -1  -2.986290821092491D+03  1.00D+20
U   0
   7.0710678119E-01  0.0000000000E+00
   7.0710678119E-01  1.4669750471E-13
   7.0710678119E-01  3.6674376177E-13
   7.0710678119E-01  5.8679001883E-13
   7.0710678119E-01  8.8018502824E-13
   7.0710678119E-01  1.1735800377E-12
   7.0710678119E-01 -1.4669750471E-12
   7.0710678119E-01 -1.1735800377E-12
   7.0710678119E-01 -8.8018502824E-13
   7.0710678119E-01 -5.8679001883E-13
   7.0710678119E-01 -3.6674376177E-13
   7.0710678119E-01 -1.4669750471E-13
C SLEDGE/0 21  1.00D-10    1  -1  -1.115557089015093D+02  1.00D+20
U   1
   7.0710678119E-01  0.0000000000E+00
   1.2247449119E+00  0.0000000000E+00
   1.1022703843E+00 -2.3270152556E-01
   9.1855865354E-01 -5.3582588123E-01
   7.3484692283E-01 -7.8383671769E-01
   4.8989794856E-01 -1.0287856920E+00
   2.4494897428E-01 -1.1757550765E+00
  -1.0552856540E-14 -1.2247448714E+00
  -2.4494897428E-01 -1.1757550765E+00
  -4.8989794856E-01 -1.0287856920E+00
  -7.3484692283E-01 -7.8383671769E-01
  -9.1855865354E-01 -5.3582588123E-01
C SLEDGE/0 21  1.00D-10    2  -1  -1.137733981807581D+01  1.00D+20
U   2
  -1.1022703843E+00 -2.3270152556E-01
  -1.2247449119E+00  0.0000000000E+00
   1.5811389870E+00  0.0000000000E+00
   1.1305142635E+00 -8.1112421983E-01
   5.4351647284E-01 -1.5564335359E+00
   6.3245553203E-02 -1.8214719323E+00
  -4.1109609582E-01 -1.5937879407E+00
  -6.9570108524E-01 -9.1073596613E-01
  -7.9056941504E-01 -2.6398423354E-14
  -6.9570108524E-01  9.1073596613E-01
  -4.1109609582E-01  1.5937879407E+00
   6.3245553203E-02  1.8214719323E+00
C SLEDGE/0 21  1.00D-10    3  -1   3.026717665620338D+01  1.00D+20
U   3
   5.4351647284E-01  1.5564335359E+00
   1.1305142635E+00  8.1112421983E-01
   1.5811389870E+00  0.0000000000E+00
   1.8708290648E+00  0.0000000000E+00
   8.8396655763E-01 -1.6262178417E+00
  -1.3154264250E-01 -2.2252630357E+00
  -6.7349832962E-01 -1.4367964365E+00
  -8.2316462509E-01  4.7144883073E-01
  -5.2383203415E-01  2.1551946548E+00
  -2.1316851446E-14  2.8062430401E+00
   5.2383203415E-01  2.1551946548E+00
   8.2316462509E-01  4.7144883073E-01
C SLEDGE/0 21  1.00D-10    4  -1   9.572752229368456D+01  1.00D+20
U   4
   6.7349832962E-01 -1.4367964365E+00
   1.3154264250E-01 -2.2252630357E+00
  -8.8396655763E-01 -1.6262178417E+00
   1.2247449119E+00  0.0000000000E+00
   1.1022703843E+00 -2.3270152556E-01
   9.1855865354E-01 -5.3582588123E-01
   7.3484692283E-01 -7.8383671769E-01
   4.8989794856E-01 -1.0287856920E+00
   2.4494897428E-01 -1.1757550765E+00
  -1.0552856540E-14 -1.2247448714E+00
  -2.4494897428E-01 -1.1757550765E+00
  -4.8989794856E-01 -1.0287856920E+00
C SLEDGE/0 21  1.00D-10    5  -2   1.841172906627578D+02  1.00D+20
U   5
   0.0000000000E+00  2.3265270494E+14
   4.6452780553E-02  2.0924812895E+02
   1.8024556849E-01  1.3739897505E+02
   2.9428850800E-01  9.4573805236E+01
   4.7080381677E-01  3.2317577542E+01
   5.1035268354E-01 -9.9197308396E+00
   2.4972193395E-01 -3.5423308391E+01
  -4.8034668813E-01 -3.2568398114E+01
  -1.0972815600E+00 -8.1805141690E+00
  -1.0230769307E+00  1.1694415279E+01
   1.0429575166E+00  1.5639266846E+01
   0.0000000000E+00  2.0999223522E+01
C SLEDGE/0 21  1.00D-10    6  -2   2.943848036289245D+02  1.00D+20
U   6
   0.0000000000E+00  2.5662846908E+14
   5.1239856112E-02  2.3081127455E+02
   1.9881640223E-01  1.5154688299E+02
   3.2458778459E-01  1.0428134859E+02
   5.1899919038E-01  3.5482825468E+01
   5.6118939934E-01 -1.1346804402E+01
   2.6806206116E-01 -3.9725326237E+01
  -5.4450708824E-01 -3.5719258556E+01
  -1.1741304286E+00 -5.7277791756E+00
  -9.5658040675E-01  1.8225577970E+01
   1.3360326190E+00  8.0683566611E+00
   0.0000000000E+00 -2.5922684075E+01
C SLEDGE/0 21  1.00D-10    7  -2   4.260096649499760D+02  1.00D+20
U   7
   0.0000000000E+00  2.7846981815E+14
   5.5600726403E-02  2.5045442383E+02
   2.1573199627E-01  1.6442982344E+02
   3.5217636598E-01  1.1310653079E+02
   5.6275256139E-01  3.8288870702E+01
   6.0667894767E-01 -1.2835330016E+01
   2.8136587080E-01 -4.3936268258E+01
  -6.0891300518E-01 -3.8417631877E+01
  -1.2241937435E+00 -1.9742551951E+00
  -8.2441723094E-01  2.5731853553E+01
   1.3738490020E+00 -5.6563497378E+00
   0.0000000000E+00  3.0741803435E+01
C SLEDGE/0 21  1.00D-10    8  -2   5.786844733171828D+02  1.00D+20
U   8
   0.0000000000E+00  2.9877395345E+14
   5.9654669666E-02  2.6871482516E+02
   2.3145504581E-01  1.7640029525E+02
   3.7780916812E-01  1.2129122608E+02
   6.0326488688E-01  4.0814706680E+01
   6.4809086787E-01 -1.4419614829E+01
   2.9014378588E-01 -4.8152507577E+01
  -6.7447012875E-01 -4.0687388717E+01
  -1.2476423009E+00  3.0851872702E+00
  -6.3349849090E-01  3.3650851846E+01
   1.0964816221E+00 -2.2812417630E+01
   0.0000000000E+00 -3.5493847079E+01
C SLEDGE/0 21  1.00D-10    9  -1   7.522010575676921D+02  1.00D+20
U   9
  -7.9056941504E-01 -2.6398423354E-14
  -6.9570108524E-01  9.1073596613E-01
  -4.1109609582E-01  1.5937879407E+00
   6.3245553203E-02  1.8214719323E+00
   5.4351647284E-01  1.5564335359E+00
   1.1305142635E+00  8.1112421983E-01
   1.5811389870E+00  0.0000000000E+00
  -1.1944293977E+00  2.0812286358E-02
   2.9154794196E+00  0.0000000000E+00
   3.0822115899E+00  0.0000000000E+00
  -1.1389078070E+00  2.1394776053E+00
   9.5650700469E-01  9.7476722026E-01
C SLEDGE/1 21  1.00D-10    0    9   82.5010 1602618
C SLEDGE/0 21  1.00D-10  100  -2   9.998433109450497D+04  1.00D+20
U 100
   0.0000000000E+00  9.7362031955E+14
   1.9426313433E-01  8.7369555726E+02
   7.4037625274E-01  5.3580319380E+02
   1.1369888266E+00  2.6814267275E+02
   1.0110967815E+00 -2.9798227767E+02
  -1.0309219032E+00 -3.0854528867E+02
   1.1402008188E+00  2.6395437235E+02
   1.2265014702E+00  2.2221250456E+02
  -1.2921305263E+00 -1.8185263597E+02
   1.3349353439E+00  1.4809483384E+02
   1.4076321462E+00  4.6156527879E+01
   0.0000000000E+00 -4.4761754806E+02
C SLEDGE/0 21  1.00D-10  101  -2   1.019847734628133D+05  1.00D+20
U 101
   0.0000000000E+00  9.7891934470E+14
   1.9531769182E-01  8.7841080854E+02
   7.4412660790E-01  5.3793675977E+02
   1.1413131117E+00  2.6712959534E+02
   1.0001240972E+00 -3.0583785125E+02
  -1.0569153244E+00 -3.0167817231E+02
   1.1865312649E+00  2.4430796245E+02
   1.3019372173E+00  1.7513196644E+02
  -1.3848058377E+00 -9.1059239565E+01
   1.4139187263E+00  1.2428033469E+01
   1.2276340189E+00 -2.2493665038E+02
   0.0000000000E+00  4.5206625884E+02
C SLEDGE/0 21  1.00D-10  102  -2   1.040049701622860D+05  1.00D+20
U 102
   0.0000000000E+00  9.8421093839E+14
   1.9637072213E-01  8.8311862002E+02
   7.4786563793E-01  5.4005033194E+02
   1.1455918098E+00  2.6606715574E+02
   9.8890872182E-01 -3.1373042942E+02
  -1.0821174791E+00 -2.9436859120E+02
   1.2288010598E+00  2.2335464898E+02
   1.3583089214E+00  1.2446500413E+02
  -1.4135803348E+00  5.8268056957E+00
   1.3585448371E+00 -1.2715702405E+02
   5.8495697399E-01 -4.1578922474E+02
   0.0000000000E+00 -4.5651487995E+02
C SLEDGE/0 21  1.00D-10  103  -1   1.060449209728433D+05  1.00D+20
U 103
   5.4351647284E-01  1.5564335359E+00
   1.1305142635E+00  8.1112421983E-01
   1.5811389870E+00  0.0000000000E+00
   1.8708290648E+00  0.0000000000E+00
   8.8396655763E-01 -1.6262178417E+00
  -1.3154264250E-01 -2.2252630357E+00
  -6.7349832962E-01 -1.4367964365E+00
  -8.2316462509E-01  4.7144883073E-01
  -5.2383203415E-01  2.1551946548E+00
  -2.1316851446E-14  2.8062430401E+00
   5.2383203415E-01  2.1551946548E+00
   8.2316462509E-01  4.7144883073E-01
C SLEDGE/0 21  1.00D-10  104  -2   1.081046256522211D+05  1.00D+20
U 104
   0.0000000000E+00  9.9477243453E+14
   1.9847230014E-01  8.9251235217E+02
   7.5530994377E-01  5.4421739379E+02
   1.1540122975E+00  2.6379367802E+02
   9.6575910923E-01 -3.2961597227E+02
  -1.1300458910E+00 -2.7842366979E+02
   1.3005303697E+00  1.7775243696E+02
   1.4107074144E+00  1.5221150217E+01
  -1.2768783796E+00  1.9997341878E+02
   8.7772512254E-01 -3.6521242131E+02
  -1.0366382339E+00 -3.1689118512E+02
   0.0000000000E+00 -4.6541186234E+02
C SLEDGE/1 21  1.00D-10  100  104   36.9070  697560

