C Pryce #36, Benchmark problem Q2
X 6
0.5 1.0 1.3 1.6 2.0 2.4
C SLEDGE/0 36  1.00D-10    0   0  -1.923529655114416D+03  1.00D+20
U   0
   0.0000000000E+00  1.5292569760E-66
   3.0878860270E-18  4.0267283164E-16
   2.8495358950E-02  8.7242776280E-01
   2.1946178566E+00  1.8917667333E+00
   1.5531689477E-01 -2.6411790443E+00
   9.0531679920E-06 -2.7390504477E-04
   1.1279948745E-11 -4.1702396202E-10
   0.0000000000E+00  0.0000000000E+00
C SLEDGE/0 36  1.00D-10    1   0  -1.777290818662759D+03  1.00D+20
U   1
   0.0000000000E+00  9.6221933149E-66
   1.6379040633E-17  2.1267676188E-15
   8.4788350392E-02  2.3988968952E+00
   5.9167447621E-01 -2.4759880170E+01
  -6.5801701010E-01  8.2113948915E+00
  -1.3780453296E-04  3.8266305030E-03
  -4.1629183847E-10  1.4547593299E-08
   0.0000000000E+00  0.0000000000E+00
C SLEDGE/1 36  1.00D-10    0    1    2.1650   28441
C SLEDGE/0 36  1.00D-10   25  -2  -1.767015971893687D+00  1.00D+20
U  25
   0.0000000000E+00  1.3667322932E-61
   2.4268088488E-13  2.9820936584E-11
  -2.9181740696E-02 -6.8900368855E+00
  -1.1897774368E-02 -8.0579266835E+00
  -8.9617777541E-02 -6.8251810464E+00
  -1.1528994000E-01  5.7150934663E+00
  -2.2414355822E-01 -2.5870767497E+00
   0.0000000000E+00  0.0000000000E+00
C SLEDGE/1 36  1.00D-10   25   25    7.7960  119448

