C Pryce #28, Benchmark problem I1
X 7
-5.0 -2.5 -1.0 0.0 1.0 2.5 5.0
C SLEDGE/0 28  1.00D-10    0   0   9.999999999999859D-01  1.00D+20
U   0
   0.0000000000E+00  0.0000000000E+00
   2.7991792943E-06  1.3995929577E-05
   3.3002153191E-02  8.2505382975E-02
   4.5558067201E-01  4.5558067201E-01
   7.5112554458E-01  1.5552450385E-14
   4.5558067208E-01 -4.5558067208E-01
   3.3002153195E-02 -8.2505382987E-02
   2.7991792947E-06 -1.3995929579E-05
   0.0000000000E+00  0.0000000000E+00
C SLEDGE/0 28  1.00D-10    1   0   2.999999999999981D+00  1.00D+20
U   1
   0.0000000000E+00  0.0000000000E+00
   1.9793222143E-05  9.5007471226E-05
   1.1668023157E-01  2.4502848630E-01
   6.4428836511E-01 -2.2085244433E-15
   1.1393541878E-15 -1.0622519325E+00
  -6.4428836541E-01  1.6136529713E-15
  -1.1668023163E-01  2.4502848641E-01
  -1.9793222152E-05  9.5007471268E-05
   0.0000000000E+00  0.0000000000E+00
C SLEDGE/0 28  1.00D-10    2   0   5.000000000000254D+00  1.00D+20
U   2
   0.0000000000E+00  0.0000000000E+00
   9.6986788931E-05  4.4534751042E-04
   2.6836453262E-01  4.3755086840E-01
   3.2214418256E-01 -9.6643254769E-01
  -5.3112596626E-01 -1.6318650380E-13
   3.2214418270E-01  9.6643254811E-01
   2.6836453274E-01 -4.3755086859E-01
   9.6986788973E-05 -4.4534751061E-04
   0.0000000000E+00  0.0000000000E+00
C SLEDGE/0 28  1.00D-10    3   0   7.000000000000277D+00  1.00D+20
U   3
   0.0000000000E+00  0.0000000000E+00
   3.7978581748E-04  1.6613609402E-03
   4.5252779817E-01  4.7396332545E-01
  -2.6302962362E-01 -1.0521184945E+00
  -4.3323009531E-14  1.3009876065E+00
   2.6302962374E-01 -1.0521184950E+00
  -4.5252779837E-01  4.7396332566E-01
  -3.7978581765E-04  1.6613609409E-03
   0.0000000000E+00  0.0000000000E+00
C SLEDGE/0 28  1.00D-10    4   0   8.999999999999483D+00  1.00D+20
U   4
   0.0000000000E+00  0.0000000000E+00
   1.2587526104E-03  5.2195665476E-03
   5.6755318419E-01  1.3894106141E-01
  -4.6497507630E-01  2.7898504578E-01
   4.5996857939E-01 -3.4525275571E-13
  -4.6497507650E-01 -2.7898504590E-01
   5.6755318444E-01 -1.3894106147E-01
   1.2587526109E-03 -5.2195665499E-03
   0.0000000000E+00  0.0000000000E+00
C SLEDGE/0 28  1.00D-10    5   0   1.099999999999932D+01  1.00D+20
U   5
   0.0000000000E+00  0.0000000000E+00
   3.6408344982E-03  1.4223647235E-02
   4.9262721028E-01 -5.6319272959E-01
  -5.8815211852E-02  1.4115650844E+00
   8.3080414155E-15 -1.4545483630E+00
   5.8815211879E-02  1.4115650851E+00
  -4.9262721050E-01 -5.6319272985E-01
  -3.6408344998E-03  1.4223647241E-02
   0.0000000000E+00  0.0000000000E+00
C SLEDGE/0 28  1.00D-10    6   0   1.300000000000196D+01  1.00D+20
U   6
   0.0000000000E+00  0.0000000000E+00
   9.3611052238E-03  3.4193305452E-02
   1.9294332856E-01 -1.2241523934E+00
   3.9050525154E-01  5.9424712191E-01
  -4.1989194446E-01 -2.4166106287E-13
   3.9050525172E-01 -5.9424712218E-01
   1.9294332865E-01  1.2241523939E+00
   9.3611052281E-03 -3.4193305467E-02
   0.0000000000E+00  0.0000000000E+00
C SLEDGE/0 28  1.00D-10    7   0   1.500000000000212D+01  1.00D+20
U   7
   0.0000000000E+00  0.0000000000E+00
   2.1647848319E-02  7.3213193087E-02
  -1.9825280492E-01 -1.2175598428E+00
   2.6318614231E-01 -1.1979507167E+00
   7.6802400644E-14  1.5710917956E+00
  -2.6318614243E-01 -1.1979507172E+00
   1.9825280501E-01 -1.2175598434E+00
  -2.1647848328E-02  7.3213193121E-02
   0.0000000000E+00  0.0000000000E+00
C SLEDGE/0 28  1.00D-10    8   0   1.699999999999353D+01  1.00D+20
U   8
   0.0000000000E+00  0.0000000000E+00
   4.5363108669E-02  1.4022415008E-01
  -4.2829796379E-01 -2.7773368979E-01
  -2.3369114360E-01 -1.2864357129E+00
   3.9277294890E-01 -2.9863926841E-13
  -2.3369114371E-01  1.2864357135E+00
  -4.2829796398E-01  2.7773368991E-01
   4.5363108689E-02 -1.4022415014E-01
   0.0000000000E+00  0.0000000000E+00
C SLEDGE/0 28  1.00D-10    9   0   1.900000000000007D+01  1.00D+20
U   9
   0.0000000000E+00  0.0000000000E+00
   8.6512085399E-02  2.4010105645E-01
  -3.1783945395E-01  1.0225157326E+00
  -3.5829733616E-01  6.3317021793E-01
   1.2884022836E-14 -1.6663944900E+00
   3.5829733550E-01  6.3317021676E-01
   3.1783945336E-01  1.0225157307E+00
  -8.6512085238E-02  2.4010105600E-01
   0.0000000000E+00  0.0000000000E+00
C SLEDGE/1 28  1.00D-10    0    9    8.6690  160464
C SLEDGE/0 28  1.00D-10  100  -1   2.010000000178973D+02  1.00D+20
U 100
   0.0000000000E+00  0.0000000000E+00
   2.7991792943E-06  1.3995929577E-05
   3.3002153191E-02  8.2505382975E-02
   4.5558067201E-01  4.5558067201E-01
   7.5112554458E-01  1.5552450385E-14
   4.5558067208E-01 -4.5558067208E-01
   3.3002153195E-02 -8.2505382987E-02
   2.7991792947E-06 -1.3995929579E-05
   0.0000000000E+00  0.0000000000E+00
C SLEDGE/0 28  1.00D-10  101  -1   2.030000000201958D+02  1.00D+20
U 101
   0.0000000000E+00  0.0000000000E+00
   1.9793222143E-05  9.5007471226E-05
   1.1668023157E-01  2.4502848630E-01
   6.4428836511E-01 -2.2085244433E-15
   1.1393541878E-15 -1.0622519325E+00
  -6.4428836541E-01  1.6136529713E-15
  -1.1668023163E-01  2.4502848641E-01
  -1.9793222152E-05  9.5007471268E-05
   0.0000000000E+00  0.0000000000E+00
C SLEDGE/0 28  1.00D-10  102  -1   2.050000000982520D+02  1.00D+20
U 102
   0.0000000000E+00  0.0000000000E+00
   9.6986788931E-05  4.4534751042E-04
   2.6836453262E-01  4.3755086840E-01
   3.2214418256E-01 -9.6643254769E-01
  -5.3112596626E-01 -1.6318650380E-13
   3.2214418270E-01  9.6643254811E-01
   2.6836453274E-01 -4.3755086859E-01
   9.6986788973E-05 -4.4534751061E-04
   0.0000000000E+00  0.0000000000E+00
C SLEDGE/0 28  1.00D-10  103  -1   2.070000000256635D+02  1.00D+20
U 103
   0.0000000000E+00  0.0000000000E+00
   3.7978581748E-04  1.6613609402E-03
   4.5252779817E-01  4.7396332545E-01
  -2.6302962362E-01 -1.0521184945E+00
  -4.3323009531E-14  1.3009876065E+00
   2.6302962374E-01 -1.0521184950E+00
  -4.5252779837E-01  4.7396332566E-01
  -3.7978581765E-04  1.6613609409E-03
   0.0000000000E+00  0.0000000000E+00
C SLEDGE/0 28  1.00D-10  104  -1   2.090000000289012D+02  1.00D+20
U 104
   0.0000000000E+00  0.0000000000E+00
   1.2587526104E-03  5.2195665476E-03
   5.6755318419E-01  1.3894106141E-01
  -4.6497507630E-01  2.7898504578E-01
   4.5996857939E-01 -3.4525275571E-13
  -4.6497507650E-01 -2.7898504590E-01
   5.6755318444E-01 -1.3894106147E-01
   1.2587526109E-03 -5.2195665499E-03
   0.0000000000E+00  0.0000000000E+00
C SLEDGE/1 28  1.00D-10  100  104   35.3690  723880

