C Pryce #20, Benchmark problem M3
X 11
-0.9 -0.75 -0.6 -0.4 -0.2 0.0 0.2 0.4 0.6 0.75 0.9
C SLEDGE/0 20  1.00D-10    0  52  -2.074616007225466D-12  1.00D+20
U   0
   7.0710678119E-01  0.0000000000E+00
   7.0710678119E-01  1.4669750471E-13
   7.0710678119E-01  3.6674376177E-13
   7.0710678119E-01  5.8679001883E-13
   7.0710678119E-01  8.8018502824E-13
   7.0710678119E-01  1.1735800377E-12
   7.0710678119E-01 -1.4669750471E-12
   7.0710678119E-01 -1.1735800377E-12
   7.0710678119E-01 -8.8018502824E-13
   7.0710678119E-01 -5.8679001883E-13
   7.0710678119E-01 -3.6674376177E-13
   7.0710678119E-01 -1.4669750471E-13
   7.0710678119E-01  0.0000000000E+00
C SLEDGE/0 20  1.00D-10    1  52   1.999999999999998D+00  1.00D+20
U   1
   1.2247449119E+00  0.0000000000E+00
   1.1022703843E+00 -2.3270152556E-01
   9.1855865354E-01 -5.3582588123E-01
   7.3484692283E-01 -7.8383671769E-01
   4.8989794856E-01 -1.0287856920E+00
   2.4494897428E-01 -1.1757550765E+00
  -1.0552856540E-14 -1.2247448714E+00
  -2.4494897428E-01 -1.1757550765E+00
  -4.8989794856E-01 -1.0287856920E+00
  -7.3484692283E-01 -7.8383671769E-01
  -9.1855865354E-01 -5.3582588123E-01
  -1.1022703843E+00 -2.3270152556E-01
  -1.2247449119E+00  0.0000000000E+00
C SLEDGE/0 20  1.00D-10    2  -2   6.000000000000288D+00  1.00D+20
U   2
   1.5811389870E+00  0.0000000000E+00
   1.1305142635E+00 -8.1112421983E-01
   5.4351647284E-01 -1.5564335359E+00
   6.3245553203E-02 -1.8214719323E+00
  -4.1109609582E-01 -1.5937879407E+00
  -6.9570108524E-01 -9.1073596613E-01
  -7.9056941504E-01 -2.6398423354E-14
  -6.9570108524E-01  9.1073596613E-01
  -4.1109609582E-01  1.5937879407E+00
   6.3245553203E-02  1.8214719323E+00
   5.4351647284E-01  1.5564335359E+00
   1.1305142635E+00  8.1112421983E-01
   1.5811389870E+00  0.0000000000E+00
C SLEDGE/0 20  1.00D-10    3  -2   1.200000000000158D+01  1.00D+20
U   3
   1.8708290648E+00  0.0000000000E+00
   8.8396655763E-01 -1.6262178417E+00
  -1.3154264250E-01 -2.2252630357E+00
  -6.7349832962E-01 -1.4367964365E+00
  -8.2316462509E-01  4.7144883073E-01
  -5.2383203415E-01  2.1551946548E+00
  -2.1316851446E-14  2.8062430401E+00
   5.2383203415E-01  2.1551946548E+00
   8.2316462509E-01  4.7144883073E-01
   6.7349832962E-01 -1.4367964365E+00
   1.3154264250E-01 -2.2252630357E+00
  -8.8396655763E-01 -1.6262178417E+00
  -1.8708290648E+00  0.0000000000E+00
C SLEDGE/0 20  1.00D-10    4  -2   2.000000000000596D+01  1.00D+20
U   4
   2.1213210454E+00  0.0000000000E+00
   4.4110204894E-01 -2.4213280731E+00
  -7.4266928044E-01 -1.6313864947E+00
  -8.6549870017E-01  9.7750441431E-01
  -2.3970919882E-01  3.3499890866E+00
   4.9214631971E-01  2.7695958406E+00
   7.9549512884E-01  1.1029063392E-13
   4.9214631971E-01 -2.7695958406E+00
  -2.3970919882E-01 -3.3499890866E+00
  -8.6549870017E-01 -9.7750441431E-01
  -7.4266928044E-01  1.6313864947E+00
   4.4110204894E-01  2.4213280731E+00
   2.1213210454E+00  0.0000000000E+00
C SLEDGE/0 20  1.00D-10    5  -2   3.000000000001634D+01  1.00D+20
U   5
   2.3452090437E+00  0.0000000000E+00
  -9.6484783687E-02 -2.8724648443E+00
  -9.7650196269E-01  4.4337655078E-01
  -3.5797253079E-01  3.7103064827E+00
   6.3470706062E-01  2.5944565734E+00
   7.2119832723E-01 -1.9992428135E+00
  -1.3904607404E-14 -4.3972647748E+00
  -7.2119832723E-01 -1.9992428135E+00
  -6.3470706062E-01  2.5944565734E+00
   3.5797253079E-01  3.7103064827E+00
   9.7650196269E-01  4.4337655078E-01
   9.6484783687E-02 -2.8724648443E+00
  -2.3452090437E+00  0.0000000000E+00
C SLEDGE/0 20  1.00D-10    6  -2   4.200000000003769D+01  1.00D+20
U   6
   2.5495115280E+00  0.0000000000E+00
  -6.1485076771E-01 -2.6908540360E+00
  -7.1584364372E-01  3.1481209229E+00
   4.3876043110E-01  3.9144805677E+00
   7.4607833719E-01 -2.3494079142E+00
  -2.0542929816E-01 -4.9506666003E+00
  -7.9672179900E-01  1.2372446735E-13
  -2.0542929816E-01  4.9506666003E+00
   7.4607833719E-01  2.3494079142E+00
   4.3876043110E-01 -3.9144805677E+00
  -7.1584364372E-01 -3.1481209229E+00
  -6.1485076771E-01  2.6908540360E+00
   2.5495115280E+00  0.0000000000E+00
C SLEDGE/0 20  1.00D-10    7  -2   5.600000000007805D+01  1.00D+20
U   7
   2.7386153243E+00  0.0000000000E+00
  -1.0073302315E+00 -1.7229907674E+00
  -9.3615376244E-02  4.8910952227E+00
   8.8347210348E-01  4.1145269064E-01
  -3.9957456013E-02 -5.7217977187E+00
  -8.0382886183E-01  4.1930484120E-01
   3.2633735613E-14  5.9907154727E+00
   8.0382886183E-01  4.1930484120E-01
   3.9957456013E-02 -5.7217977187E+00
  -8.8347210348E-01  4.1145269064E-01
   9.3615376244E-02  4.8910952227E+00
   1.0073302315E+00 -1.7229907674E+00
  -2.7386153243E+00  0.0000000000E+00
C SLEDGE/0 20  1.00D-10    8  -2   7.200000000014715D+01  1.00D+20
U   8
   2.9154794196E+00  0.0000000000E+00
  -1.1944293977E+00 -2.0812286358E-02
   5.7612517682E-01  4.2540404886E+00
   6.1906983030E-01 -4.5526878216E+00
  -7.7843003713E-01 -2.1506724367E+00
  -1.1535022277E-01  6.6613690081E+00
   7.9720045438E-01 -1.6111013037E-13
  -1.1535022277E-01 -6.6613690081E+00
  -7.7843003713E-01  2.1506724367E+00
   6.1906983030E-01  4.5526878216E+00
   5.7612517682E-01 -4.2540404886E+00
  -1.1944293977E+00  2.0812286358E-02
   2.9154794196E+00  0.0000000000E+00
C SLEDGE/0 20  1.00D-10    9  -2   9.000000000025787D+01  1.00D+20
U   9
   3.0822115899E+00  0.0000000000E+00
  -1.1389078070E+00  2.1394776053E+00
   9.5650700469E-01  9.7476722026E-01
  -1.4209911267E-01 -6.6575955289E+00
  -5.8180836626E-01  5.3120138881E+00
   7.5809075733E-01  2.4620854954E+00
   3.9437151387E-14 -7.5851187927E+00
  -7.5809075733E-01  2.4620854954E+00
   5.8180836626E-01  5.3120138881E+00
   1.4209911267E-01 -6.6575955289E+00
  -9.5650700469E-01  9.7476722026E-01
   1.1389078070E+00  2.1394776053E+00
  -3.0822115899E+00  0.0000000000E+00
C SLEDGE/1 20  1.00D-10    0    9  101.5700 1514416
C SLEDGE/0 20  1.00D-10  100  -1   1.010000002408785D+04  1.00D+20
U 100
   7.0710678119E-01  0.0000000000E+00
   7.0710678119E-01  1.4669750471E-13
   7.0710678119E-01  3.6674376177E-13
   7.0710678119E-01  5.8679001883E-13
   7.0710678119E-01  8.8018502824E-13
   7.0710678119E-01  1.1735800377E-12
   7.0710678119E-01 -1.4669750471E-12
   7.0710678119E-01 -1.1735800377E-12
   7.0710678119E-01 -8.8018502824E-13
   7.0710678119E-01 -5.8679001883E-13
   7.0710678119E-01 -3.6674376177E-13
   7.0710678119E-01 -1.4669750471E-13
   7.0710678119E-01  0.0000000000E+00
C SLEDGE/0 20  1.00D-10  101  -1   1.030200002529953D+04  1.00D+20
U 101
   1.2247449119E+00  0.0000000000E+00
   1.1022703843E+00 -2.3270152556E-01
   9.1855865354E-01 -5.3582588123E-01
   7.3484692283E-01 -7.8383671769E-01
   4.8989794856E-01 -1.0287856920E+00
   2.4494897428E-01 -1.1757550765E+00
  -1.0552856540E-14 -1.2247448714E+00
  -2.4494897428E-01 -1.1757550765E+00
  -4.8989794856E-01 -1.0287856920E+00
  -7.3484692283E-01 -7.8383671769E-01
  -9.1855865354E-01 -5.3582588123E-01
  -1.1022703843E+00 -2.3270152556E-01
  -1.2247449119E+00  0.0000000000E+00
C SLEDGE/0 20  1.00D-10  102  -1   1.050600002655990D+04  1.00D+20
U 102
   1.5811389870E+00  0.0000000000E+00
   1.1305142635E+00 -8.1112421983E-01
   5.4351647284E-01 -1.5564335359E+00
   6.3245553203E-02 -1.8214719323E+00
  -4.1109609582E-01 -1.5937879407E+00
  -6.9570108524E-01 -9.1073596613E-01
  -7.9056941504E-01 -2.6398423354E-14
  -6.9570108524E-01  9.1073596613E-01
  -4.1109609582E-01  1.5937879407E+00
   6.3245553203E-02  1.8214719323E+00
   5.4351647284E-01  1.5564335359E+00
   1.1305142635E+00  8.1112421983E-01
   1.5811389870E+00  0.0000000000E+00
C SLEDGE/0 20  1.00D-10  103  -1   1.071200002786976D+04  1.00D+20
U 103
   1.8708290648E+00  0.0000000000E+00
   8.8396655763E-01 -1.6262178417E+00
  -1.3154264250E-01 -2.2252630357E+00
  -6.7349832962E-01 -1.4367964365E+00
  -8.2316462509E-01  4.7144883073E-01
  -5.2383203415E-01  2.1551946548E+00
  -2.1316851446E-14  2.8062430401E+00
   5.2383203415E-01  2.1551946548E+00
   8.2316462509E-01  4.7144883073E-01
   6.7349832962E-01 -1.4367964365E+00
   1.3154264250E-01 -2.2252630357E+00
  -8.8396655763E-01 -1.6262178417E+00
   1.2247449119E+00  0.0000000000E+00
C SLEDGE/0 20  1.00D-10  104  -1   1.092000002923001D+04  1.00D+20
U 104
   1.1022703843E+00 -2.3270152556E-01
   9.1855865354E-01 -5.3582588123E-01
   7.3484692283E-01 -7.8383671769E-01
   4.8989794856E-01 -1.0287856920E+00
   2.4494897428E-01 -1.1757550765E+00
  -1.0552856540E-14 -1.2247448714E+00
  -2.4494897428E-01 -1.1757550765E+00
  -4.8989794856E-01 -1.0287856920E+00
  -7.3484692283E-01 -7.8383671769E-01
  -9.1855865354E-01 -5.3582588123E-01
  -1.1022703843E+00 -2.3270152556E-01
  -1.2247449119E+00  0.0000000000E+00
   2.1213210454E+00  0.0000000000E+00
C SLEDGE/1 20  1.00D-10  100  104   63.7010  899884

