C Pryce #35, Benchmark problem Q1
X 8
-2.0 -1.0 -0.5 0.0 0.5 1.0 2.0 4.0
C SLEDGE/0 35  1.00D-10    0   0  -6.25D+00  1.00D+20
U   0
   0.0000000000E+00  0.0000000000E+00
   6.3047172953E-07  1.2399617270E-05
   6.3009250683E-02  3.5630757676E-01
   4.4673394905E-01  1.0927844198E+00
   8.9616723062E-01  4.4808361531E-01
   8.3592179139E-01 -5.6876789168E-01
   4.9004082961E-01 -6.8427423438E-01
   8.0811653949E-02 -1.6921913064E-01
   7.7350752556E-04 -1.8912669603E-03
   0.0000000000E+00 -1.2496596119E-09
C SLEDGE/0 35  1.00D-10    1   0  -2.25D+00  1.00D+20
U   1
   0.0000000000E+00  0.0000000000E+00
   9.9348417898E-07  1.9440519566E-05
   8.2369486821E-02  4.3902098399E-01
   4.6089073707E-01  8.1453908234E-01
   5.1740239202E-01 -7.7610358808E-01
  -1.4355162163E-01 -1.4937369612E+00
  -6.8936527211E-01 -5.7553763995E-01
  -5.4952702493E-01  4.6120946037E-01
  -4.7425650188E-02  6.7192830278E-02
   0.0000000000E+00  1.9066387493E-05
C SLEDGE/0 35  1.00D-10    2   0  -2.5D-01  1.00D+20
U   2
   0.0000000000E+00  0.0000000000E+00
   7.7757932897E-07  1.5176980410E-05
   5.8629316040E-02  3.0263028602E-01
   2.8874416038E-01  3.9903403233E-01
   2.1223079998E-01 -7.4304981029E-01
  -2.3250625142E-01 -7.2396117112E-01
  -3.3894890378E-01  2.9585690582E-01
   3.1145755552E-01  5.8949619723E-01
   4.8623621999E-01 -1.5992322086E-01
   0.0000000000E+00 -2.8704460653E-02
C SLEDGE/1 35  1.00D-10    0    2   11.3380  196462

