    1    3         0.1331131789E-02
    2    4         0.2973472234E-02
    3    5         0.4705902655E-02
    4    6         0.5781149492E-02
    5    9         0.1659088768E-01
    6   10         0.1272980031E-01
    7   11         0.1220822241E-01
    8   12         0.1205707528E-01
    9   13         0.1208054088E-01
   10   16         0.3415307729E-02
   11   17         0.2822832670E-02
   12   18         0.2012426965E-02
   13   19         0.1166028250E-01
   14   20         0.7806319278E-02
   15   21         0.7161397021E-02
   16   22         0.5892931018E-02
   17   23         0.1738581341E-02
   18   26        -0.8299189358E-04
   19   27        -0.1109739242E-03
   20   28        -0.1605783938E-02
   21   29        -0.3251414164E-03
   22   31        -0.3611096472E-03
   23   33        -0.1045868848E-03
   24   36        -0.7436564192E-03
   25   38        -0.3109377285E-03
   26   39        -0.2998496057E-03
   27   41        -0.1748843206E-03
   28   43        -0.2626504283E-03
   29   44        -0.2252670936E-02
   30   45        -0.1945595630E-01
   31   46        -0.1947497390E-01
   32   47        -0.1534189505E-03
   33   49        -0.3417384811E-02
   34   51        -0.5675701890E-02
   35   52        -0.5269632675E-02
   36   53        -0.6306286901E-02
   37   54        -0.7795932237E-02
   38   55        -0.6024176255E-02
   39   56        -0.7088233251E-02
   40   57        -0.7747400086E-02
   41   58        -0.8430613205E-02
   42   59        -0.7847730070E-02
   43   60        -0.1167593244E-01
   44   61        -0.1193620637E-01
   45   62        -0.1284118555E-01
   46   63        -0.1294785365E-01
   47   64        -0.1329473034E-01
   48   65        -0.2052239375E-02
   49   67        -0.3150078701E-02
   50   73         0.6552545237E-03
   51   74         0.2406768734E-02
   52   75         0.1831034548E-02
   53   76         0.1675571781E-02
   54   78         0.2403018589E-03
   55   80         0.1270259265E-02
   56   81         0.1581514487E-02
   57   84         0.6949943781E-04
   58   85         0.1528810753E-04
   59   86         0.9431348299E-03
   60   87         0.9949244559E-03
   61   90         0.2837256470E-03
   62   91         0.7493559388E-03
   63   92         0.2606677590E-02
   64   93         0.2693642164E-02
   65   94         0.1347191632E-02
   66   95         0.1410919824E-02
   67   96         0.1143593690E-02
   68   97         0.1070613856E-02
   69   98         0.3182079177E-02
   70   99         0.7948865183E-02
   71  100         0.1624070806E-02
