    1    4         0.2999132732E-02
    2    5         0.2195404377E-02
    3    6         0.3233431652E-01
    4    7         0.2466418222E-01
    5    9         0.1630315091E-02
    6   10         0.4980541999E-03
    7   11         0.2983856248E-03
    8   13         0.1930742001E-03
    9   15         0.6861093454E-02
   10   16         0.8158665150E-02
   11   17         0.8439095691E-02
   12   19         0.7955024019E-02
   13   20         0.8362101391E-02
   14   21         0.8590952493E-02
   15   22         0.6227730308E-02
   16   26        -0.5624763435E-04
   17   28        -0.1161997020E-01
   18   29        -0.1053741854E-01
   19   30        -0.5287297536E-03
   20   31        -0.3867140331E-03
   21   33        -0.1938980713E-03
   22   36        -0.2510506427E-02
   23   37        -0.8399963262E-03
   24   38        -0.7095233887E-03
   25   39        -0.6104765926E-03
   26   41        -0.1410487457E-03
   27   44        -0.8428427391E-02
   28   45        -0.1069645118E-01
   29   46        -0.5595258903E-02
   30   47        -0.4549393430E-02
   31   48        -0.2990758279E-02
   32   49        -0.1022919174E-01
   33   51        -0.4156208306E-03
   34   52        -0.5506542038E-05
   35   53        -0.3413437633E-02
   36   54        -0.4456224851E-02
   37   55        -0.3811408067E-02
   38   56        -0.4690864123E-02
   39   57        -0.5307190586E-02
   40   58        -0.5976928864E-02
   41   60        -0.5118114495E-04
   42   61        -0.1015413654E-03
   43   62        -0.7517904160E-03
   44   63        -0.5985097960E-03
   45   64        -0.5595014431E-02
   46   65        -0.2918375656E-02
   47   67        -0.2090825234E-02
   48   68        -0.1104357289E-03
   49   73         0.1087452634E-02
   50   74         0.1923536649E-02
   51   75         0.1557715703E-02
   52   76         0.2639347622E-04
   53   78         0.6975087454E-03
   54   80         0.9933373658E-03
   55   81         0.4119549703E-03
   56   84         0.1382682822E-03
   57   86         0.5143399176E-04
   58   87         0.4201920237E-03
   59   90         0.2870349272E-03
   60   91         0.1485012355E-02
   61   92         0.3207237460E-02
   62   93         0.2994357143E-02
   63   94         0.2645583125E-02
   64   95         0.2659143880E-02
   65   96         0.1048666541E-02
   66   97         0.5919263349E-03
   67   98         0.3161045490E-02
   68   99         0.1157616265E-01
   69  100         0.2084092703E-02
