    1  100
    1    0.4196166992E-03   -0.4986664653E+00    0.2679344499E-02   -0.4986664653E+00
    2    0.1632712781E-01    0.1467082202E+00    0.1176088466E-02    0.1467082202E+00    0.0000000000E+00
    3    0.5256734788E-01    0.5965234637E+00    0.9887460619E-02    0.4448600113E+00    0.0000000000E+00
    4    0.5687803030E-01   -0.1409056783E-01    0.8756154566E-03    0.4448600113E+00    0.2999132732E-02
    5    0.1055543125E+00    0.5122967958E+00    0.2234604806E+00    0.4448600113E+00    0.2195404377E-02
    6    0.1057450473E+00   -0.1146335304E+00    0.6854534149E-02    0.4448600113E+00    0.3233431652E-01
    7    0.1119630784E+00    0.1689255834E+00    0.4469209909E-01    0.4448600113E+00    0.2466418222E-01
    8    0.1129167527E+00    0.8424775004E+00    0.4004612099E-02    0.6389228106E+00    0.0000000000E+00
    9    0.1235599071E+00    0.1747841835E+00    0.1219744328E-02    0.6389228106E+00    0.1630315091E-02
   10    0.1585030556E+00    0.4430579543E+00    0.5097100511E-03    0.6389228106E+00    0.4980541999E-03
   11    0.2421225607E+00    0.5085961819E+00    0.1144761452E-02    0.6389228106E+00    0.2983856248E-03
   12    0.2793545127E+00    0.6671133637E+00    0.4468790442E-01    0.6649531126E+00    0.0000000000E+00
   13    0.2803082764E+00    0.5216986537E+00    0.6738760858E-03    0.6649531126E+00    0.1930742001E-03
   14    0.3435568511E+00    0.1055015683E+01    0.1176078711E-01    0.7633220553E+00    0.0000000000E+00
   15    0.3471809030E+00    0.1350390315E+01    0.1105128671E-02    0.7633220553E+00    0.6861093454E-02
   16    0.3857480884E+00    0.9371343255E+00    0.8067042800E-03    0.7633220553E+00    0.8158665150E-02
   17    0.4385824502E+00    0.7028972507E+00    0.6983140111E-01    0.7633220553E+00    0.8439095691E-02
   18    0.4391928017E+00    0.1274271011E+01    0.1151858177E-01    0.9289583564E+00    0.0000000000E+00
   19    0.4428930581E+00    0.1037898064E+01    0.1868362073E-02    0.9289583564E+00    0.7955024019E-02
   20    0.4657053947E+00    0.1032601118E+01    0.1104036695E-02    0.9289583564E+00    0.8362101391E-02
   21    0.5043107271E+00    0.6307239532E+00    0.3962021321E-02    0.9289583564E+00    0.8590952493E-02
   22    0.5150682926E+00    0.6809198856E+00    0.1255396008E-01    0.9289583564E+00    0.6227730308E-02
   23    0.5184633732E+00    0.1135946989E+01    0.7980731875E-01    0.1135946989E+01    0.0000000000E+00
   24    0.5189974308E+00    0.1293107748E+01    0.3208745911E-03    0.1293107748E+01    0.0000000000E+00
   25    0.6518272161E+00    0.5389159918E+00    0.3879461437E-03    0.6114100218E+00    0.0000000000E+00
   26    0.7616922259E+00    0.6321765184E+00    0.1354287961E-02    0.6114100218E+00   -0.5624763435E-04
   27    0.7931638956E+00    0.1163604259E+00    0.1802009903E-01    0.4387773573E+00    0.0000000000E+00
   28    0.7955291271E+00    0.7037745714E+00    0.2042571083E-02    0.4387773573E+00   -0.1161997020E-01
   29    0.8163958192E+00    0.7478320599E+00    0.1619242318E-01    0.4387773573E+00   -0.1053741854E-01
   30    0.8190280199E+00    0.4986451268E+00    0.1186078298E-02    0.4387773573E+00   -0.5287297536E-03
   31    0.8549630046E+00    0.6620241404E+00    0.8661133470E-03    0.4387773573E+00   -0.3867140331E-03
   32    0.9041733146E+00    0.1486998498E+00    0.3934098408E-02    0.1733431220E+00    0.0000000000E+00
   33    0.9150072336E+00    0.2223693430E+00    0.1977493521E-02    0.1733431220E+00   -0.1938980713E-03
   34    0.9365606308E+00    0.1558519900E-01    0.1172388089E-02    0.1558519900E-01    0.0000000000E+00
   35    0.9729152322E+00   -0.3486215174E+00    0.5729664117E-02   -0.1295417994E+00    0.0000000000E+00
   36    0.9803540111E+00    0.3342832625E-01    0.5125203636E-02   -0.1295417994E+00   -0.2510506427E-02
   37    0.9886701107E+00   -0.1238780320E+00    0.1151821017E-01   -0.1295417994E+00   -0.8399963262E-03
   38    0.9923704863E+00   -0.9306252003E-01    0.1357576461E-02   -0.1295417994E+00   -0.7095233887E-03
   39    0.1023765922E+01    0.1689177752E-01    0.2084482927E-02   -0.1295417994E+00   -0.6104765926E-03
   40    0.1044213057E+01   -0.1906924844E+00    0.7162195165E-02   -0.1808457226E+00    0.0000000000E+00
   41    0.1050163984E+01   -0.1365345418E+00    0.1591570559E-02   -0.1808457226E+00   -0.1410487457E-03
   42    0.1076943636E+01   -0.4736579657E+00    0.3406377276E-02   -0.4736579657E+00    0.0000000000E+00
   43    0.1089455962E+01   -0.6832471490E+00    0.2280063555E-01   -0.4984182417E+00    0.0000000000E+00
   44    0.1091325283E+01   -0.7683994770E+00    0.4200335592E-02   -0.4984182417E+00   -0.8428427391E-02
   45    0.1101472497E+01   -0.3934086859E+00    0.2428918146E-01   -0.4984182417E+00   -0.1069645118E-01
   46    0.1103227258E+01    0.6594955921E-02    0.1035483088E-02   -0.4984182417E+00   -0.5595258903E-02
   47    0.1144388437E+01   -0.3170641065E+00    0.4297213629E-02   -0.4984182417E+00   -0.4549393430E-02
   48    0.1154306889E+01   -0.8093857765E+00    0.1163856778E-01   -0.4984182417E+00   -0.2990758279E-02
   49    0.1157968998E+01   -0.2649448812E+00    0.2190654911E-01   -0.4984182417E+00   -0.1022919174E-01
   50    0.1159914613E+01   -0.8106480837E+00    0.1880960772E-02   -0.7001671791E+00    0.0000000000E+00
   51    0.1182574153E+01   -0.5731629729E+00    0.1614569686E-02   -0.7001671791E+00   -0.4156208306E-03
   52    0.1208972335E+01   -0.1002135992E+01    0.5642852746E-02   -0.7001671791E+00   -0.5506542038E-05
   53    0.1216525555E+01   -0.8130989075E+00    0.4616892431E-02   -0.7001671791E+00   -0.3413437633E-02
   54    0.1225757241E+01   -0.4892273545E+00    0.1528437948E-02   -0.7001671791E+00   -0.4456224851E-02
   55    0.1253643036E+01   -0.1029191375E+01    0.1336461166E-02   -0.7001671791E+00   -0.3811408067E-02
   56    0.1285534501E+01   -0.9277139902E+00    0.1354285399E-02   -0.7001671791E+00   -0.4690864123E-02
   57    0.1317006230E+01   -0.9333460331E+00    0.1436103950E-02   -0.7001671791E+00   -0.5307190586E-02
   58    0.1346684933E+01   -0.4781659245E+00    0.1346147526E-01   -0.7001671791E+00   -0.5976928864E-02
   59    0.1349851131E+01   -0.8232959509E+00    0.9492621757E-03   -0.7963368297E+00    0.0000000000E+00
   60    0.1394750953E+01   -0.8181976080E+00    0.1151839620E-02   -0.7963368297E+00   -0.5118114495E-04
   61    0.1431754112E+01   -0.1073945522E+01    0.1171161188E-02   -0.7963368297E+00   -0.1015413654E-03
   62    0.1468146801E+01   -0.7266443968E+00    0.1099693589E-02   -0.7963368297E+00   -0.7517904160E-03
   63    0.1506904602E+01   -0.8388202190E+00    0.5880539119E-01   -0.7963368297E+00   -0.5985097960E-03
   64    0.1507629395E+01   -0.5855142474E+00    0.6348083727E-02   -0.7963368297E+00   -0.5595014431E-02
   65    0.1514343500E+01   -0.5194624662E+00    0.5270216614E-02   -0.7963368297E+00   -0.2918375656E-02
   66    0.1522430778E+01   -0.1145248413E+01    0.1396628004E-01   -0.1070395708E+01    0.0000000000E+00
   67    0.1525482535E+01   -0.7336173058E+00    0.2940196777E-02   -0.1070395708E+01   -0.2090825234E-02
   68    0.1539978743E+01   -0.1044301271E+01    0.2116078045E-02   -0.1070395708E+01   -0.1104357289E-03
   69    0.1560120583E+01   -0.1225376248E+01    0.1106240042E-01   -0.1225376248E+01    0.0000000000E+00
   70    0.1563973427E+01   -0.1260675669E+01    0.1462413813E-02   -0.1260675669E+01    0.0000000000E+00
   71    0.1593118191E+01   -0.1036441803E+01    0.2725086175E-02   -0.1036441803E+01    0.0000000000E+00
   72    0.1608758688E+01   -0.7292929888E+00    0.3866014769E-02   -0.8699355721E+00    0.0000000000E+00
   73    0.1619783401E+01   -0.6229922771E+00    0.1692866324E-02   -0.8699355721E+00    0.1087452634E-02
   74    0.1644960642E+01   -0.1019566536E+01    0.1222410705E-02   -0.8699355721E+00    0.1923536649E-02
   75    0.1679827571E+01   -0.9131079912E+00    0.1773495972E-01   -0.8699355721E+00    0.1557715703E-02
   76    0.1682230830E+01   -0.8967585564E+00    0.4919795319E-03   -0.8699355721E+00    0.2639347622E-04
   77    0.1768863916E+01   -0.5120428801E+00    0.1890498679E-02   -0.6965203285E+00    0.0000000000E+00
   78    0.1791409135E+01   -0.8198174238E+00    0.2828568919E-02   -0.6965203285E+00    0.6975087454E-03
   79    0.1806477427E+01   -0.2298344970E+00    0.5558632314E-02   -0.3191853762E+00    0.0000000000E+00
   80    0.1814145088E+01   -0.4263780117E+00    0.2711857902E-02   -0.3191853762E+00    0.9933373658E-03
   81    0.1829861879E+01   -0.7459678650E+00    0.4826288496E-03   -0.3191853762E+00    0.4119549703E-03
   82    0.1918173432E+01    0.1075553894E+00    0.3511262476E-03    0.1075553894E+00    0.0000000000E+00
   83    0.2039559126E+01    0.5714680552E+00    0.4338975414E-03    0.4121351838E+00    0.0000000000E+00
   84    0.2137789011E+01    0.4100314081E+00    0.3286183625E-01    0.4121351838E+00    0.1382682822E-03
   85    0.2139086008E+01    0.4866189957E+00    0.9606916574E-03    0.4598497450E+00    0.0000000000E+00
   86    0.2183451653E+01    0.4994559586E+00    0.4655305296E-02    0.4598497450E+00    0.5143399176E-04
   87    0.2192607164E+01    0.3656423688E+00    0.2230144339E-02    0.4598497450E+00    0.4201920237E-03
   88    0.2211718798E+01    0.6423195004E+00    0.8515861700E-03    0.6423195004E+00    0.0000000000E+00
   89    0.2261768579E+01    0.9565419555E+00    0.1227787929E-02    0.8396508694E+00    0.0000000000E+00
   90    0.2296482801E+01    0.9795770049E+00    0.4280749243E-02    0.8396508694E+00    0.2870349272E-03
   91    0.2306439400E+01    0.1006894231E+01    0.5148859229E-02    0.8396508694E+00    0.1485012355E-02
   92    0.2314717293E+01    0.7984004021E+00    0.2580337925E-02    0.8396508694E+00    0.3207237460E-02
   93    0.2331235170E+01    0.5290495157E+00    0.5614496768E-03    0.8396508694E+00    0.2994357143E-02
   94    0.2407148838E+01    0.8467086554E+00    0.9606916574E-03    0.8396508694E+00    0.2645583125E-02
   95    0.2451514482E+01    0.6508232355E+00    0.4264411051E-02    0.8396508694E+00    0.2659143880E-02
   96    0.2461509228E+01    0.7813985348E+00    0.3920359537E-02    0.8396508694E+00    0.1048666541E-02
   97    0.2472381115E+01    0.1059250236E+01    0.5849559791E-02    0.8396508694E+00    0.5919263349E-03
   98    0.2479667425E+01    0.1197403669E+01    0.1176107768E-01    0.8396508694E+00    0.3161045490E-02
   99    0.2483291388E+01    0.5210686922E+00    0.1489736512E-01    0.8396508694E+00    0.1157616265E-01
  100    0.2486152411E+01    0.7354466915E+00    0.9999999776E-02    0.8396508694E+00    0.2084092703E-02
