 
TOMS179_PRB
  Test TOMS algorithm 179, to evaluate
  the modified Beta function.
 
TEST01
  Test DLGAMA, which estimates the logarithm
  of the Gamma function.
 
      X         Exact Value      Computed
 
    0.2000     1.5240638         1.5240638    
    0.4000    0.79667782        0.79667782    
    0.6000    0.39823386        0.39823386    
    0.8000    0.15205968        0.15205968    
    1.0000     0.0000000         0.0000000    
    1.1000   -0.49872441E-01   -0.49872441E-01
    1.2000   -0.85374090E-01   -0.85374090E-01
    1.3000   -0.10817481       -0.10817481    
    1.4000   -0.11961291       -0.11961291    
    1.5000   -0.12078224       -0.12078224    
    1.6000   -0.11259177       -0.11259177    
    1.7000   -0.95807697E-01   -0.95807697E-01
    1.8000   -0.71083873E-01   -0.71083873E-01
    1.9000   -0.38984276E-01   -0.38984276E-01
    2.0000     0.0000000         0.0000000    
    3.0000    0.69314718        0.69314718    
    4.0000     1.7917595         1.7917595    
   10.0000     12.801827         12.801827    
   20.0000     39.339884         39.339884    
   30.0000     71.257039         71.257039    
 
TEST02
  Test MDBETA, which estimates the value of
  the modified Beta function.
 
      X        P        Q         Exact Value      Computed
 
    0.0100    0.5000    0.5000    0.63768561E-01    0.63768561E-01
    0.1000    0.5000    0.5000    0.20483276        0.20483276    
    1.0000    0.5000    0.5000     1.0000000         1.0000000    
    0.0000    1.0000    0.5000     0.0000000         0.0000000    
    0.0100    1.0000    0.5000    0.50125629E-02    0.50125629E-02
    0.1000    1.0000    0.5000    0.51316702E-01    0.51316702E-01
    0.5000    1.0000    0.5000    0.29289322        0.29289322    
    0.5000    1.0000    1.0000    0.50000000        0.50000000    
    0.1000    2.0000    2.0000    0.28000000E-01    0.28000000E-01
    0.2000    2.0000    2.0000    0.10400000        0.10400000    
    0.3000    2.0000    2.0000    0.21600000        0.21600000    
    0.4000    2.0000    2.0000    0.35200000        0.35200000    
    0.5000    2.0000    2.0000    0.50000000        0.50000000    
    0.6000    2.0000    2.0000    0.64800000        0.64800000    
    0.7000    2.0000    2.0000    0.78400000        0.78400000    
    0.8000    2.0000    2.0000    0.89600000        0.89600000    
    0.9000    2.0000    2.0000    0.97200000        0.97200000    
    0.5000    5.5000    5.0000    0.43619089        0.43619089    
    0.9000   10.0000    0.5000    0.15164091        0.15164091    
    0.5000   10.0000    5.0000    0.89782715E-01    0.89782715E-01
    1.0000   10.0000    5.0000     1.0000000         1.0000000    
    0.5000   10.0000   10.0000    0.50000000        0.50000000    
    0.8000   20.0000    5.0000    0.45987733        0.45987733    
    0.6000   20.0000   10.0000    0.21468161        0.21468161    
    0.8000   20.0000   10.0000    0.95073648        0.95073648    
    0.5000   20.0000   20.0000    0.50000000        0.50000000    
    0.6000   20.0000   20.0000    0.89794137        0.89794137    
    0.7000   30.0000   10.0000    0.22412975        0.22412975    
    0.8000   30.0000   10.0000    0.75864055        0.75864055    
    0.7000   40.0000   20.0000    0.70017832        0.70017832    
    0.1000    1.0000    0.5000    0.51316702E-01    0.51316702E-01
    0.2000    1.0000    0.5000    0.10557281        0.10557281    
    0.3000    1.0000    0.5000    0.16333997        0.16333997    
    0.4000    1.0000    0.5000    0.22540333        0.22540333    
    0.2000    1.0000    2.0000    0.36000000        0.36000000    
    0.2000    1.0000    3.0000    0.48800000        0.48800000    
    0.2000    1.0000    4.0000    0.59040000        0.59040000    
    0.2000    1.0000    5.0000    0.67232000        0.67232000    
    0.3000    2.0000    2.0000    0.21600000        0.21600000    
    0.3000    3.0000    2.0000    0.83700000E-01    0.83700000E-01
    0.3000    4.0000    2.0000    0.30780000E-01    0.30780000E-01
    0.3000    5.0000    2.0000    0.10935000E-01    0.10935000E-01
 
TOMS179_PRB
  Normal end of execution.
