4 1 -1

4.97963107629871428105900189691e-1 3.72784503686323946524457903944e-1
1.24490776907467857026475047421 9.31961259215809866311144759844e-1
8.44199049480232684860408775798e-1 -1.15666393500042591190116358902
-2.95069664057226429941309973018e-1 4.72317634894353330387678811221e-1

-8.48750331465223108769931024851e-2 -2.00290988296504105214486751285e-1
-2.12187582866305777192482756209e-1 -5.00727470741260263036216878207e-1
8.51653386331740025095997121529e-2 -9.92115673990506352699086802094e-1
1.48522650718124699238409113798 -1.87281912530792711062314811230e-1

1.20224956795046642696598864443e-1 5.23502360147063481972614472282e-1
3.00562391987616606741497161099e-1 1.30875590036765870493153618069
7.67154846971487818393777927049e-1 -7.77985501772973406112764855915e-1
-2.39010112521854508087583350986e-1 -4.70662332879431368173359754871e-1

1.25708400253198353441445990407e-1 -4.88796011429879599003168470922e-2
3.14271000632995883603614976012e-1 -1.22199002857469899750792117728e-1
3.15193823315245173847845404348e-1 -1.08055957312923343039115354378
9.58983827858011381556139278195e-1 1.05973444200359781134882840463e-1


1 4
2.945055279980385177662149343091546826581628464924778754778091687793343523764464430295671683051328133218191541057015202501653634338728555107937642008092754923133203240530821267256358453227911206697617671631091321952529388232173735947261031681525984487151777678360260751024679884586594100461533282695589327252661e-1 6.644203064452405317436895955122778936135430765602268680005564685872527489462793077102568955336281076920721642933008658668980763619760274236652623008987008562902718230696684678751623181249068740548004730185965120236582131527106551331276254711183454355263873665746350937357936763233958485382421777858650793887198
6.274057130107287183271102191759043390776554711931452607760574114087432878736934949400536002586284607858685752830051340578221102830499170851612949242325398722283823931269062586031509837505684041581548237436412572972661369508989841448066782606741613917505959586786992052087272612980003054641576030717922389140300 7.962685894805556417144383152344236505536971966284125914207541222794381808161040499398645158774356973629297679567339365008366334644822154757187331019799975123072447547049252371859357646726859935697358857552635393222563812603191686722017113064310317881807229743270695872517756223446335884175139088310136705028927e-1
4.674234871902674397312710034738302927046752930211455728228844669453329195421635435079900676930889873332424594980850926042494964936428232723647992354116068207837150926879041506437614412414436107013380631163262191654776712655630192423017767027900153604567715636168565480704684062764317955749717855917930752577107 -4.520625182404172189794001946935967969439870667936452683096336595316348116785463845214902425451087324156298074548400242330846354648955025932455277638694020723844210076510106741229775062661789461811195019640532890419714874754461754426231634221960149127751081983465707714682324856019833405548924033065385596466136
1.712826450458248475318284188238747492826370676445685973248780549937975933337013186022295865387440353457906912770077896549615220314861381526768452463455464798391786216666292699989565129413036293792676993575443860153260800362420412705254868685261667673896604942439246464166481969699428018223836027352406122739603 6.245935180519920412145387479200919326478086698457897519409876373219894291435052134719998667304365371991433903287856065280881939980805287756321846620942332423870836192238379364953267640458865998652804945986224158155958990800021311840015650885391170476197187410242867413082483008754418641710369841411410234378178


1 4
-3.782150067038307195619195395882736817839334378985788037226802815551901349989445714987567336542901391145855047962231547217637198963451668235335345371038013563651948627184366747005267118089645023895438918743844894881144202127086110308230019414963744722177481454391271395332257479661903507049140196625528439607351e-1 3.014885160066905671300531869611244599737536865029800991273861554176157287902423382679484745610415745760752859807180755957698657619938184564640970803359852846080417061773234583847483676391534859619057646198882286599683155517556599388762062212218568784548974032054154071481866696015677730852440646683669696597128e-1
2.813538650316276851595142018479667478229213170583887793632701976409788020023646357738244166403368251469594439759407616032712136666118763535409318235002081805759882600785191445642421332378678454283619444699496503819000090641038763151553925793215688935510335370201077518951040709370773807758601453022152519839997e-1 -3.077162386016825841762363461471193657910960896531976012895341981770997351797641454011396753171933070276746663034474190501953168716249905717454990035380717663124457779476053795968297696895241798469089923483749010403208607950956864866750459177618041879979706355193498516202433148786942830315272266139786414281098e-1
3.559910909019546764207693952738408986042430511587600200580529061837651654255022691748368452955164325677444405464374473367711377951934767971318268273072910898633493862100427460502579378760992246653702923592935641445926449121602641431386523120593657427513663755215703349310559871059218087457230690098771473021438e-1 5.152398414940943622363464077703181494533628239836285401358355436006699570751608669201903768830298226693117621499174319481346501366846062649679767352404333785016104070948613417436489666653309937631943672689974326385320889696036040045509164610146175850967750399528777744185644622376503700586546145035174545773725e-1
3.562942137847097708568803874499374914269172872941966073775309252096576468407634087717516971402593201795133731449328254798300315094536470762447984188978505585003552227689116669435216436439126593208450105082049972072904040001367771998756146237929958520855523879481983439620096962680459393794544966840836657877332e-1 2.702988803376995946047189339148016039009232332626421417078687062103223396184217154156415267192429975282078144857110456724836487243152408379553560563226438755494891633098542573491754681522356279161852614730754801941201456177598772841608955580777083946161398721112695826506620561879656858430843652850526590099503e-1


