   966
     1    1.000000000000000E+00   -2.788255929550731E+00
     2    4.211100746779847E+02   -5.386565053099700E+02
     3    9.316540592912909E+02    1.082265978807336E+02
     4    1.646997765250665E+02   -8.841301164547426E+01
     5    1.145375175316258E+02    6.524179467911233E+01
     6    1.614438142479962E+02   -5.295558735014005E+01
     7    6.699303628921099E+01    4.426634508275318E+01
     8    1.251218806198515E+02   -4.916904230869796E+01
     9    7.252350529072227E+01   -2.559521633318838E+01
    10    6.153453603506959E+01    3.024774072997882E+01
    11    5.407125699579135E+01   -2.545832842660247E+01
    12    6.607681541165782E+01   -3.366317748347416E+01
    13    7.741484366577312E+01   -2.859020549386006E+01
    14    4.938031371802977E+01    2.774410582617471E+01
    15    5.893868978960779E+01   -1.943731919266367E+01
    16    3.303025705004411E+01    2.026862064329093E+01
    17    4.185860133016303E+01    2.198484750980354E+01
    18    3.967259193659656E+01    2.609345336085149E+01
    19    4.640364295059927E+01    1.632110050269426E+01
    20    4.148863070108829E+01    1.977631376995937E+01
    21    3.720215013743679E+01   -2.176772784965454E+01
    22    5.764406513684788E+01    1.897274800877264E+01
    23    3.131209607380969E+01    1.749316116533758E+01
    24    4.616527023842540E+01   -2.635144553292420E+01
    25    5.494380057216202E+01    2.300346115588930E+01
    26    4.093379712124086E+01    1.912965969085256E+01
    27    4.070508461401261E+01   -1.863431870894512E+01
    28    4.500479215277595E+01    2.639506143310900E+01
    29    4.648343980815024E+01   -1.760301037459698E+01
    30    3.411057477936684E+01    1.762351937862402E+01
    31    4.189756775474805E+01    1.784242847255206E+01
    32    2.916508398191718E+01    2.115655630136089E+01
    33    6.133698937222307E+01   -2.233948528516307E+01
    34    2.676148269074351E+01    9.987133334913384E+00
    35    3.224172876421503E+01    2.360114167248872E+01
    36    3.628295358925885E+01   -9.433827020074839E+00
    37    2.024750746869431E+01    1.774825580837616E+01
    38    4.259104071730102E+01    1.519269846955990E+01
    39    2.085927721619718E+01   -8.426459722766637E+00
    40    2.485374278251986E+01   -2.239303117021222E+01
    41    4.101033480321736E+01   -8.733732926583734E+00
    42    1.298874514397159E+01   -7.201857282318703E+00
    43    1.609206751693183E+01   -9.272028974367494E+00
    44    2.137257536709410E+01   -1.592220084150478E+01
    45    4.476891918699535E+01    1.527006105639401E+01
    46    1.728617996054874E+01   -6.029563088358629E+00
    47    1.073003580451630E+01   -5.088914493582147E+00
    48    1.308260077004038E+01    8.409524284431603E+00
    49    1.565589238923943E+01   -5.600000110970452E+00
    50    9.893501535765280E+00    5.541061643064413E+00
    51    1.488658807935095E+01   -6.628686936049500E+00
    52    9.497690115466520E+00    4.582490662052273E+00
    53    1.026163023140549E+01    4.730247929832882E+00
    54    1.243118194609572E+01   -7.735079674738762E+00
    55    1.323189472103666E+01    5.396213352720546E+00
    56    1.168048725045712E+01    5.618942358439857E+00
    57    9.508225505751396E+00   -4.169545866482073E+00
    58    7.921691409925398E+00    3.980629529257147E+00
    59    8.370786638817748E+00   -3.906633951852215E+00
    60    6.046648877787424E+00   -2.737625307258016E+00
    61    7.544931217590418E+00   -4.327808810607762E+00
    62    7.651741809615207E+00   -3.768599522191822E+00
    63    7.753386965188136E+00    3.632819727526130E+00
    64    6.188996606317293E+00   -3.168684139292548E+00
    65    7.121641851481147E+00    2.950644301415947E+00
    66    4.863840445905827E+00    3.051883363493741E+00
    67    8.126616456406497E+00    3.550867135318675E+00
    68    5.570979951912706E+00    2.775494314995178E+00
    69    5.164454236668942E+00   -2.293312093894833E+00
    70    5.237157269903278E+00   -3.279296169617868E+00
    71    7.171908364974855E+00    3.307876674291325E+00
    72    5.185234471815583E+00    2.219152706565011E+00
    73    5.919260016790425E+00   -3.782457582581141E+00
    74    6.608577126540938E+00    2.612282132369399E+00
    75    5.625757393533219E+00   -2.878972622674265E+00
    76    5.233440292445890E+00   -2.924509437928755E+00
    77    7.378971197442252E+00    2.976147520373032E+00
    78    4.402973745480431E+00   -2.356952081701295E+00
    79    5.823284272401242E+00    2.588279605589006E+00
    80    4.870271856111874E+00   -2.782760489253556E+00
    81    7.126459460597231E+00   -3.156951782932867E+00
    82    4.621325583139611E+00   -2.209368447221619E+00
    83    4.785397570530646E+00   -2.448849146544722E+00
    84    4.317062253663073E+00   -1.959800159280702E+00
    85    3.924866245197675E+00    1.903548151313336E+00
    86    3.914664229936160E+00   -1.989492091650001E+00
    87    3.980547157211728E+00   -2.020366400044444E+00
    88    4.208085828484198E+00    2.209411343058874E+00
    89    4.046656739308006E+00    1.849982004791582E+00
    90    3.967275184443789E+00   -2.345511653134497E+00
    91    4.592607779636642E+00    1.892772046500036E+00
    92    3.561661631585133E+00   -1.747426778688909E+00
    93    3.856966650140982E+00    2.030207111915464E+00
    94    3.952995390568348E+00   -1.923499453678995E+00
    95    3.577556658268875E+00    1.609501366100845E+00
    96    3.171574541067776E+00    1.720259353293443E+00
    97    3.629261622136554E+00    1.633549352588891E+00
    98    2.786411871091052E+00    1.383488741915227E+00
    99    2.922727472023493E+00    1.499481247799223E+00
   100    3.640434731374360E+00    2.352050119121262E+00
   101    4.552484944020058E+00   -1.707520990209746E+00
   102    2.680900040276168E+00   -1.252426325609614E+00
   103    2.682322756132786E+00    1.373513059328990E+00
   104    2.808654106476857E+00    1.328963746040093E+00
   105    2.622116996588744E+00    1.358750522597869E+00
   106    2.695389210563357E+00   -1.295300502560408E+00
   107    2.549853388648057E+00   -1.248918586722121E+00
   108    2.341028151045633E+00   -1.132135885049717E+00
   109    2.330391487418804E+00   -1.217872451406315E+00
   110    2.513178255696130E+00   -1.290428896750641E+00
   111    2.761466824106340E+00   -1.335749744823369E+00
   112    2.342954760349770E+00   -1.001491780576773E+00
   113    1.878729878952983E+00   -9.079605774773655E-01
   114    1.890704999925637E+00    9.794533745241985E-01
   115    2.117373715515198E+00    1.046675287634878E+00
   116    1.854322798108738E+00    9.048359271056030E-01
   117    1.800831652089701E+00   -9.266048485460997E-01
   118    1.883166350921021E+00   -9.022674488738800E-01
   119    1.868422486096570E+00    9.581249678674532E-01
   120    1.814803536417959E+00    8.958713763038949E-01
   121    1.802218984248052E+00   -8.942214276761213E-01
   122    1.724202397014341E+00    8.517189622201499E-01
   123    1.725215204384091E+00    9.252939807815043E-01
   124    2.142801084035649E+00   -1.066123353072794E+00
   125    2.019131551177950E+00   -1.035754114295095E+00
   126    1.981982197611677E+00    9.027950293571007E-01
   127    1.625540650333283E+00    8.258347648178808E-01
   128    1.667720815255241E+00    8.991818896825858E-01
   129    1.990272926162655E+00   -9.948340529865112E-01
   130    1.944095991282142E+00   -8.833281993316523E-01
   131    1.692407598385137E+00   -7.815085433382508E-01
   132    1.568986363305103E+00   -8.294517832760021E-01
   133    1.653432395178719E+00    8.235690080180113E-01
   134    1.650721781080952E+00    8.171993892334953E-01
   135    1.753741149580617E+00    8.511069174919145E-01
   136    1.530944550517274E+00    7.371330490257760E-01
   137    1.545956728355378E+00    7.972796642183918E-01
   138    1.567180743377581E+00   -7.569399054127044E-01
   139    1.440132009337612E+00   -7.212000472375777E-01
   140    1.494936662115078E+00    7.887975478341851E-01
   141    1.554821175660775E+00   -7.557896658223119E-01
   142    1.454203799103071E+00   -7.326151004901904E-01
   143    1.593400419817040E+00    8.519748198486097E-01
   144    1.809035132917461E+00    8.675635158267460E-01
   145    1.708530153662732E+00    8.798001957071049E-01
   146    1.687969743778700E+00   -7.942882678462113E-01
   147    1.495170209757200E+00   -7.642665560627286E-01
   148    1.544006945459426E+00   -7.469711974827288E-01
   149    1.500045563436287E+00    7.147633422169420E-01
   150    1.475029825468036E+00   -7.473487974226563E-01
   151    1.448266535428456E+00   -7.626631935719381E-01
   152    1.507887952708758E+00   -7.855582155668173E-01
   153    1.565400216315129E+00    7.277366649318305E-01
   154    1.538572278363696E+00    7.755390473453054E-01
   155    1.516818619054509E+00    7.505858973984535E-01
   156    1.456679574925032E+00   -7.651188486771472E-01
   157    1.561218662443099E+00   -7.433204318243738E-01
   158    1.518983765601477E+00    7.430698833449406E-01
   159    1.434446422039403E+00    7.540630385184993E-01
   160    1.511645336695384E+00    7.411364333076981E-01
   161    1.525823694170719E+00   -7.298457415641465E-01
   162    1.409208250957652E+00   -7.395136707293798E-01
   163    1.431604951489404E+00   -6.983316881254454E-01
   164    1.482018684645354E+00    7.507634515441706E-01
   165    1.426598908315185E+00    6.888522059562380E-01
   166    1.324146832319163E+00    6.702158872988651E-01
   167    1.345445568088046E+00   -7.169911579982921E-01
   168    1.496254042617447E+00   -6.776621329190852E-01
   169    1.331125600139023E+00   -6.806799982558476E-01
   170    1.371135081281981E+00    7.037105832916084E-01
   171    1.440027409076622E+00   -6.719755476868904E-01
   172    1.274127399266453E+00    6.549406864769775E-01
   173    1.399474032943723E+00   -7.325413776979183E-01
   174    1.440569534968801E+00   -6.756018495452090E-01
   175    1.333501991440340E+00   -6.644208985847847E-01
   176    1.378449847423881E+00   -7.228748430349358E-01
   177    1.430777750926955E+00    6.860556070279291E-01
   178    1.292743602652379E+00   -6.597715480201354E-01
   179    1.364325537465870E+00    6.986947640722228E-01
   180    1.352299862775376E+00    6.920797980789918E-01
   181    1.409021092369223E+00   -6.473379909293367E-01
   182    1.329167321485929E+00   -6.976721962989388E-01
   183    1.379667493633042E+00   -6.848543214077722E-01
   184    1.391742657789675E+00    6.780938276966025E-01
   185    1.346528297251096E+00    6.539749062275327E-01
   186    1.322301665883251E+00   -6.891219078465176E-01
   187    1.414276167252548E+00    7.372675229355019E-01
   188    1.412485044221655E+00    6.706413712859313E-01
   189    1.362401424643858E+00   -6.997390698997694E-01
   190    1.490189562961734E+00   -7.306971251714495E-01
   191    1.322244573592759E+00    6.213128300324505E-01
   192    1.297619714637259E+00   -6.717732332185248E-01
   193    1.366827563360666E+00   -7.197126213187566E-01
   194    1.335493653125194E+00   -6.719926933002234E-01
   195    1.422750203471550E+00    7.213265810029330E-01
   196    1.466876031556400E+00    7.024172381291413E-01
   197    1.351609217159449E+00   -6.408858452813597E-01
   198    1.292785787609952E+00    7.066765822638801E-01
   199    1.340661359158798E+00    6.664648414244714E-01
   200    1.436621935351672E+00   -6.530029124595103E-01
   201    1.370947813467371E+00    6.968175596650515E-01
   202    1.356098961490707E+00   -6.871465875094032E-01
   203    1.285667967644266E+00    6.751976692410397E-01
   204    1.316829639459358E+00    6.579364385179681E-01
   205    1.433214371554039E+00    6.930477180890228E-01
   206    1.373868006308543E+00    6.724468863626890E-01
   207    1.388338039993679E+00   -6.623552445065513E-01
   208    1.263986832031424E+00    6.356924449861762E-01
   209    1.334378467515406E+00    7.072748889637002E-01
   210    1.375188430183687E+00    6.877915069806246E-01
   211    1.327512985435888E+00   -6.635774905335408E-01
   212    1.377230855950695E+00    6.430116755195371E-01
   213    1.269121587853410E+00   -6.386765209384918E-01
   214    1.292072757585724E+00   -6.977394316847527E-01
   215    1.389625914167165E+00   -6.552778907701244E-01
   216    1.287053678172512E+00   -6.264816233271471E-01
   217    1.369740039304362E+00   -7.262663595934391E-01
   218    1.326419301205354E+00    6.357655297391166E-01
   219    1.307026378259269E+00    6.805469848206285E-01
   220    1.427019028627227E+00    7.219406759591794E-01
   221    1.386589043236869E+00   -6.872262404180853E-01
   222    1.322496235881504E+00    6.505724908242794E-01
   223    1.375533157940691E+00   -6.984011627651248E-01
   224    1.405550716945415E+00   -6.788083358845304E-01
   225    1.266416153559639E+00   -6.170709924796899E-01
   226    1.304081800519270E+00    6.756890392083353E-01
   227    1.349024114088847E+00    6.538958054206098E-01
   228    1.324859889299046E+00    6.657983117309474E-01
   229    1.293039952091521E+00   -6.757013371781154E-01
   230    1.327322497446417E+00    6.306137953347969E-01
   231    1.350350727684761E+00   -6.888717998242022E-01
   232    1.326514532471695E+00   -6.875298235405973E-01
   233    1.430452380142913E+00    7.300572499022270E-01
   234    1.381710868818143E+00    6.613930289518605E-01
   235    1.271793417213998E+00    6.314767046280484E-01
   236    1.307341605105012E+00    6.506757623871358E-01
   237    1.371420521529974E+00    7.384776141020860E-01
   238    1.491397134172679E+00   -6.631537959184769E-01
   239    1.226442476185568E+00    6.059086050065581E-01
   240    1.185916643672740E+00   -6.238834366692413E-01
   241    1.298835543007155E+00    6.549120557774341E-01
   242    1.294331549401444E+00    6.322006702314065E-01
   243    1.318851016660734E+00   -6.219773199868717E-01
   244    1.291262502579708E+00    6.640248829519799E-01
   245    1.282595560400298E+00    6.626777327774565E-01
   246    1.265182081438952E+00    6.577584235530169E-01
   247    1.321060013234206E+00   -6.450231452939144E-01
   248    1.333511005034219E+00   -6.623273539462765E-01
   249    1.334014152119429E+00    6.538541845738088E-01
   250    1.300172116023669E+00   -6.329519578843262E-01
   251    1.158493276611671E+00    5.915517508256755E-01
   252    1.225220750140328E+00   -6.324307732455230E-01
   253    1.400089529659065E+00   -6.993280216001331E-01
   254    1.343495961167313E+00    6.237331652307959E-01
   255    1.207909739843456E+00   -6.104275302290035E-01
   256    1.298021624484800E+00    6.540592870645721E-01
   257    1.280346450971175E+00    6.752321093807572E-01
   258    1.285369355174907E+00   -6.419256827895107E-01
   259    1.348247170752680E+00    6.463560506797006E-01
   260    1.353532603461937E+00    6.933665094946261E-01
   261    1.390036883770712E+00    6.385277809774176E-01
   262    1.219339803784470E+00    6.302653582703150E-01
   263    1.208509983562521E+00   -6.159884253200336E-01
   264    1.268195899352510E+00   -6.758799292766220E-01
   265    1.396937599369107E+00   -6.422182403818925E-01
   266    1.229907355733458E+00    6.178650683571418E-01
   267    1.203997495934291E+00   -6.248558436561987E-01
   268    1.285820618084955E+00    6.281688696928138E-01
   269    1.217791974631882E+00    6.528144815252114E-01
   270    1.312704840542622E+00    6.147102221090520E-01
   271    1.371804360836032E+00   -6.633008800339671E-01
   272    1.287193566489167E+00    6.880738871935972E-01
   273    1.355536888481440E+00    6.060760370240721E-01
   274    1.238389253794928E+00   -6.287449322424666E-01
   275    1.194567063614737E+00    5.954327765734881E-01
   276    1.171873055803236E+00    6.379728334075073E-01
   277    1.261741535090382E+00   -6.255494745482925E-01
   278    1.340271969110735E+00   -6.159025109598480E-01
   279    1.307066839870677E+00   -7.039759282378546E-01
   280    1.386433006331129E+00   -6.470781804134897E-01
   281    1.201229497842734E+00   -6.403682671173672E-01
   282    1.270052262121054E+00   -6.260613900099314E-01
   283    1.331404073937599E+00   -6.849117123496536E-01
   284    1.230481596137214E+00   -5.899534770983345E-01
   285    1.205594603585692E+00    5.505379201793079E-01
   286    1.144871745573141E+00    6.054284668793415E-01
   287    1.191303227653410E+00   -6.208060896203520E-01
   288    1.324456249711669E+00   -6.246717488518706E-01
   289    1.202574932314064E+00   -6.080526751336573E-01
   290    1.194771444205307E+00    5.652413958681243E-01
   291    1.135397689276136E+00   -5.569614634871591E-01
   292    1.073482171938311E+00   -5.924259345751143E-01
   293    1.233268377015930E+00   -6.092269394052465E-01
   294    1.151426383566584E+00   -5.804108561530807E-01
   295    1.251759894867375E+00    5.925047491782388E-01
   296    1.145318118861284E+00    5.615775284658004E-01
   297    1.029558277944079E+00    5.388533407208731E-01
   298    1.013099938076369E+00    4.799477740555965E-01
   299    1.046302441288574E+00   -4.970914942436245E-01
   300    1.021802995198420E+00   -4.820001638514154E-01
   301    9.525937280891729E-01   -4.900757409143492E-01
   302    9.850728215597961E-01    5.208784060714972E-01
   303    9.707073184546304E-01    4.666661200074701E-01
   304    9.895332872088557E-01   -4.838914716384795E-01
   305    9.707385165372777E-01    4.880217272302350E-01
   306    1.030076685022865E+00   -5.146939168600366E-01
   307    9.587057389994937E-01   -4.972686794904569E-01
   308    9.862191133248635E-01   -4.775255297230687E-01
   309    9.804584384546521E-01   -4.936361901323050E-01
   310    9.613721659607761E-01    4.775488181338344E-01
   311    9.516935648439309E-01    4.889655206117255E-01
   312    1.016000979823084E+00    4.717601064387722E-01
   313    9.507259720829619E-01    4.906344214219898E-01
   314    1.014858937225970E+00    4.563741666906565E-01
   315    9.078810874270133E-01   -5.230694173383965E-01
   316    1.006417104334503E+00    5.065059664128777E-01
   317    9.855148776579639E-01   -5.076813041692189E-01
   318    1.073037611839146E+00   -4.899583599974929E-01
   319    1.062049332230569E+00   -5.197881370562002E-01
   320    9.521076919466260E-01   -4.764431832132788E-01
   321    9.146891248439996E-01    4.712565288802874E-01
   322    9.486422887059038E-01    4.919190532426254E-01
   323    1.009196630968348E+00   -4.892127753853370E-01
   324    1.024611524969277E+00   -4.695596771487514E-01
   325    9.268582472152748E-01   -4.841469387522271E-01
   326    9.240118590434299E-01    4.992311293250305E-01
   327    9.989094292053373E-01   -4.808471775579264E-01
   328    9.571254263205013E-01    4.801178265738226E-01
   329    9.408510783564104E-01    4.514746744629303E-01
   330    9.626074543594572E-01    4.693363974172485E-01
   331    9.423677942129445E-01    5.085119331844897E-01
   332    9.896576250542160E-01   -4.849147531140193E-01
   333    9.618339274290426E-01    4.560930740222010E-01
   334    9.541402798235945E-01   -4.622160113479232E-01
   335    9.061396733379674E-01   -4.849629123922225E-01
   336    9.754465483616326E-01   -4.893195511476496E-01
   337    9.247891528601746E-01   -4.722279242510795E-01
   338    9.296740458083055E-01   -4.339571649117476E-01
   339    9.268640570741605E-01    4.768123409921604E-01
   340    9.734023643215354E-01   -4.733061870833532E-01
   341    9.803903864780963E-01   -4.978486439783967E-01
   342    9.194549286258910E-01    4.733820801525824E-01
   343    9.630622204406559E-01   -4.793635795526938E-01
   344    9.826226115794898E-01   -4.901611277229520E-01
   345    9.455096610961333E-01   -4.500109796512104E-01
   346    9.367583306747487E-01    5.119197496286654E-01
   347    1.021588658455684E+00   -4.685964484892773E-01
   348    9.233459203293160E-01    4.973594113240777E-01
   349    9.942184295209884E-01   -4.423119634175633E-01
   350    9.493887101935287E-01    4.874267992063250E-01
   351    9.582581839200122E-01    4.915528914108724E-01
   352    9.155103731142100E-01   -4.811874114446519E-01
   353    9.865212587456362E-01   -4.834254925266683E-01
   354    9.294091017547901E-01   -4.678766638994291E-01
   355    9.319145656557970E-01   -4.548205648228271E-01
   356    9.347037740991810E-01   -4.682180451388537E-01
   357    9.954085833917692E-01   -4.723624845177626E-01
   358    9.732981071863303E-01   -4.636567243433458E-01
   359    8.856318904075531E-01   -4.713684618780447E-01
   360    9.210814783813976E-01    4.886345976749297E-01
   361    9.481170840653658E-01    4.542737869109442E-01
   362    9.793017180608249E-01   -4.746617166636020E-01
   363    9.742418504715373E-01   -4.477637144864602E-01
   364    8.829889030173901E-01    4.776250313251516E-01
   365    9.160688805822694E-01   -4.989562616459466E-01
   366    1.014577416669882E+00    4.613503987176545E-01
   367    9.663523555024596E-01   -4.338383441876535E-01
   368    8.515605780203821E-01   -4.767151055297056E-01
   369    8.821275238685122E-01   -4.564589155554811E-01
   370    9.688795162518297E-01   -4.734854277743971E-01
   371    9.625619790095807E-01    4.691364777359285E-01
   372    8.747384604138464E-01    4.255370339018479E-01
   373    9.160816462924914E-01    4.902429083579202E-01
   374    9.399724630410231E-01   -4.553086104936173E-01
   375    9.841597894966649E-01    4.762327460964176E-01
   376    9.724051516399976E-01   -4.858822667380090E-01
   377    9.030469628280100E-01   -4.673125679444539E-01
   378    8.959995133420716E-01    4.508870247394715E-01
   379    9.368819025592872E-01    4.750410729134582E-01
   380    9.751801595645804E-01   -4.662761255000837E-01
   381    9.257804015359259E-01    4.586911870379933E-01
   382    9.411251814749106E-01   -4.788370092147566E-01
   383    9.030634711194729E-01   -4.644250160945443E-01
   384    9.168760806902581E-01    4.625288121562755E-01
   385    9.258153995275398E-01   -4.648719520206983E-01
   386    1.024596639904326E+00    4.525443973589609E-01
   387    9.283697385033992E-01   -4.698060766894672E-01
   388    8.494730790748224E-01   -4.953753642795973E-01
   389    9.418525576546973E-01   -4.486076837989557E-01
   390    1.009749567138716E+00   -4.495610552972836E-01
   391    9.356677062760685E-01   -4.533021758306350E-01
   392    9.976052374951661E-01    4.820991848029250E-01
   393    8.764554492916401E-01   -4.916471761211566E-01
   394    9.179169930352534E-01    4.513682639342004E-01
   395    9.306311603771832E-01    4.540495446522697E-01
   396    1.002571105130700E+00    4.731837015023770E-01
   397    9.305509435038178E-01   -4.836164967927556E-01
   398    8.821974785597940E-01   -4.608221136852469E-01
   399    8.814371508594094E-01    4.590066233663221E-01
   400    1.006033918948040E+00    4.817146143379080E-01
   401    1.018308064049805E+00   -4.667106501172142E-01
   402    9.166369678427415E-01    4.446479901553387E-01
   403    8.658324320154900E-01   -4.820725456950989E-01
   404    9.563139202499109E-01    4.681252537362206E-01
   405    9.612823911671848E-01   -4.702012700456393E-01
   406    9.656258956253447E-01   -4.491016915727574E-01
   407    8.621509870622530E-01    4.559432773220077E-01
   408    8.974572521093422E-01    4.618457175456530E-01
   409    9.981971258151207E-01    4.870488205237862E-01
   410    9.037926017047134E-01    4.672931933813831E-01
   411    8.995940406946595E-01   -4.282896232615891E-01
   412    9.505932328362561E-01   -4.757649481303866E-01
   413    9.067604917222727E-01   -4.460167447714383E-01
   414    9.008713914535756E-01   -4.656483247418744E-01
   415    9.590216117965984E-01    4.718661206889044E-01
   416    9.106421447737663E-01   -4.810339829283706E-01
   417    9.375098228799021E-01    4.536191263961241E-01
   418    9.691706590947905E-01    4.575294596306223E-01
   419    9.325773045914372E-01   -4.656230110392705E-01
   420    8.777544312051017E-01   -4.833783401205132E-01
   421    9.532016868261453E-01    4.699011264042862E-01
   422    9.077394952026581E-01    4.242429562129284E-01
   423    9.129051507282095E-01    4.488780460345831E-01
   424    9.496646716819013E-01    4.974164407409942E-01
   425    9.706122174318786E-01   -4.696303504524416E-01
   426    8.563511920192585E-01    4.383664279435619E-01
   427    9.000356895698680E-01    4.576696323563454E-01
   428    1.001025196231959E+00    4.881184849604049E-01
   429    9.172484983588971E-01   -4.828986879683425E-01
   430    9.319231343155208E-01   -4.639557719785284E-01
   431    9.146738544456254E-01   -4.001245427216277E-01
   432    9.268749234242619E-01    4.830379216316921E-01
   433    8.846854948001189E-01   -4.813297281580977E-01
   434    9.816977214937425E-01    4.567432450487849E-01
   435    9.534712485470374E-01    4.272304867961907E-01
   436    8.533849217426694E-01    4.596858774054944E-01
   437    9.427740164800066E-01   -4.782294593923308E-01
   438    9.303873866415325E-01   -5.102528107058047E-01
   439    9.110298780944158E-01   -4.160476709791355E-01
   440    9.112622580963751E-01   -4.699222429750430E-01
   441    1.003509253596059E+00   -4.749074229388543E-01
   442    9.097755310967439E-01    4.843433513924871E-01
   443    9.556796653246162E-01    4.340412814731552E-01
   444    8.869438560026468E-01   -4.585495903086805E-01
   445    9.005615771573162E-01    4.479632147053272E-01
   446    9.791887978565768E-01   -4.546872055124748E-01
   447    9.270588514968505E-01   -4.518901746038204E-01
   448    8.431652433084664E-01    4.912346533936701E-01
   449    9.015901664475570E-01   -4.642813428191853E-01
   450    1.028751099270509E+00    4.471756535820551E-01
   451    9.354021877691416E-01   -4.792591663152365E-01
   452    9.051695959167392E-01    4.533131240734253E-01
   453    8.649741503373067E-01   -4.518709443589374E-01
   454    9.764078235013511E-01    4.415579069728490E-01
   455    9.714992942257901E-01   -4.779330911946424E-01
   456    9.411005414640841E-01   -4.705244518027282E-01
   457    7.892006538256967E-01    4.707140646624814E-01
   458    9.284126887219207E-01    4.173963575159644E-01
   459    9.538289264919250E-01   -4.292942352434827E-01
   460    9.733697093934320E-01   -4.713952726056335E-01
   461    9.036404296797469E-01    4.959686503009776E-01
   462    8.818955654765395E-01    4.447217512289140E-01
   463    8.950893755295393E-01    4.249227480525807E-01
   464    9.838627365212997E-01    3.993756585622015E-01
   465    8.487395434969076E-01    4.650236952631158E-01
   466    8.613022960839301E-01    5.142610504192282E-01
   467    9.219102585949384E-01    4.704208916804279E-01
   468    1.000311564820615E+00    4.000544345747848E-01
   469    9.356250627857299E-01    4.257354109061562E-01
   470    9.303198223979674E-01   -4.652124701391180E-01
   471    8.891679964796784E-01   -5.117472676014495E-01
   472    9.240803708841787E-01    4.682489205306275E-01
   473    9.344784181685362E-01    3.907619622373180E-01
   474    8.862035188497273E-01   -4.242564944301164E-01
   475    7.762639578807217E-01    4.967853837043150E-01
   476    9.585326960808793E-01   -4.507790858267152E-01
   477    9.955210837464965E-01   -4.284253124103292E-01
   478    9.330479281612494E-01   -4.136590984718703E-01
   479    8.003088386702542E-01    4.384196772164584E-01
   480    8.757817642513845E-01   -5.063061860837131E-01
   481    9.124145024431271E-01    4.489901651960561E-01
   482    9.927168000497784E-01   -4.055964770678232E-01
   483    8.763777177205242E-01   -3.937350135066104E-01
   484    8.155450002624934E-01    4.708302040546837E-01
   485    8.545797982835653E-01    5.024026634409516E-01
   486    9.864827638752950E-01    4.561301699570048E-01
   487    9.710672815331658E-01   -3.817914924982323E-01
   488    8.345325467633443E-01   -4.230756211102074E-01
   489    8.263021357904040E-01    4.263614333769596E-01
   490    7.923996299241634E-01   -4.893430053477851E-01
   491    9.739033832825278E-01   -4.730731758149122E-01
   492    9.513008323991845E-01    3.992264229756482E-01
   493    9.244125019777796E-01   -3.535800603807640E-01
   494    8.120091291099658E-01    4.163156285072891E-01
   495    7.345378908759619E-01   -4.450208876578759E-01
   496    8.066761249221299E-01   -4.720178470407065E-01
   497    1.023199039932017E+00    4.480715899551747E-01
   498    1.038178651433304E+00    4.057641669161322E-01
   499    9.270813838765006E-01    3.986354369377700E-01
   500    7.298520385863949E-01   -4.379526865948626E-01
   501    7.396254698116189E-01    4.032811815681757E-01
   502    8.984320179966612E-01    4.440113431036682E-01
   503    1.102827113013063E+00    4.572274153021678E-01
   504    9.333842525168543E-01    4.518778607531200E-01
   505    7.308463827740842E-01   -4.402411363017370E-01
   506    7.307866380328454E-01   -3.496959648410340E-01
   507    9.072538897558063E-01   -3.838081409100186E-01
   508    1.005489339961551E+00    4.394981276423084E-01
   509    9.758693500895652E-01    5.239644373032885E-01
   510    8.448076596402979E-01   -4.757556293513385E-01
   511    8.199794553024400E-01    3.678058416139296E-01
   512    8.625670157934693E-01    3.658185350040112E-01
   513    8.256365925377622E-01    3.694079673724694E-01
   514    8.283857428091006E-01   -4.606573564249355E-01
   515    7.578433617594232E-01    4.896472900490029E-01
   516    1.026374409181178E+00    4.693846980071587E-01
   517    1.034250858637075E+00    3.670204105537936E-01
   518    8.727242435541118E-01   -4.188455239100809E-01
   519    7.424028750386686E-01    4.107413870132838E-01
   520    7.328077289878077E-01    4.155728189507591E-01
   521    8.043279566843923E-01   -4.256518611918301E-01
   522    1.068688358418689E+00    4.163729446836747E-01
   523    1.101932003859291E+00   -4.551314701064333E-01
   524    7.498768913068286E-01    4.595024278707347E-01
   525    7.593167301237813E-01   -4.126989294979996E-01
   526    8.552955718108701E-01    3.300793487840014E-01
   527    8.314840313919922E-01   -3.893609556242634E-01
   528    8.039623763994215E-01   -4.339964608482101E-01
   529    8.236540213478865E-01   -4.800031375079999E-01
   530    9.314444125107659E-01   -5.041501569809261E-01
   531    1.057800428194831E+00   -3.775831949845078E-01
   532    9.004586010478985E-01    3.459170448751799E-01
   533    7.272990676086307E-01   -4.283245639973646E-01
   534    6.544004258611696E-01    4.080975109094251E-01
   535    8.483701862847246E-01   -3.580106840887934E-01
   536    8.781670081498671E-01    3.762363072359332E-01
   537    8.616979949438062E-01    4.801880001795663E-01
   538    9.878091672778475E-01    5.269376184848779E-01
   539    8.668015749550628E-01   -4.542274485275247E-01
   540    8.842990660213127E-01    3.947809410871694E-01
   541    8.607010543957512E-01   -3.067478437696502E-01
   542    8.906113256386490E-01   -3.957172454430440E-01
   543    7.392745938826406E-01    4.782881610711881E-01
   544    7.988931861621392E-01    4.637552901377119E-01
   545    1.007235546391349E+00    4.629797012108127E-01
   546    1.015116929401824E+00   -4.069371972364688E-01
   547    8.590631842606320E-01    3.675054205203351E-01
   548    7.673996504376190E-01   -4.280090690594002E-01
   549    6.715300924478722E-01    3.978188756676742E-01
   550    8.674221031402294E-01    3.426741976239115E-01
   551    8.485015675916430E-01   -3.412686120781085E-01
   552    7.440494699777507E-01   -4.283905967090088E-01
   553    6.208522971903293E-01   -3.753702325680511E-01
   554    7.719300237715244E-01    3.269443329828760E-01
   555    8.689094410680461E-01    3.376310261766447E-01
   556    8.049772635236334E-01   -3.901184695749860E-01
   557    7.161753077901520E-01   -4.271849256520704E-01
   558    6.770134049357704E-01   -3.691016545312031E-01
   559    8.759609635554098E-01   -3.274806764599818E-01
   560    8.808381882228650E-01    3.667926260150217E-01
   561    7.566087906831507E-01    4.508024974501041E-01
   562    7.010825490619350E-01    3.760810282248269E-01
   563    7.152714454164260E-01   -3.573850228598677E-01
   564    8.520320008002555E-01   -3.188559584529458E-01
   565    8.024139894569553E-01    3.258195301756229E-01
   566    6.769261763024078E-01   -4.669806778655192E-01
   567    7.262336320596638E-01    3.454657468241092E-01
   568    8.146990445889675E-01    3.923337542897447E-01
   569    8.450270974823360E-01   -3.603579513978890E-01
   570    8.230510232499987E-01    3.780393507972534E-01
   571    6.884149881523595E-01    4.479009962577900E-01
   572    7.367974545859564E-01   -3.331756012728808E-01
   573    7.970217316583142E-01   -3.029086017398706E-01
   574    8.882602588957145E-01   -4.000771799782544E-01
   575    6.500086490357180E-01   -4.122369839525886E-01
   576    7.028223114525922E-01    3.743762646032696E-01
   577    8.334528400892701E-01    3.302256087216101E-01
   578    8.022532733200045E-01   -3.615159840712459E-01
   579    8.528436246088246E-01   -4.399959542120876E-01
   580    6.984168702308932E-01    4.115894991674299E-01
   581    7.300777372719031E-01   -3.492631234847445E-01
   582    8.871706294011432E-01   -2.866529967134656E-01
   583    7.152217541020023E-01    3.627518372663944E-01
   584    6.191056022973180E-01   -4.393939990850836E-01
   585    7.355343473498099E-01   -3.266243161586849E-01
   586    8.773061884597793E-01   -3.754089214629252E-01
   587    8.862429851011822E-01    3.401037912386161E-01
   588    7.924857479052381E-01    4.186345136993883E-01
   589    6.785307505767437E-01   -4.123730033962110E-01
   590    7.153098285308308E-01    3.584670415413785E-01
   591    9.160920290777224E-01    3.031996733685973E-01
   592    7.522303189064345E-01    4.203792230131821E-01
   593    6.722011955024321E-01    4.220420990855109E-01
   594    8.219321215154947E-01   -3.581664763029001E-01
   595    7.803132477884224E-01   -3.600359338234914E-01
   596    8.765202361254244E-01   -3.502202826083372E-01
   597    7.510206058639549E-01   -4.169287763710655E-01
   598    6.561337690372453E-01   -4.156035752241291E-01
   599    7.962762537531465E-01   -3.271101094968143E-01
   600    8.520281537326022E-01   -3.589329420415721E-01
   601    8.487273518849706E-01   -3.400218229485877E-01
   602    8.250618880228927E-01   -4.171503977145580E-01
   603    6.217871226696293E-01    4.140783873460046E-01
   604    7.116618901601541E-01   -2.985308722729333E-01
   605    8.606757400756132E-01   -3.326619046252564E-01
   606    8.011014013143545E-01   -4.208862643453148E-01
   607    7.025523989424289E-01   -4.177639287403806E-01
   608    8.211038063883076E-01    4.174853460498297E-01
   609    7.804537186748330E-01    3.093348352111859E-01
   610    8.616745877011450E-01    3.069414350070244E-01
   611    6.639896501047986E-01   -4.320957205759191E-01
   612    5.930858571042016E-01    3.422080263821834E-01
   613    7.794485439024270E-01   -2.687025500208202E-01
   614    8.177752679774684E-01    3.475737834805834E-01
   615    8.430726828607871E-01    4.446014790898262E-01
   616    7.094355899401699E-01    4.199304658472493E-01
   617    7.819545646050139E-01   -3.757464201897089E-01
   618    7.736992642858250E-01   -3.372074386570939E-01
   619    7.793369753892394E-01   -3.423618317816128E-01
   620    7.293783634569975E-01    4.114514262102029E-01
   621    5.672821864119765E-01    3.150504087418831E-01
   622    8.128400133212914E-01   -3.060678813322230E-01
   623    9.178271428720945E-01    3.455973948045242E-01
   624    7.743891015880502E-01   -4.380611759329754E-01
   625    7.626154688290705E-01   -4.255228289332887E-01
   626    7.313344536717112E-01    4.142949640373322E-01
   627    7.319778406566869E-01    2.963064405872967E-01
   628    8.940523110922718E-01   -2.645032427528474E-01
   629    7.426762624394486E-01    3.725482670507875E-01
   630    5.669278271793103E-01    3.963569152264282E-01
   631    7.187204335537166E-01   -3.234363845221168E-01
   632    8.769522250518671E-01    3.949010710694434E-01
   633    8.568503325325085E-01    3.952847569873746E-01
   634    7.974119120304728E-01   -3.918590555709288E-01
   635    6.027780556261095E-01    4.114835000119649E-01
   636    8.107359853694202E-01   -2.738391265175341E-01
   637    8.224905971750210E-01    2.783959884931650E-01
   638    7.247123786331131E-01   -4.134341001212447E-01
   639    5.448591793627191E-01    3.628815944684014E-01
   640    8.286103449826446E-01   -3.249416279267344E-01
   641    8.295534377992770E-01   -3.849558643264859E-01
   642    9.054008663293760E-01    4.349122414846420E-01
   643    6.424696638746822E-01   -3.827950416435481E-01
   644    7.585259234229724E-01   -3.553184711982741E-01
   645    7.545623272179944E-01    2.654051337836905E-01
   646    7.714286213010916E-01    3.551170945140898E-01
   647    6.714799881200920E-01    4.270470768110380E-01
   648    5.844720056741075E-01   -3.262813730620189E-01
   649    9.104390760268526E-01    3.622014825897598E-01
   650    1.012349398411189E+00    3.522726631549635E-01
   651    6.966824873184763E-01   -3.576174008823824E-01
   652    7.767693643597230E-01   -3.849029235141797E-01
   653    5.365337210221189E-01    3.617548586847663E-01
   654    7.581596219645178E-01    2.908438670838769E-01
   655    8.087855875645711E-01    3.019349800268338E-01
   656    6.565385825618116E-01    4.070683443880199E-01
   657    6.711126240416190E-01    3.667828424577850E-01
   658    7.683028107716210E-01   -3.748557078397375E-01
   659    9.297620107800902E-01   -4.116089761014400E-01
   660    8.422936640419358E-01   -3.311992937910187E-01
   661    5.829245797606366E-01    4.202171072637809E-01
   662    6.723330818619793E-01    3.401471764627917E-01
   663    8.275162077000764E-01    2.655666140140165E-01
   664    8.781295464509153E-01   -3.261004994945137E-01
   665    7.080716744904074E-01   -3.974145954263895E-01
   666    6.774623405187629E-01    4.488254887757404E-01
   667    9.118663003090773E-01    3.595059656627522E-01
   668    8.008813937733990E-01    3.468214730090498E-01
   669    7.278884235303951E-01   -3.767989284400203E-01
   670    6.850782305393520E-01   -3.954877798544707E-01
   671    5.560920916732743E-01   -2.882513890796943E-01
   672    8.741839652948830E-01   -2.742032392860347E-01
   673    8.531427776335595E-01   -2.629662475512986E-01
   674    6.063751406137822E-01   -4.240025440425582E-01
   675    6.652322067743464E-01   -3.619304797073017E-01
   676    6.546184113541084E-01    3.224484407644299E-01
   677    7.679910518779934E-01   -3.607848797568944E-01
   678    9.805593274787423E-01   -3.067426518138625E-01
   679    8.385442904060560E-01   -4.766590217417817E-01
   680    7.025968947987697E-01   -3.977895578322613E-01
   681    6.118719028550901E-01   -2.744321749193717E-01
   682    8.089133719632045E-01   -3.480318747249793E-01
   683    7.451690040742533E-01    2.977841875806976E-01
   684    5.866692463457294E-01   -3.968806415926021E-01
   685    7.147881407232188E-01    3.491611072683826E-01
   686    6.658382798284290E-01   -2.494556820696131E-01
   687    7.270425057952864E-01   -2.981372278577513E-01
   688    7.785734293462041E-01   -4.440141751341248E-01
   689    4.844197271472898E-01   -2.892140162884790E-01
   690    7.985873952577341E-01    2.949489490106367E-01
   691    8.670010071292328E-01    3.282043454410793E-01
   692    7.939734963127264E-01    4.320748201023882E-01
   693    9.243572832393262E-01   -3.875862153668534E-01
   694    4.859449341348970E-01    4.094211608681190E-01
   695    9.188415194657186E-01   -2.751957348868403E-01
   696    7.524562475742615E-01    2.419241825309177E-01
   697    7.170538004412885E-01   -4.960598083046207E-01
   698    6.190312355020663E-01    2.581607068564715E-01
   699    6.428674629259786E-01   -2.908592386432978E-01
   700    7.660068082877787E-01   -3.571757743748931E-01
   701    6.383103041129375E-01   -3.592454823337259E-01
   702    5.484319745068387E-01   -3.271927590450361E-01
   703    8.148922340313414E-01    3.078283604931612E-01
   704    7.308613206126855E-01    2.173991977422056E-01
   705    6.936523509910194E-01    4.081614368169323E-01
   706    6.479370478290963E-01    3.933890903077083E-01
   707    5.707529538172916E-01   -2.179040114745953E-01
   708    7.405272110208794E-01   -3.986814942124449E-01
   709    7.733440307841003E-01   -2.800402131936508E-01
   710    6.439795144481167E-01    3.671170432592733E-01
   711    6.031925498253049E-01   -4.134020870900081E-01
   712    7.902397294935899E-01   -1.843544351694972E-01
   713    7.162073356456954E-01   -3.685052813666058E-01
   714    5.659152198644837E-01    4.116581674218157E-01
   715    6.825753017069973E-01    2.369561925336867E-01
   716    6.420701383707871E-01    3.419372556268556E-01
   717    8.915929198184794E-01    2.448151053932370E-01
   718    6.966655406990555E-01   -3.194480623323460E-01
   719    4.839625603179939E-01   -4.694373098782285E-01
   720    8.203123949967931E-01   -1.798990096025300E-01
   721    7.417706378273683E-01    2.978786402561686E-01
   722    8.120040466925530E-01   -3.618402593864856E-01
   723    6.655224637585000E-01   -2.881141340945206E-01
   724    4.911927569485366E-01    4.208601604521823E-01
   725    7.964105898907301E-01    2.801562264777133E-01
   726    7.532244338156454E-01   -2.245649386399902E-01
   727    5.331084870778569E-01   -4.551484470485034E-01
   728    7.549533408635734E-01    2.782903994446732E-01
   729    5.864072236632580E-01   -3.160038956369429E-01
   730    7.809639204983917E-01   -3.573456951720048E-01
   731    8.285242300450890E-01   -2.779169363512194E-01
   732    3.108863754706317E-01   -3.310420782342408E-01
   733    8.566021992256212E-01    2.711187594993680E-01
   734    7.751950339679736E-01   -2.127571678365348E-01
   735    5.907059402590101E-01    3.245516056072515E-01
   736    8.031996183693193E-01    3.713769942746763E-01
   737    4.282217417060694E-01    3.246372575302371E-01
   738    6.492330155790002E-01   -1.901489322884161E-01
   739    9.958352310949473E-01   -2.729559168736787E-01
   740    6.506074245495174E-01   -3.189414580093387E-01
   741    4.874052067793886E-01    3.932559606023636E-01
   742    8.529852113026822E-01   -3.294896880517999E-01
   743    5.448427792932514E-01   -2.271644747789390E-01
   744    7.915402166065758E-01   -3.973021906811594E-01
   745    5.530395365939890E-01   -3.641001072663516E-01
   746    6.090719943812309E-01   -1.997954669674472E-01
   747    1.001464598314283E+00    2.819600846863579E-01
   748    5.381625264180477E-01   -3.229486820791250E-01
   749    6.190085904998720E-01   -3.959474161393488E-01
   750    6.978867338639970E-01   -3.772184134114427E-01
   751    6.163852388914272E-01   -1.808714909293455E-01
   752    7.586919430855738E-01    2.475903112993876E-01
   753    8.620916450072132E-01   -3.894466934510348E-01
   754    4.998802865250304E-01    2.848648299640892E-01
   755    5.087905402411453E-01   -3.860104156240788E-01
   756    8.711340138211314E-01   -2.920425091101266E-01
   757    7.111347611976035E-01    1.608390303127877E-01
   758    7.669740963616830E-01    5.329399180291734E-01
   759    5.640832266726779E-01    2.251651253938991E-01
   760    6.756889983970811E-01    2.177008954821155E-01
   761    7.251269519073449E-01   -4.529229096414600E-01
   762    5.631377789303238E-01   -2.834598188586274E-01
   763    5.432472847725430E-01   -2.719590023834203E-01
   764    7.398118221318107E-01   -3.055450234785964E-01
   765    8.761563178746327E-01    1.666025959066449E-01
   766    4.591554450756964E-01   -3.274202473736725E-01
   767    4.111707861595188E-01   -3.067891123353414E-01
   768    9.134805346654086E-01    3.358565135610697E-01
   769    5.348660883152364E-01   -1.594791890445333E-01
   770    7.985825982179435E-01   -3.105768270801755E-01
   771    7.838377179756886E-01   -3.995626180749094E-01
   772    3.493450462080867E-01    2.020027212799953E-01
   773    7.848757858950419E-01   -4.149165103762269E-01
   774    6.911630475235715E-01    1.718066361373600E-01
   775    5.272432579692513E-01    2.646062402567042E-01
   776    3.574662128392523E-01    3.267379106669253E-01
   777    9.943404281397110E-01    1.960310002499286E-01
   778    5.259457213190466E-01    2.772558615931224E-01
   779    4.331298655873970E-01    3.504711957785409E-01
   780    7.666564843384035E-01   -3.677275060206178E-01
   781    5.684872460884526E-01   -9.283637499995037E-02
   782    6.542462533599823E-01   -2.443658700985134E-01
   783    6.580441491888638E-01   -5.200715103189527E-01
   784    5.763313873243803E-01   -1.639076038336505E-01
   785    5.034405581335774E-01    2.721201531360928E-01
   786    7.870545921893378E-01    3.119642942371362E-01
   787    7.862089098024719E-01    2.134551451135488E-01
   788    2.129910433752946E-01    2.478836353817833E-01
   789    7.556604889641916E-01    3.580719463536304E-01
   790    7.993620452022350E-01    2.568843773677532E-01
   791    4.436346415775225E-01    2.036583203655268E-01
   792    3.919252525397973E-01    3.885716490735773E-01
   793    9.027647498283681E-01   -1.540805452424679E-01
   794    6.389071275339848E-01   -2.026987343358651E-01
   795    1.556295098099664E-01    2.044410917624962E-01
   796    7.596199062721682E-01   -3.376242324599465E-01
   797    8.736660169430915E-01    2.454765440527354E-01
   798    5.104384280841671E-01   -1.261339804334104E-01
   799    2.016521943957508E-01   -3.416161829639690E-01
   800    9.109538062317571E-01   -2.516974927992257E-01
   801    6.323921472145748E-01    1.914973839048652E-01
   802    3.556986328683231E-01   -1.607253182057410E-01
   803    4.203223416050311E-01   -4.105475091719802E-01
   804    8.424214390027628E-01   -2.850968700123011E-01
   805    7.109304764112385E-01   -1.698131553500530E-01
   806    1.876707707010161E-01    2.028568608337329E-01
   807    4.375422912304137E-01   -1.658027766824545E-01
   808    4.596210236454655E-01    5.804623554870090E-02
   809    3.822611992207309E-01    3.287695837267137E-01
   810    3.290305236263094E-01    6.975482597713685E-02
   811    5.220580051557213E-01   -1.635339515004629E-01
   812    3.592351351371014E-01   -1.912910864228344E-01
   813    2.073446513941488E-01   -1.714448987084397E-01
   814    5.805924329517974E-01   -1.293504581305548E-01
   815    2.059176843033879E-01   -2.018736497991972E-01
   816    4.893251056298303E-01    1.647288963077171E-01
   817    3.556348068061402E-01   -7.734251805618771E-02
   818    3.569786029478647E-01   -3.196033678404888E-01
   819    3.430423086999010E-01    8.538090240172910E-02
   820    4.923986761693164E-01   -1.675717368957856E-01
   821    5.026209681544284E-01   -1.329821091680909E-01
   822    9.345930264773729E-02   -1.453369205100374E-01
   823    6.129067588742009E-01    7.064868227018244E-02
   824    2.860236220066388E-01    2.233487305987991E-01
   825    3.757305370397427E-01   -2.007103200759671E-01
   826    3.907862255326846E-01    1.053992028697719E-01
   827    2.610581563737892E-01    2.831799329983302E-01
   828    4.712850951725513E-01   -1.014305718415844E-01
   829    3.377771665807365E-01    1.197612055186558E-01
   830    5.219063708563884E-01   -2.302698175493088E-01
   831    1.421556811863154E-01    8.437084926010778E-02
   832    5.789020159501124E-01    1.466166166743579E-01
   833    4.133879001584319E-01   -1.464254921716203E-01
   834    2.237337208350486E-01   -2.683874890717847E-01
   835    5.043105391113522E-01    5.151079787400996E-02
   836    3.605725856161145E-01   -2.633794600615104E-01
   837    3.791041748516288E-01   -1.502620900240015E-01
   838    3.340268749856257E-01   -1.407417372908487E-01
   839    5.044132509388736E-01   -2.551757742968273E-01
   840    2.123625749823573E-01   -1.134064666685840E-01
   841    3.388637005937454E-01    9.839218298857316E-02
   842    5.712212531604366E-01    1.198340927530025E-01
   843    5.513540324524802E-02   -8.814298852758724E-02
   844    5.949154667401648E-01   -1.139851349638016E-01
   845    3.721347885424264E-01   -1.624619144670036E-01
   846    2.942164782475742E-01   -2.900254843623413E-01
   847    4.411962141141970E-01    6.603257825062879E-02
   848    3.097764041476031E-01   -2.069053061321964E-01
   849    4.101288593007434E-01    2.034793524198956E-01
   850    3.009879643427191E-01    6.555123537098670E-02
   851    4.333832273729026E-01    3.186611364069964E-01
   852    3.028847885431500E-01    1.125740296097543E-01
   853    3.751218486675233E-01    9.561512115512158E-02
   854    5.924484816460336E-01   -1.231695885690394E-01
   855    4.344723430149165E-02   -4.711043056048371E-02
   856    5.690280160870302E-01   -1.431710962393385E-01
   857    2.852462409350656E-01    1.745180290822700E-01
   858    1.695450866605869E-01   -6.596170464215140E-02
   859    4.260299020750832E-01   -2.723265380909253E-01
   860    2.707450540238031E-01   -6.175185117661273E-02
   861    2.896601941985161E-01   -5.760159862546172E-02
   862    2.659088746312607E-01    2.870514976980368E-01
   863    3.769667103351928E-01   -9.371487559353453E-02
   864    3.598545186636499E-01    4.450536495258432E-02
   865    1.350314650702328E-01    2.395882668886250E-01
   866    5.262494868529145E-01    4.833362176545834E-02
   867    1.510876763701105E-01    1.333633443227154E-01
   868    2.608017920554063E-01   -4.346740139487700E-02
   869    4.929976665374129E-02   -8.375992346240629E-02
   870    2.703708576162876E-01   -1.842114994945098E-02
   871    2.374867862163788E-01    1.634925471939107E-01
   872    1.238821955910796E-01    6.367578489901455E-03
   873    1.483403614959035E-01    1.691978239078629E-01
   874    2.193172027571739E-01    2.401676220585914E-02
   875    8.269387986175895E-02   -6.765101547200414E-02
   876    2.787104356294502E-01   -8.588101930536439E-02
   877    8.985048104676290E-02   -1.070831893239337E-01
   878    2.836494562017912E-01    1.740647206609079E-02
   879    9.916237691042690E-03   -7.236859410862480E-03
   880    1.308860106986175E-01    1.643487098061566E-01
   881    2.393770031773495E-01   -1.700810223265723E-02
   882    6.626903721354442E-02    3.570303133286807E-02
   883    2.297224133830947E-01    1.622541565254800E-01
   884    1.480733880500140E-01   -7.483591684151285E-03
   885    7.601236952348702E-03    4.472167685460849E-03
   886    6.926210186532421E-03   -2.620243006686556E-03
   887    7.776663113868308E-03   -3.765634359468710E-03
   888    5.768274849167699E-03    3.267732082984746E-03
   889    8.591301813032651E-03    4.059795916489404E-03
   890    6.367663628225511E-03    3.876807617879350E-03
   891    7.783919953028126E-03   -3.037215196373574E-03
   892    7.139332135419581E-03    3.810345591035480E-03
   893    5.468412767650078E-03   -1.711901990636940E-03
   894    8.620730030605504E-03   -3.297437311957684E-03
   895    3.325951638964620E-03    2.299729327133355E-03
   896    7.093672993882459E-03    4.136788743991068E-03
   897    5.776819478952459E-03    1.567698387817798E-03
   898    6.090417822520606E-03   -3.311606374839760E-03
   899    4.540438784160263E-03   -3.151861205782161E-03
   900    8.196460030530428E-03   -2.531912381045601E-03
   901    3.649469468141930E-03   -1.917710796204246E-03
   902    7.228504840786548E-03   -3.518433602441056E-03
   903    3.381072138986398E-03   -1.300698559522002E-03
   904    4.239047935664979E-03    3.718251026421966E-03
   905    7.775497412259792E-03   -1.417643707956808E-03
   906    2.234913717880487E-03    8.498194883045599E-04
   907    2.395146767015978E-03    3.823251013722855E-03
   908    8.947427396016384E-03   -6.402613270499095E-04
   909    1.870113716178646E-03    1.308680605986912E-03
   910    1.746601405778125E-03   -6.865004723251570E-04
   911    1.485041021991457E-03   -4.930622852044230E-04
   912    5.469228582918634E-04   -2.192468322009357E-04
   913    5.037678945975508E-04    2.466378339823152E-04
   914    4.058188019248451E-04    1.397019567113535E-04
   915    2.843009914045908E-04   -2.277160087480709E-04
   916    6.074560197376313E-04    2.547837578109204E-04
   917    3.536878614614007E-04   -9.321636107336200E-05
   918    1.195239049617614E-04   -7.148940492743587E-05
   919    2.035335192390874E-04    7.006770964890632E-05
   920    1.012878952818426E-04   -4.927268933001267E-05
   921    1.036989820820528E-04    6.854737004989758E-05
   922    1.505333132412092E-04    6.645322490909193E-05
   923    1.067127678948273E-04   -3.755068401617284E-05
   924    7.131661775150961E-05   -3.921599793043514E-05
   925    7.828728839145172E-05   -5.039428097215349E-05
   926    1.000760632002733E-04    2.600814592587844E-05
   927    3.337942710194697E-05   -1.641581918936783E-05
   928    4.173939408294615E-05   -1.998173064874202E-05
   929    4.769810551766229E-05   -3.038632962454796E-05
   930    5.927520473752761E-05    2.616300980462529E-05
   931    5.879909607134584E-05    2.957516484943702E-05
   932    3.593398588732636E-05   -1.239213763655959E-05
   933    2.884284083169713E-05   -1.192062631137320E-05
   934    2.492198673009641E-05    1.760905967775466E-05
   935    3.817192181107245E-05    1.283927490790512E-05
   936    3.245501575800743E-05    1.979310775186008E-05
   937    2.316969633389752E-05   -6.044644809802762E-06
   938    1.372328125358640E-05   -8.026228485424668E-06
   939    1.771732980975132E-05   -6.987852574981587E-06
   940    1.061628833794670E-05   -5.868809317725921E-06
   941    2.389522557531907E-05   -1.379021491458331E-05
   942    1.627797896347735E-05   -4.602377237542871E-06
   943    1.157545736685886E-05    8.184067301275135E-06
   944    1.675697904165592E-05   -6.757341031334123E-06
   945    1.002533057074338E-05   -4.521930215373994E-06
   946    1.023287591926970E-05    3.700486132298731E-06
   947    4.678065141846438E-06   -2.159787903400002E-06
   948    3.729794972043011E-06    1.585260866465558E-06
   949    5.014854221756198E-06   -3.444685302738075E-06
   950    7.954910340433578E-06   -2.575932561525918E-06
   951    3.741987102475432E-06   -2.104900643935903E-06
   952    3.640292920935729E-06    1.430703037851573E-06
   953    3.395802640840581E-06   -2.026287044893700E-06
   954    3.473608051104638E-06    1.385014087213558E-06
   955    2.760139518106664E-06    8.175380414082950E-07
   956    1.054496166790229E-06    6.778384698663387E-07
   957    1.224724040064472E-06    5.672716295092186E-07
   958    1.397280995180286E-06    3.507640696794118E-07
   959    1.267458304036393E-06   -3.827687263061320E-07
   960    5.296037361242709E-07    2.074078969063998E-07
   961    8.132353545150462E-07   -3.985492552555029E-07
   962    4.096801936441481E-07   -2.974355604522618E-07
   963    1.058562486399491E-06    2.746847019511331E-07
   964    4.470203700942360E-07    2.636918258332883E-07
   965    8.713428235255303E-07    1.011680217119428E-08
   966    4.353675382566046E-08    0.000000000000000E+00
