  1687
     1    1.000000000000000E+00   -3.820937853804691E-01
     2    5.789139366998171E+00   -4.828214143680003E+00
     3    6.033657439944088E+00   -3.219430528835840E+00
     4    8.692176950975115E+00   -2.050308568171713E+00
     5    7.018450414330555E+00    3.447740020950082E+00
     6    8.232502499796370E+00    3.260568436566960E+00
     7    4.441617531230839E+00    3.353873989699511E+00
     8    7.391862847887443E+00    3.920912817699297E+00
     9    7.118563503367834E+00   -2.297937671781427E+00
    10    5.308560753650429E+00   -3.214518806436303E+00
    11    6.714519966046113E+00   -3.119198925483398E+00
    12    6.894010801238568E+00   -3.803623197708867E+00
    13    5.732455582445422E+00   -2.227131843419577E+00
    14    7.142578792602611E+00   -4.233843879331960E+00
    15    6.396700855996277E+00    2.905913235198986E+00
    16    6.087497862279615E+00   -3.395469502269373E+00
    17    7.074949795429237E+00   -3.705876220196592E+00
    18    6.695686022223263E+00    2.434461864136690E+00
    19    6.633594124465974E+00   -3.769543984587808E+00
    20    7.127959864151054E+00    3.189364223026479E+00
    21    5.492030756355184E+00   -3.012683211472464E+00
    22    6.530343907980679E+00    3.064025932028300E+00
    23    7.359924748444413E+00    3.829931582795331E+00
    24    6.000101365226969E+00    2.142158745113712E+00
    25    4.417832123576216E+00    3.347607243429596E+00
    26    8.632470280270658E+00   -3.171373569199989E+00
    27    5.082857326593222E+00    3.020425951929445E+00
    28    6.909022104390967E+00   -3.389264997458385E+00
    29    7.348104804565564E+00    3.456485776300086E+00
    30    6.169028315778544E+00    2.621713740161116E+00
    31    4.541954287647099E+00    2.971718972103219E+00
    32    8.875417768077433E+00    4.430357884079343E+00
    33    6.093624966634501E+00   -2.162629022039131E+00
    34    5.028685815323144E+00   -3.378843552460975E+00
    35    7.631359777033389E+00    3.241963103722896E+00
    36    6.300489607175592E+00    3.393340752765652E+00
    37    5.982486463632028E+00   -2.508311739195514E+00
    38    5.800319393682089E+00   -3.726519496339754E+00
    39    7.047754529594225E+00    2.524888309437116E+00
    40    4.182455741034539E+00    2.493031193772409E+00
    41    7.446239030693667E+00   -4.284775656074863E+00
    42    6.575011078723839E+00   -2.515429789918014E+00
    43    5.034343630920197E+00    2.513733394126730E+00
    44    5.390462421248533E+00    2.708021815514425E+00
    45    5.537791122665284E+00   -3.406429778772910E+00
    46    7.182768836175510E+00   -3.106440778319350E+00
    47    5.084774402202836E+00   -2.501368894690265E+00
    48    7.105531525384816E+00   -3.715916815346357E+00
    49    5.303830310019439E+00    1.901566026988174E+00
    50    4.132919188968124E+00    2.803582727416065E+00
    51    6.990654924257619E+00    3.538959828277640E+00
    52    7.508207816040118E+00    3.888766099369273E+00
    53    6.071895848257801E+00    2.103433781501870E+00
    54    3.911604848418869E+00   -2.692899741536457E+00
    55    7.277618719886390E+00   -3.363208993253981E+00
    56    6.198616324175601E+00    3.149604596443103E+00
    57    6.271714894216781E+00   -3.291470052209116E+00
    58    8.034992602899992E+00   -3.470716931994699E+00
    59    4.291242653933788E+00   -1.627092491355830E+00
    60    4.701666596529223E+00    3.649643070467674E+00
    61    7.644394643070679E+00    2.837013868236048E+00
    62    6.162984901669749E+00    3.184327352830807E+00
    63    5.096601799556762E+00   -2.369264170812243E+00
    64    5.455924781214748E+00    3.995939643474987E+00
    65    8.277212804677628E+00    2.419216089513870E+00
    66    4.032017335880598E+00    2.732824754998119E+00
    67    7.529077198674410E+00   -3.374859132464953E+00
    68    5.394707352952429E+00   -2.662281618959459E+00
    69    5.533482797220168E+00    2.934896989057654E+00
    70    6.331800230719793E+00   -3.412034825242227E+00
    71    6.813329841007264E+00   -3.052065401298756E+00
    72    5.715823866977614E+00    3.006688946576094E+00
    73    6.092192243498404E+00   -3.198343740506415E+00
    74    7.632573905757348E+00    3.048171594739463E+00
    75    3.906676967832135E+00   -1.960889121963360E+00
    76    6.423672808833339E+00    4.283744355989169E+00
    77    6.792942293503176E+00    2.320816226054653E+00
    78    5.703448663381640E+00    3.192551581992891E+00
    79    5.268721490801498E+00   -2.335734354522105E+00
    80    6.442486427685851E+00   -3.893654414452485E+00
    81    5.853406787770144E+00    1.891006329935842E+00
    82    4.024097934082485E+00   -2.606741878862653E+00
    83    6.023500321715830E+00   -3.447402301198316E+00
    84    6.990860981904080E+00    2.762010681604040E+00
    85    4.842152464712925E+00    2.684375236174166E+00
    86    5.482021406685875E+00   -2.107628342234937E+00
    87    4.462833611375958E+00   -3.459827231000190E+00
    88    8.310639434387578E+00   -3.077050847117534E+00
    89    4.967841784174027E+00    2.406557151235333E+00
    90    4.260487338962964E+00    1.903270833145591E+00
    91    4.429389835886117E+00    2.580689269431790E+00
    92    4.638940459284687E+00   -1.672065602000561E+00
    93    2.671200428115248E+00    1.514380260634587E+00
    94    4.018885433134839E+00    2.475160881695345E+00
    95    5.186053228425133E+00    2.123744259818085E+00
    96    3.361089919798919E+00   -1.591420635753208E+00
    97    3.434287331753149E+00   -1.749894874370484E+00
    98    3.875560191721111E+00    2.149297215123530E+00
    99    4.827417231607917E+00    2.376968914567855E+00
   100    4.044617404958474E+00   -1.866692948532581E+00
   101    3.844106441139198E+00   -1.748888241943735E+00
   102    2.977997254602774E+00    1.654869866830043E+00
   103    4.941207067047131E+00   -2.833140803237760E+00
   104    4.199201090336426E+00    1.516032340083932E+00
   105    3.030501387373057E+00   -1.608342261099648E+00
   106    3.543201616479026E+00    2.016424736084514E+00
   107    4.728910512130874E+00    2.534959207067752E+00
   108    4.363335771010581E+00   -1.686603228817539E+00
   109    2.948809625901726E+00    1.353178550560018E+00
   110    3.125076594058923E+00    2.384515990598223E+00
   111    5.664683560231732E+00   -2.222466195340690E+00
   112    3.282682316315028E+00   -1.397184142315818E+00
   113    2.790011262281348E+00    1.417156102700133E+00
   114    3.354960131604780E+00    2.219711344609580E+00
   115    5.439521373538298E+00    2.481208019378757E+00
   116    3.867020777929973E+00   -1.474923810340580E+00
   117    2.711657931307761E+00   -1.389064592614605E+00
   118    4.129029322290447E+00   -2.995085387945967E+00
   119    5.168341363419362E+00    1.569537334423458E+00
   120    2.653569046008260E+00    1.300560342829054E+00
   121    3.366679876519835E+00    2.533994134979464E+00
   122    5.729133144112063E+00    2.104384510339241E+00
   123    2.850213711074778E+00   -1.268282238223135E+00
   124    3.044099533837161E+00   -2.014336638984043E+00
   125    5.009082055797951E+00   -2.625066532865853E+00
   126    4.431268839375766E+00   -1.613777811283983E+00
   127    2.728516540283824E+00   -1.277051645366053E+00
   128    2.936310507532977E+00   -2.144726819619159E+00
   129    5.615559386853707E+00   -2.434577437299668E+00
   130    3.465384834244107E+00   -1.363734040003475E+00
   131    2.787126630059173E+00   -1.480631358813613E+00
   132    3.190123837606972E+00   -2.081598384148401E+00
   133    5.687291349340398E+00   -2.505491400813701E+00
   134    3.142943952747891E+00    1.090861240241328E+00
   135    2.490176322860058E+00   -1.970296766869647E+00
   136    6.148732688157660E+00   -2.577730705066916E+00
   137    2.985107768971701E+00   -1.021470083024931E+00
   138    2.474224618018724E+00   -1.757518545846241E+00
   139    5.309311632624089E+00   -2.844169502262414E+00
   140    3.939798319037744E+00   -1.310995858515442E+00
   141    2.182201189436326E+00   -9.971179693772136E-01
   142    2.559570256257793E+00   -2.128438418461891E+00
   143    6.038990161776511E+00    2.311743218867305E+00
   144    2.986489022819393E+00    1.195921914314110E+00
   145    2.384431395918118E+00   -1.202734760727275E+00
   146    2.864932273568991E+00   -2.132337832521825E+00
   147    5.691782967688771E+00    2.394375643379365E+00
   148    3.346649339609651E+00   -1.237737272561449E+00
   149    2.192427323888851E+00   -1.192450302604295E+00
   150    3.854362167663363E+00    2.980493614631780E+00
   151    5.501084072784067E+00   -1.521102743264800E+00
   152    2.043325658825498E+00    1.063038802664158E+00
   153    3.489633089786763E+00    2.825052243120263E+00
   154    5.602679985984348E+00   -1.668999912823086E+00
   155    2.670052546283729E+00   -1.300013767013865E+00
   156    2.529233894379400E+00   -1.458078901015194E+00
   157    4.705463213978835E+00   -3.057816743907543E+00
   158    4.627846000583514E+00   -1.256928808393246E+00
   159    2.064769877917212E+00   -1.187148355070722E+00
   160    4.598995302340413E+00   -3.167563206216081E+00
   161    4.596099378744671E+00    1.186556775238769E+00
   162    1.937743623703046E+00   -1.081219148526917E+00
   163    3.295754433464154E+00    2.521098830478507E+00
   164    5.695766901158881E+00   -2.118898994881550E+00
   165    3.173455832942415E+00   -1.256894462820442E+00
   166    2.058345050128459E+00   -1.094782620057074E+00
   167    3.930042152568314E+00    3.104649861952383E+00
   168    5.238510684619009E+00    1.243355021483046E+00
   169    1.731774452862795E+00   -8.353411143477845E-01
   170    2.177260445054706E+00    2.023453980727824E+00
   171    6.203150434005318E+00   -2.282917383917844E+00
   172    2.709477029363594E+00   -1.049629412165281E+00
   173    2.124413996560876E+00   -1.334469208175271E+00
   174    4.422632438082113E+00    2.874718877076634E+00
   175    5.040421628683546E+00    1.547597270617385E+00
   176    2.103859238449397E+00    8.886325599422863E-01
   177    1.813090371804497E+00    1.279132944325358E+00
   178    5.108548077643953E+00   -3.038794922073972E+00
   179    4.207196128289966E+00    1.333688817334636E+00
   180    2.513499963206889E+00    1.159503142886273E+00
   181    1.957839020490941E+00    9.832185391744693E-01
   182    2.750632215307056E+00    2.399128549149403E+00
   183    6.160063222587994E+00    1.986196331928907E+00
   184    2.400993487129613E+00   -9.509952186902454E-01
   185    1.966496567824809E+00   -9.543865856131315E-01
   186    2.057289355267124E+00   -1.484007253155965E+00
   187    5.287073598292321E+00   -2.953841577993995E+00
   188    3.953724295371837E+00   -1.069389724500109E+00
   189    1.721659541279227E+00    8.677387006683892E-01
   190    1.758662594802799E+00    9.956744845587627E-01
   191    2.616097233757191E+00   -1.966375487425096E+00
   192    5.869100462428116E+00    2.524942543548799E+00
   193    3.100882550679928E+00   -1.091106739600899E+00
   194    2.028817579671347E+00   -9.884682198703318E-01
   195    1.911260092340070E+00    9.607893043625385E-01
   196    1.921828509129297E+00   -9.330916555591123E-01
   197    1.827954255368396E+00   -8.406145242058812E-01
   198    1.633218002802135E+00   -8.174186578519477E-01
   199    1.589608039311007E+00   -7.861964699264730E-01
   200    1.552500206115357E+00    7.901974273370425E-01
   201    1.708804211665302E+00   -8.718174020857158E-01
   202    1.805785081751383E+00   -8.900583331406088E-01
   203    1.655253940474039E+00   -8.053420314147827E-01
   204    1.602279134548363E+00   -8.712720153117927E-01
   205    1.842587953655642E+00    8.571776898835282E-01
   206    1.590593262345300E+00   -8.020496459763310E-01
   207    1.573269476946290E+00   -7.793478089138058E-01
   208    1.546005299747053E+00    7.603031649624555E-01
   209    1.573680844345263E+00    7.937121780959899E-01
   210    1.530799847647085E+00    7.435650374498233E-01
   211    1.530756745713800E+00   -7.924822457156199E-01
   212    1.598684660797196E+00   -7.747593856112389E-01
   213    1.570837035931995E+00   -8.095746487998561E-01
   214    1.689870162955728E+00   -8.162628056399821E-01
   215    1.635727087440149E+00   -8.061524663091166E-01
   216    1.587700207691076E+00   -8.143103586369111E-01
   217    1.619581405644230E+00   -8.508665497210189E-01
   218    1.680787686449660E+00   -8.212046629576043E-01
   219    1.568004882949105E+00    7.545311069381750E-01
   220    1.644264953497514E+00    8.080187325398063E-01
   221    1.547757145000733E+00   -7.778184283750724E-01
   222    1.586724522800784E+00    7.513390719046916E-01
   223    1.492254823383311E+00   -7.604401486829386E-01
   224    1.477132580344681E+00   -7.674696690577805E-01
   225    1.601014131112100E+00   -7.717733241090962E-01
   226    1.489094775926047E+00   -7.704538096518774E-01
   227    1.587801261291828E+00   -7.677974373609598E-01
   228    1.539363666815110E+00   -7.866346694765727E-01
   229    1.608690400169182E+00    8.213181163131501E-01
   230    1.565301172624511E+00   -7.578978861457014E-01
   231    1.608867601243920E+00   -8.033596987062194E-01
   232    1.569797867237652E+00    7.433830820835401E-01
   233    1.487328657579457E+00   -8.080409340709911E-01
   234    1.678372746555427E+00   -7.949702172165005E-01
   235    1.547890203309878E+00   -7.442365264700533E-01
   236    1.564895754289715E+00    7.833298350552073E-01
   237    1.514723044427311E+00    7.741806320924117E-01
   238    1.545500925191017E+00   -7.611466397354508E-01
   239    1.497349434742710E+00    7.875954959575657E-01
   240    1.631752912537163E+00    7.946322945454238E-01
   241    1.487736979259230E+00    7.656008070044759E-01
   242    1.563653121479877E+00   -7.370346056320383E-01
   243    1.502603732901208E+00    7.870364155677219E-01
   244    1.538794107421857E+00   -7.346101430343894E-01
   245    1.500412086950403E+00    7.601482059435742E-01
   246    1.506824534829839E+00    7.505958452904162E-01
   247    1.487908648531892E+00   -7.381553869065677E-01
   248    1.549574619345515E+00    8.362125260898481E-01
   249    1.608503832697104E+00    7.624166879090526E-01
   250    1.544001268083627E+00   -7.761596172643042E-01
   251    1.516299148825510E+00   -7.583726338814231E-01
   252    1.555893481991153E+00    7.893519110537134E-01
   253    1.598885257972928E+00   -7.618351739474509E-01
   254    1.525106664249819E+00    7.646729984048898E-01
   255    1.489308057564791E+00    7.297176002574594E-01
   256    1.520755253087666E+00    8.082187553807146E-01
   257    1.570461746787708E+00    7.402291356799121E-01
   258    1.467487873659242E+00    7.570826548354307E-01
   259    1.550492521587490E+00    7.899379172631725E-01
   260    1.456090267169363E+00   -7.417127799694687E-01
   261    1.559425323473765E+00   -7.307221206561740E-01
   262    1.466068076308634E+00    7.351076008403326E-01
   263    1.477348415526078E+00   -7.205610542773543E-01
   264    1.522595045404784E+00   -7.354664004144369E-01
   265    1.474658244211417E+00   -7.413126575148118E-01
   266    1.465158643852121E+00   -7.336806134905843E-01
   267    1.450893909543039E+00    7.339026710360103E-01
   268    1.519163220356226E+00    7.974007833279494E-01
   269    1.541148085308654E+00    7.302222965106281E-01
   270    1.505422054238456E+00   -7.589361169488368E-01
   271    1.416043728334949E+00    7.448016934923977E-01
   272    1.629996637172447E+00    7.846292208874264E-01
   273    1.490472525669216E+00    7.108929895008141E-01
   274    1.502824147688650E+00    7.373601878940098E-01
   275    1.490133046750820E+00   -7.601980003690659E-01
   276    1.483083502866172E+00   -7.677483751926845E-01
   277    1.594559942791011E+00   -7.611172972247742E-01
   278    1.405179006640574E+00    6.867028553050221E-01
   279    1.430705469341521E+00   -7.525956581035521E-01
   280    1.496978510478328E+00    7.725761618018208E-01
   281    1.572198146223370E+00    7.480062385595876E-01
   282    1.486127565527651E+00    7.557022403872402E-01
   283    1.475014599926761E+00   -7.336981918923522E-01
   284    1.469261462153334E+00    7.464475203971049E-01
   285    1.545844496786499E+00    7.185348176442531E-01
   286    1.413694070064260E+00   -7.460268457731989E-01
   287    1.518917719358486E+00   -7.614332257582386E-01
   288    1.469361838519033E+00   -7.422461717393365E-01
   289    1.547993557323992E+00    7.780055265410895E-01
   290    1.533389231062109E+00   -7.334112574195240E-01
   291    1.519274704779521E+00   -7.822375743724956E-01
   292    1.537405526147162E+00   -7.237654445294133E-01
   293    1.470315454870598E+00   -7.434744801525822E-01
   294    1.463089967408421E+00   -7.532315388543489E-01
   295    1.539791435640785E+00    7.693409782463418E-01
   296    1.507192213373169E+00    7.353886026177280E-01
   297    1.459776516613933E+00    7.306089933654240E-01
   298    1.451643905883676E+00    7.690399806400398E-01
   299    1.530173935221427E+00   -7.266489455353868E-01
   300    1.455826079857673E+00    7.401313380502923E-01
   301    1.459556708941127E+00    7.334194920081221E-01
   302    1.567405413281372E+00    7.615426317652252E-01
   303    1.420093269530043E+00    6.763177185067589E-01
   304    1.432752097710695E+00    7.212561853946763E-01
   305    1.469803849424192E+00   -7.835400697925188E-01
   306    1.441671238346493E+00    6.823983763980425E-01
   307    1.439740867135962E+00    7.402775197988399E-01
   308    1.475722568460255E+00    7.394216916725354E-01
   309    1.533080613730855E+00   -7.774813136375230E-01
   310    1.546853427177333E+00    7.469211817897895E-01
   311    1.464733769348661E+00   -7.101680041660690E-01
   312    1.422031906859105E+00   -7.127490146921982E-01
   313    1.422866318293724E+00    7.275483362777952E-01
   314    1.566312392087241E+00   -7.398797261101888E-01
   315    1.425854791871928E+00   -6.902108275519063E-01
   316    1.384366875343750E+00   -7.174324742480516E-01
   317    1.359065299967826E+00    7.141205924951198E-01
   318    1.451411213068817E+00    7.408273388149964E-01
   319    1.469836800919072E+00   -7.298632463234045E-01
   320    1.475165058254264E+00    6.876287222364369E-01
   321    1.472909982217404E+00   -7.450405494525981E-01
   322    1.480049878592014E+00    7.553682355240744E-01
   323    1.603590937036358E+00    7.770605659333782E-01
   324    1.359064395783350E+00   -7.308855051407297E-01
   325    1.610329232844780E+00    7.334714629142042E-01
   326    1.428172904674884E+00   -7.226381747986788E-01
   327    1.502761931163339E+00   -7.760437717317735E-01
   328    1.405009356826052E+00   -6.665441480107570E-01
   329    1.490654786722780E+00    7.722094850291965E-01
   330    1.537799704329173E+00    7.393532446033101E-01
   331    1.385968158542969E+00   -7.120598234707950E-01
   332    1.470623600791040E+00    7.105170629746760E-01
   333    1.357220767959206E+00    6.771886881136802E-01
   334    1.405698886575311E+00    7.129570168363261E-01
   335    1.439741851726084E+00   -7.080871531892522E-01
   336    1.371987664294077E+00    6.999067366729170E-01
   337    1.475415028343954E+00   -7.032376897908791E-01
   338    1.308097573290044E+00    7.045631219658861E-01
   339    1.521278365204360E+00    7.308756878349951E-01
   340    1.428666566683024E+00   -7.345160973946576E-01
   341    1.487082146961705E+00   -7.471156334791041E-01
   342    1.481941529556279E+00   -7.523653831161364E-01
   343    1.513192938425136E+00   -7.342984144699598E-01
   344    1.366299728584727E+00    6.532581856285893E-01
   345    1.327142671307498E+00    6.778051878945105E-01
   346    1.370588299985939E+00    7.130533170796033E-01
   347    1.452955995042154E+00   -7.255488841222192E-01
   348    1.567558089051739E+00    7.128028367205046E-01
   349    1.287838638070773E+00    6.639407540231079E-01
   350    1.368890566059472E+00   -6.938838888429979E-01
   351    1.317008800725100E+00    6.606372073981491E-01
   352    1.317409422701007E+00   -6.544265198448803E-01
   353    1.350794529124610E+00   -6.768162160601978E-01
   354    1.416728949832266E+00    7.467767252994056E-01
   355    1.465891397486842E+00   -7.304922508124803E-01
   356    1.490310764379450E+00   -7.217931817441531E-01
   357    1.416912948306126E+00    7.221171639086402E-01
   358    1.354087438267119E+00    6.326989892947612E-01
   359    1.318986923243871E+00   -6.535740550188691E-01
   360    1.349753636707971E+00    7.105610501572458E-01
   361    1.372914569514005E+00    7.145567512840276E-01
   362    1.440514745966316E+00    7.277171550892543E-01
   363    1.516523269273550E+00    7.200622969280822E-01
   364    1.438886096346114E+00    6.807264985759666E-01
   365    1.359832121036244E+00   -6.729945764130689E-01
   366    1.211287641919746E+00   -6.471462809437452E-01
   367    1.337394574314250E+00   -6.662340394487635E-01
   368    1.387594483275245E+00   -6.908959771928544E-01
   369    1.473290451325812E+00   -7.267775406000487E-01
   370    1.452488227624744E+00   -7.043418620041642E-01
   371    1.404998965205964E+00   -7.225380277689808E-01
   372    1.406071701410122E+00   -7.082395193377607E-01
   373    1.380807719899095E+00   -6.609898035034779E-01
   374    1.351888184736723E+00   -6.828108398100536E-01
   375    1.370855294738725E+00    6.698803190964630E-01
   376    1.344762444688775E+00   -6.823772877980554E-01
   377    1.289697218751108E+00   -6.544597719238419E-01
   378    1.393273350752394E+00    6.623629889484171E-01
   379    1.294015287365984E+00    6.725086393942160E-01
   380    1.378051756681480E+00   -6.935377168146520E-01
   381    1.412414904160936E+00   -6.843670440695606E-01
   382    1.323874226993865E+00    6.662779889067504E-01
   383    1.337789986726625E+00   -6.672654299770295E-01
   384    1.328163615863163E+00   -6.833808586126852E-01
   385    1.448875894928090E+00   -7.581051209958355E-01
   386    1.472067611810630E+00   -7.095019259483357E-01
   387    1.407841414177859E+00    6.953149816636875E-01
   388    1.370373192786682E+00   -6.443790519751753E-01
   389    1.295082658652182E+00    6.597210865227645E-01
   390    1.266349036961023E+00    6.717994190094831E-01
   391    1.407504688427514E+00    6.884218390454963E-01
   392    1.414295515492600E+00    7.202360567681878E-01
   393    1.517653807953899E+00    7.482039928893268E-01
   394    1.408301573533693E+00    6.857739104833108E-01
   395    1.416820615458832E+00   -6.976363695998142E-01
   396    1.268886564964308E+00    6.451038436280810E-01
   397    1.326104196077534E+00    5.904522070486938E-01
   398    1.197296492004649E+00    6.569380366306343E-01
   399    1.298007768424998E+00    6.473315125097504E-01
   400    1.251581735882759E+00   -6.404628460999962E-01
   401    1.293859844294462E+00   -6.182029592848942E-01
   402    1.272229570557207E+00    6.180009780231286E-01
   403    1.311584025844833E+00    6.289603211065934E-01
   404    1.241214336319721E+00    6.588967484370164E-01
   405    1.282089762494744E+00   -6.074530304165827E-01
   406    1.194551133872347E+00   -6.315906474160510E-01
   407    1.294939252510893E+00    6.377292541938607E-01
   408    1.236135722178950E+00    6.003618817926786E-01
   409    1.225992727369457E+00    6.258222493406119E-01
   410    1.344402312200224E+00   -6.380762136062630E-01
   411    1.183071523647804E+00   -6.092805713917598E-01
   412    1.255903494360125E+00   -6.074774431378656E-01
   413    1.295737621761325E+00   -6.447164701234903E-01
   414    1.182788314564621E+00   -6.091958172221453E-01
   415    1.305959968260881E+00   -6.528108102345274E-01
   416    1.211167208706200E+00   -5.812912762027280E-01
   417    1.175716079922190E+00    6.146251699498656E-01
   418    1.306338995086642E+00   -6.257694007188941E-01
   419    1.189479225639580E+00    6.199813611379843E-01
   420    1.283061339873784E+00    6.480296975243864E-01
   421    1.214333021585343E+00   -5.894174962269263E-01
   422    1.258382192361607E+00   -6.234132189661604E-01
   423    1.236585208045731E+00    6.279211797746117E-01
   424    1.232135740120453E+00   -5.861144052522428E-01
   425    1.302412369195585E+00   -6.109652919307275E-01
   426    1.218240940254600E+00    6.333730593643955E-01
   427    1.196764707767871E+00    6.040358219932844E-01
   428    1.218809899312370E+00    6.402724889618534E-01
   429    1.287282886589363E+00   -6.471340498814719E-01
   430    1.256022959729403E+00   -6.228898288309590E-01
   431    1.298518693298115E+00   -6.386454062289559E-01
   432    1.289850241109388E+00    6.252538392341636E-01
   433    1.228176755276742E+00    6.216874291709280E-01
   434    1.245222579721177E+00    6.370456249880406E-01
   435    1.221707523457155E+00    5.959874433997853E-01
   436    1.176048691241305E+00    6.261115041353934E-01
   437    1.315300462519647E+00    5.796275274034768E-01
   438    1.194511122550289E+00    6.306214508290313E-01
   439    1.242828711740899E+00   -6.348117931878039E-01
   440    1.187455377564139E+00   -6.212973931920605E-01
   441    1.315899595425180E+00    5.864361346143456E-01
   442    1.222525344027871E+00   -6.027673092854459E-01
   443    1.230876358778977E+00   -6.044644487671315E-01
   444    1.273013051670213E+00   -6.350869607189676E-01
   445    1.201220205592151E+00    6.121249029805228E-01
   446    1.162714600979997E+00   -6.115594823979886E-01
   447    1.306297318927525E+00    6.272798321460150E-01
   448    1.183866740035000E+00   -6.050830889500601E-01
   449    1.206662644755366E+00   -6.069654448827613E-01
   450    1.242499520266386E+00   -6.186528872079482E-01
   451    1.116746207713996E+00   -5.361747632397391E-01
   452    1.305369577241822E+00    6.168566623794893E-01
   453    1.166240818740866E+00    6.111886320215300E-01
   454    1.218824332408608E+00   -6.207208017763601E-01
   455    1.284626672622676E+00    6.183816602766852E-01
   456    1.206843319029202E+00    6.136392761914380E-01
   457    1.208869771184089E+00    6.047391663280465E-01
   458    1.237464847577439E+00   -6.168061217347702E-01
   459    1.220918307774634E+00   -5.751657418721783E-01
   460    1.218005634910712E+00    6.178209338793830E-01
   461    1.217032029358517E+00   -6.184150453874216E-01
   462    1.182007483641338E+00   -5.986219118970713E-01
   463    1.244895795966126E+00   -6.513011711865118E-01
   464    1.263996841758960E+00   -6.041285411435017E-01
   465    1.268503201104213E+00   -6.127618616027193E-01
   466    1.212463121097459E+00   -6.229906832745770E-01
   467    1.244099436970399E+00    5.799189843185325E-01
   468    1.098320723310344E+00    5.994103091838275E-01
   469    1.295792533058641E+00   -6.184834625055625E-01
   470    1.215701626697649E+00    6.001293996677314E-01
   471    1.228987953453636E+00    6.145689327935695E-01
   472    1.227947201107699E+00   -6.018953435793727E-01
   473    1.173139087789645E+00   -6.022848927119157E-01
   474    1.206555323800671E+00   -5.770760810112751E-01
   475    1.185102648251817E+00    6.199430768996800E-01
   476    1.253307361361639E+00   -6.029311099625879E-01
   477    1.181648003579170E+00   -5.902230976130944E-01
   478    1.195588371047990E+00    5.878871534560602E-01
   479    1.248261629686882E+00    6.221806423673086E-01
   480    1.166307056669668E+00   -6.243944622101576E-01
   481    1.205254946893543E+00   -5.597930265799439E-01
   482    1.171775004032477E+00    6.545609780979825E-01
   483    1.238620515548783E+00   -5.864870187951244E-01
   484    1.211418416762036E+00    5.756220438282572E-01
   485    1.171020700028640E+00    6.182731764024644E-01
   486    1.286682455894982E+00   -5.970620190533099E-01
   487    1.133765542190683E+00    6.020435665714594E-01
   488    1.225077787550351E+00   -6.205384335087085E-01
   489    1.265214800727217E+00   -6.316406100674953E-01
   490    1.163786933590850E+00   -5.488855347122610E-01
   491    1.175343711594374E+00   -5.823834614318213E-01
   492    1.155885493550628E+00   -6.129994192417720E-01
   493    1.170338810699677E+00    5.552883938886448E-01
   494    1.177265459844334E+00   -5.952102224097245E-01
   495    1.189591033072698E+00   -6.218995546625733E-01
   496    1.271637886354241E+00   -6.019918820398613E-01
   497    1.164360752318615E+00    6.122018282148389E-01
   498    1.217638246945751E+00    5.786250446978962E-01
   499    1.160634722675997E+00    6.231360922387912E-01
   500    1.246753377621380E+00   -5.935798851208282E-01
   501    1.192159895100909E+00    5.896306199271266E-01
   502    1.157373316411270E+00    5.923866171674379E-01
   503    1.186442427716540E+00   -5.823707894648895E-01
   504    1.155407300667176E+00   -5.683207659135049E-01
   505    1.198988906000904E+00   -5.862469869398291E-01
   506    1.158195182079960E+00    5.697273646178601E-01
   507    1.179767141207448E+00   -5.935786499044556E-01
   508    1.216851266014636E+00   -5.827746796873267E-01
   509    1.168924966655746E+00    6.100698323616219E-01
   510    1.165912169577100E+00    5.969387698271732E-01
   511    1.210291572098977E+00    5.916448419177419E-01
   512    1.085952626343503E+00    5.937204343887498E-01
   513    1.216945663351124E+00    5.726558559051041E-01
   514    1.232260549982803E+00   -5.833142272519348E-01
   515    1.170912301488750E+00   -5.702701185396943E-01
   516    1.178709859152903E+00    5.764719094353258E-01
   517    1.186801057493983E+00   -6.358634529345308E-01
   518    1.194909223438990E+00   -5.714517149590300E-01
   519    1.157359571003186E+00    6.015549169704013E-01
   520    1.139733977958973E+00   -5.901143417175677E-01
   521    1.229394639200471E+00   -5.620607316015536E-01
   522    1.168733472822849E+00   -5.906358773225612E-01
   523    1.207365437124185E+00    5.714461200963374E-01
   524    1.167265022288844E+00   -6.170031034139539E-01
   525    1.136522736028174E+00   -5.536171456735565E-01
   526    1.192733417397924E+00    6.126170349141598E-01
   527    1.139582226162136E+00    5.824832378733653E-01
   528    1.177883862111145E+00    5.690372864469093E-01
   529    1.186485507608666E+00   -6.073677116894223E-01
   530    1.192059630509528E+00    5.711008606222480E-01
   531    1.152111280749949E+00    6.071616361272554E-01
   532    1.205243737830493E+00    5.529532386108466E-01
   533    1.185390323081321E+00   -6.034349464301050E-01
   534    1.082582514008214E+00   -5.833814496311450E-01
   535    1.189869192859451E+00   -5.731474405761449E-01
   536    1.142324590171518E+00   -5.621185693210417E-01
   537    1.127888802246069E+00   -5.627400030875752E-01
   538    1.246938795462575E+00    6.176457243162804E-01
   539    1.131994944879596E+00   -5.573303346820732E-01
   540    1.194951863020321E+00   -5.848743045136843E-01
   541    1.154133174442171E+00    6.129346501287123E-01
   542    1.227731850681452E+00    5.168372258466848E-01
   543    1.106308632617886E+00   -6.033618458618660E-01
   544    1.175676840007712E+00   -5.982934820192914E-01
   545    1.102390652504769E+00   -5.811909912270170E-01
   546    1.150181433638605E+00    5.783317939807175E-01
   547    1.197569665947328E+00   -5.463398866094354E-01
   548    1.115162143307108E+00   -5.902250131728584E-01
   549    1.175466496485599E+00    5.812328912810969E-01
   550    1.172886198602740E+00   -5.602048599553175E-01
   551    1.097395419223503E+00   -5.773030641194314E-01
   552    1.195484755273678E+00   -5.796994793466324E-01
   553    1.136442519992471E+00    5.603619039662697E-01
   554    1.130291710837956E+00    5.612426673489148E-01
   555    1.219748225268090E+00   -6.331352673490668E-01
   556    1.092906933717265E+00   -5.556967427532165E-01
   557    1.152808424688135E+00    6.086193446317281E-01
   558    1.236572074594781E+00   -5.845948321383976E-01
   559    1.148475035000473E+00    5.118081079757684E-01
   560    1.096447166406916E+00    6.177462670244994E-01
   561    1.227773876818898E+00    5.993202239630251E-01
   562    1.210819486607653E+00   -5.401479370340628E-01
   563    1.133203240458978E+00    6.383846995771070E-01
   564    1.266652812572449E+00   -5.893993816430058E-01
   565    1.093301511784320E+00    5.375847836137715E-01
   566    1.097674262920644E+00   -6.106509035417667E-01
   567    1.260297655806962E+00    5.573982731484376E-01
   568    1.049307784777443E+00   -5.579004361697345E-01
   569    1.216506544965696E+00   -5.907796450995064E-01
   570    1.211207659771407E+00   -6.040547031164351E-01
   571    1.119372054893461E+00   -5.573712310790395E-01
   572    1.228001810038146E+00    6.065917784030380E-01
   573    1.206460073569623E+00   -5.749844843228109E-01
   574    1.150211531194335E+00    5.635827787527021E-01
   575    1.243212411568689E+00   -6.047348671393694E-01
   576    1.108707634165202E+00    5.139734212538268E-01
   577    1.092098642010951E+00    5.946714384059727E-01
   578    1.165357230276824E+00   -5.957843007432376E-01
   579    1.154085283108303E+00    5.382068648380585E-01
   580    1.116406234678393E+00   -6.091774560921560E-01
   581    1.262779750406472E+00   -5.712799075476803E-01
   582    1.166534290644227E+00    5.502732186254831E-01
   583    1.067573039328161E+00   -5.674822123648622E-01
   584    1.187936520932277E+00   -6.025997551932868E-01
   585    1.137289008932231E+00    5.373366756322981E-01
   586    1.052489007229174E+00   -5.417135016318131E-01
   587    1.167780577549358E+00   -6.021584724423107E-01
   588    1.195095527457869E+00    5.411101724730155E-01
   589    1.118882701316958E+00   -5.501665465431507E-01
   590    1.144090661353261E+00   -6.034793060785968E-01
   591    1.156452470792374E+00    5.533204588334653E-01
   592    1.108308956592209E+00   -5.755396261963436E-01
   593    1.140261471721372E+00    5.870018902752976E-01
   594    1.192979423861242E+00    5.959093504970693E-01
   595    1.077180168537152E+00    5.146137345460013E-01
   596    1.162635856284485E+00   -5.756846548136910E-01
   597    1.201875796408658E+00    5.303247617533029E-01
   598    1.045231180233508E+00    5.097493834114244E-01
   599    1.100570408621428E+00   -5.870870442044667E-01
   600    1.198842532176901E+00   -5.701726925824310E-01
   601    1.104542982233520E+00    5.532889425377961E-01
   602    1.107835517721735E+00   -5.934951414581959E-01
   603    1.168007436068742E+00    5.681097481387511E-01
   604    1.110798275238694E+00   -5.751738163632831E-01
   605    1.139668590104305E+00    5.958988729758173E-01
   606    1.235752560656614E+00   -5.778264147427258E-01
   607    1.101007326625578E+00   -5.528466112872575E-01
   608    1.173629976337990E+00    6.034724625996509E-01
   609    1.239683808208392E+00   -5.502212832323446E-01
   610    1.028194735249190E+00    5.234153071277606E-01
   611    1.160656718534689E+00   -6.125648127484928E-01
   612    1.155819760544411E+00    5.536689188646831E-01
   613    1.040206493706622E+00   -5.373560377386576E-01
   614    1.165038820144038E+00   -6.131362557872577E-01
   615    1.149754405021616E+00   -5.446342062530058E-01
   616    9.941045602861873E-01    5.085544492216635E-01
   617    1.106280127613918E+00    5.909732769010427E-01
   618    1.229059169217249E+00    5.577874459028023E-01
   619    1.093719734096561E+00   -5.288742476599632E-01
   620    1.208108711794195E+00   -5.386177765242782E-01
   621    1.046873222222216E+00    5.737093164372050E-01
   622    1.128391059678701E+00   -5.871378581973028E-01
   623    1.144812746171322E+00   -5.977287620252449E-01
   624    1.132866578738150E+00    5.853581098972782E-01
   625    1.128195945857180E+00    5.286669507166252E-01
   626    1.096321237488299E+00   -5.348175222124504E-01
   627    1.260563904992535E+00   -5.599446983176863E-01
   628    1.126603493731278E+00    5.304911948852604E-01
   629    1.052708110162876E+00   -5.573694072144207E-01
   630    1.303488340965693E+00   -5.735987287305172E-01
   631    1.076673101384116E+00   -5.191956697394348E-01
   632    1.027827106008726E+00   -5.424076639087206E-01
   633    1.147321932209928E+00    6.308648685466468E-01
   634    1.188456590688676E+00   -5.554402741607513E-01
   635    9.718197984087231E-01   -5.283002134845827E-01
   636    1.148412910843961E+00    6.052538874546189E-01
   637    1.248454780202071E+00    5.091165553992624E-01
   638    1.108758774153253E+00   -5.337634917117693E-01
   639    1.085640499707859E+00    5.568791794166019E-01
   640    1.133417336028906E+00    5.424023909426227E-01
   641    1.070350765121124E+00   -5.554566779960221E-01
   642    1.115332923489303E+00   -5.925998115441042E-01
   643    1.135287715941267E+00   -5.301427352678268E-01
   644    1.069884840118444E+00    5.471747124481343E-01
   645    1.125783010078788E+00    5.983247627055485E-01
   646    1.157019201265988E+00   -5.237093653193730E-01
   647    1.048185955285852E+00   -5.254998242737307E-01
   648    1.129842495259491E+00    5.810757430581317E-01
   649    1.163682502709204E+00   -5.926353287080435E-01
   650    1.052469555072411E+00   -4.932013807301343E-01
   651    1.037473333168636E+00   -5.770983686875799E-01
   652    1.207497367645092E+00   -5.700268623078628E-01
   653    1.114217788962822E+00    4.926515497654980E-01
   654    1.033113244552101E+00    5.583294377455192E-01
   655    1.147653989606454E+00    5.888704704166053E-01
   656    1.065156254977671E+00   -5.650661960638186E-01
   657    1.086641489885076E+00    5.412252067395736E-01
   658    1.120312386159773E+00   -5.660164659610987E-01
   659    1.192218659868365E+00   -5.295762942608619E-01
   660    1.109729055193055E+00    5.371856126872953E-01
   661    1.091514582080356E+00   -5.604537149060359E-01
   662    1.162997025746882E+00    5.601715689886928E-01
   663    1.064389825292433E+00    5.617950526889818E-01
   664    1.159930469892891E+00   -5.563463180806753E-01
   665    1.148700294570993E+00   -5.748070108615692E-01
   666    1.048567413964496E+00    5.340553645736706E-01
   667    1.089405638373355E+00   -5.590079330149866E-01
   668    1.097283520499317E+00    5.428021880755691E-01
   669    1.162996548078104E+00   -5.048620273032850E-01
   670    1.046237028293036E+00   -6.023520152224848E-01
   671    1.194989287828648E+00   -5.571318689695449E-01
   672    1.011699323044900E+00   -5.191040620855405E-01
   673    1.038101996565592E+00   -5.652616867428560E-01
   674    1.226731244175349E+00   -5.800413025340233E-01
   675    1.053982081488751E+00    4.678192909388168E-01
   676    1.033897089769014E+00   -5.469980058309543E-01
   677    1.170206198727008E+00   -6.109901841349219E-01
   678    1.150217791630290E+00    5.036497793894807E-01
   679    9.879095622809435E-01   -5.323496394600241E-01
   680    1.176167471700836E+00    6.098144332820958E-01
   681    1.150526961511309E+00   -5.589705096711598E-01
   682    1.018979896482724E+00    4.959261082877212E-01
   683    1.040093758507129E+00   -5.794781845587927E-01
   684    1.138909285532582E+00    5.444178965203184E-01
   685    1.159530297767043E+00    5.165605429243276E-01
   686    1.023860334088281E+00   -5.403167464634054E-01
   687    1.177260188326375E+00    5.745894005853788E-01
   688    1.105915803503667E+00    5.538547405169287E-01
   689    1.076288063883682E+00    5.131679476455803E-01
   690    1.184000706357842E+00    6.055762177268078E-01
   691    1.086558160661260E+00   -5.246871585197079E-01
   692    1.003976689652938E+00   -5.365878121577385E-01
   693    1.102656421454669E+00    5.776313568723878E-01
   694    1.158416742729654E+00    5.485032663423600E-01
   695    1.072502833864344E+00    5.240232424436156E-01
   696    1.132112599713808E+00    5.542656498559692E-01
   697    1.104258078776961E+00    5.899660570654682E-01
   698    1.098722608449155E+00    5.185339389163235E-01
   699    1.137966672593947E+00    5.790544272321985E-01
   700    1.144904636937366E+00    5.532150247588519E-01
   701    1.038745205996519E+00    4.930098346595402E-01
   702    1.144467052763310E+00    6.322025855801056E-01
   703    1.239055694993984E+00   -5.386111423156700E-01
   704    9.424517093890993E-01   -4.775776376332474E-01
   705    9.875927987802369E-01   -5.580025245735958E-01
   706    1.263223662704008E+00    6.376591020950301E-01
   707    1.082325131570229E+00    4.681923059958843E-01
   708    1.033628626832905E+00    5.500856253613045E-01
   709    1.148279447392938E+00    6.413629528972423E-01
   710    1.194325388180150E+00   -4.944504161377563E-01
   711    9.617877525805690E-01    4.993412770065842E-01
   712    1.089384735393863E+00   -5.894741260825512E-01
   713    1.271499507972141E+00    5.690658367260433E-01
   714    1.038191152007069E+00    4.961753389158034E-01
   715    9.716600138443736E-01   -5.224845969714249E-01
   716    1.123475920221447E+00    6.399776994845805E-01
   717    1.248974185573925E+00    5.053189411333491E-01
   718    9.209392779609504E-01    4.855257794516620E-01
   719    1.115035448330394E+00   -5.679017890316341E-01
   720    1.189316781243433E+00   -5.950034430273511E-01
   721    1.104132904681310E+00   -5.359262535763916E-01
   722    1.000170845225246E+00    4.891087216776664E-01
   723    1.085537197687915E+00   -6.226391641322273E-01
   724    1.230037822087407E+00    5.075869341827471E-01
   725    9.807986046193156E-01   -5.183066171854237E-01
   726    9.963344519974695E-01    5.476911818605018E-01
   727    1.149444109845333E+00    5.905198776688563E-01
   728    1.160081228023514E+00    5.009329863247057E-01
   729    1.037551641840307E+00    4.948047749391635E-01
   730    1.123802048828788E+00   -6.094105888965808E-01
   731    1.148573291669870E+00    5.728962873498938E-01
   732    1.000908143285116E+00   -5.359683254833041E-01
   733    1.135056061323829E+00    5.620948698022300E-01
   734    1.116224539413860E+00   -5.123996519766539E-01
   735    1.074052169701888E+00   -5.039202168624400E-01
   736    1.146683830382649E+00    5.837888817464520E-01
   737    1.143481671465730E+00   -5.390402013928682E-01
   738    9.858166027957713E-01   -5.238192221279485E-01
   739    1.109604178562918E+00    6.108778309824183E-01
   740    1.197042605792477E+00   -5.075759050137950E-01
   741    1.044969454745161E+00    5.199883686906300E-01
   742    1.034449061540294E+00    5.842384071872850E-01
   743    1.208143477666683E+00   -5.800568931496526E-01
   744    1.003568289779076E+00    5.039081054504996E-01
   745    1.095542809130729E+00   -5.609402432332713E-01
   746    1.195964013453208E+00   -5.439916266715354E-01
   747    1.124797680068317E+00    5.025120275612788E-01
   748    9.410823843041393E-01    5.020335941098952E-01
   749    1.021670536776863E+00    5.593058691393464E-01
   750    1.210599764316571E+00   -5.918282278401883E-01
   751    1.084476714284124E+00   -4.582882726168799E-01
   752    1.011295628197690E+00    5.480038647938987E-01
   753    1.137000499811771E+00   -6.305089310493963E-01
   754    1.244406383665028E+00   -5.187888002237023E-01
   755    8.947562044880190E-01   -4.565968082892040E-01
   756    1.039556463970115E+00   -5.702095994558625E-01
   757    1.266194683432221E+00   -6.399833081594292E-01
   758    1.070126108779452E+00    4.598110912614584E-01
   759    8.850963443277534E-01   -4.666949120806852E-01
   760    1.012251634218641E+00   -5.558696394782224E-01
   761    1.303246281996946E+00   -6.060863091222133E-01
   762    9.654842012279050E-01    4.403790056724784E-01
   763    9.723814993316643E-01    5.262428669085517E-01
   764    1.184944478799936E+00   -6.265821552346424E-01
   765    1.208392709225678E+00   -5.096137752043255E-01
   766    8.961587179983778E-01   -4.923821943616676E-01
   767    9.810385857106048E-01    5.164996513684542E-01
   768    1.300270952047237E+00    6.571958601953459E-01
   769    1.111292924529831E+00   -4.548380223836230E-01
   770    9.045170492375931E-01   -4.653495448281108E-01
   771    9.829978522404763E-01   -6.001555208962694E-01
   772    1.277076609266502E+00    5.797212780368206E-01
   773    1.060599102168630E+00    4.824190513092608E-01
   774    8.882517526157947E-01    4.713930012907099E-01
   775    1.124918380924382E+00    6.157763328998541E-01
   776    1.184501615989424E+00   -5.347209832381208E-01
   777    9.512644108684286E-01    4.414576749752858E-01
   778    1.005975366090918E+00   -5.958396321497031E-01
   779    1.256974002655158E+00   -5.945276985511577E-01
   780    1.060485870897593E+00    5.106064436941210E-01
   781    9.392509267145965E-01   -4.690521329453644E-01
   782    1.083067671388618E+00    6.220290973668391E-01
   783    1.305879291677839E+00   -5.401915735342752E-01
   784    1.039993618466209E+00   -4.739257776112911E-01
   785    9.184984133490024E-01    4.895833846549821E-01
   786    1.245588121517300E+00    6.194350190243436E-01
   787    1.052127168583092E+00    5.160653357456307E-01
   788    9.696334891862360E-01    4.445064606655884E-01
   789    8.860120378326823E-01   -5.013768722559895E-01
   790    1.221218926447626E+00    6.128489030706749E-01
   791    1.148175381966386E+00   -5.335202638521060E-01
   792    9.549496268585300E-01    4.579289468360228E-01
   793    9.724665186458199E-01    5.256874125788409E-01
   794    1.039786852639715E+00    5.736065219714666E-01
   795    1.337810996529939E+00    5.777048672454002E-01
   796    9.683001816893362E-01   -4.708849862692407E-01
   797    9.684676736742467E-01    5.421817144163085E-01
   798    1.227185334009376E+00   -6.310734389626791E-01
   799    1.153488905154896E+00   -4.532273930298266E-01
   800    9.730291476116684E-01    4.739612306390936E-01
   801    9.570612100272965E-01   -5.438412734770572E-01
   802    1.223430345499562E+00   -6.444944680734492E-01
   803    1.063960900247025E+00   -4.471309177955188E-01
   804    8.802005621128826E-01    4.546382255682925E-01
   805    1.068726637242818E+00    6.416231000716671E-01
   806    1.270462195428597E+00   -5.302403886422309E-01
   807    9.194451300131334E-01    4.558165577149333E-01
   808    1.007728976023758E+00   -5.248413484521592E-01
   809    1.195207435806128E+00    6.516646190768627E-01
   810    1.115483594024868E+00   -5.023975443100890E-01
   811    8.734885230252092E-01    4.332444854261266E-01
   812    9.475338369523075E-01   -4.932199685369736E-01
   813    1.244847889553357E+00   -5.989467433326514E-01
   814    1.136733330448138E+00    5.198573459125818E-01
   815    9.434140944898467E-01   -4.660857076248552E-01
   816    9.294912310365934E-01   -5.124022644737765E-01
   817    1.208503291529684E+00    6.105891076396319E-01
   818    1.208482481337718E+00   -5.108399035829099E-01
   819    8.544276189410185E-01    4.286430227810765E-01
   820    8.964487743189393E-01   -5.366265193065825E-01
   821    1.106596692125577E+00    5.577012589565408E-01
   822    1.253230626878848E+00   -5.830538082779976E-01
   823    9.931377388439078E-01    4.264240552927397E-01
   824    8.410525511046965E-01    4.351348011000121E-01
   825    1.000721064231504E+00    5.610949371966546E-01
   826    1.213539219403711E+00   -6.028167303849453E-01
   827    1.090359838369049E+00   -4.958650147217740E-01
   828    8.358302390328465E-01    4.100531770137990E-01
   829    8.424322347119615E-01   -4.737963504325219E-01
   830    1.196489400070351E+00   -5.883753729146622E-01
   831    1.173484724542481E+00    5.212049312918502E-01
   832    8.802671307877776E-01   -4.303633928554815E-01
   833    8.671561787050064E-01    4.155635155657095E-01
   834    9.612130404131491E-01   -4.841954457442847E-01
   835    1.199940775292449E+00    6.500540706177028E-01
   836    1.110145753560132E+00   -5.195730192205449E-01
   837    8.505938510928881E-01   -4.427298526145222E-01
   838    8.695742396498456E-01   -4.145558132850056E-01
   839    1.053248837153250E+00    5.739366312424385E-01
   840    1.199460968257957E+00    6.055798894044068E-01
   841    1.097219073196213E+00    4.354502823322000E-01
   842    7.772255498018465E-01   -4.065459787713239E-01
   843    8.812714002974055E-01   -4.580247555108520E-01
   844    1.115060497141996E+00    6.406916617926753E-01
   845    1.207908204728346E+00    5.306363389963468E-01
   846    9.666122821672511E-01   -4.277557211339336E-01
   847    8.041570539557588E-01    3.805622762445808E-01
   848    7.840451244492151E-01    4.708307793482932E-01
   849    1.154561357333678E+00   -6.429016583498732E-01
   850    1.234956287986982E+00    4.895682866001040E-01
   851    8.169854776134418E-01   -4.466836663423630E-01
   852    9.992343828075070E-01    5.048436161732157E-01
   853    1.149168892260687E+00   -6.158963088745483E-01
   854    1.183579217053694E+00    4.650334282918581E-01
   855    8.649375665048804E-01   -4.366764883729112E-01
   856    7.820700565271628E-01    3.993491165645354E-01
   857    7.930020482580056E-01    4.135549219781587E-01
   858    8.429435238906493E-01   -3.886855472815869E-01
   859    7.651977228496175E-01   -3.962844408775650E-01
   860    8.076868846357871E-01    3.863027941042518E-01
   861    7.978372536219385E-01   -4.397187980938191E-01
   862    1.053648808240511E+00   -5.307233219175228E-01
   863    1.262814309043531E+00    6.478140784238601E-01
   864    1.075366597358201E+00   -4.414088693258161E-01
   865    7.803568444345654E-01    4.086469006909044E-01
   866    7.640962128245373E-01    3.898701831872080E-01
   867    7.856981864664232E-01    3.838339331255814E-01
   868    7.745317888222054E-01   -3.388410460267976E-01
   869    7.451831024020992E-01    3.840033138839703E-01
   870    7.890074556731574E-01   -3.910103028356110E-01
   871    7.250024332419163E-01    3.865223753943167E-01
   872    7.861030649723338E-01   -3.930144277081337E-01
   873    7.430704210724888E-01    3.532525206395702E-01
   874    7.818458357125355E-01    3.963800567423350E-01
   875    7.749986546063262E-01   -3.852768372251304E-01
   876    7.809039264333567E-01    3.909148441767006E-01
   877    7.614614092909970E-01    3.434716703388524E-01
   878    6.680781328102110E-01    3.662914634012256E-01
   879    8.076110307607229E-01    3.806022628946448E-01
   880    7.496565211407079E-01   -4.138424006133721E-01
   881    7.840317418052796E-01    3.497157394431196E-01
   882    6.966076002559043E-01    3.572267396563039E-01
   883    7.891718424514842E-01    4.165030401713923E-01
   884    7.503878693314490E-01   -3.792638877209065E-01
   885    7.728140437372659E-01   -3.733267191285229E-01
   886    7.284378936529762E-01   -3.550786119777680E-01
   887    7.626424113327600E-01   -3.754767181394060E-01
   888    7.737471935569631E-01   -3.523541892749920E-01
   889    7.717767433202456E-01   -3.964754581022626E-01
   890    8.064160016061088E-01    3.652443053685538E-01
   891    7.165077633617928E-01    4.137223023653740E-01
   892    7.386890327579027E-01   -3.738835486288008E-01
   893    7.884436358791742E-01   -3.891203462203966E-01
   894    8.345238736287806E-01   -3.619039511921019E-01
   895    7.076984817674059E-01   -3.629855006628246E-01
   896    7.272097070891295E-01    3.619006979296362E-01
   897    7.749351013045715E-01    3.951771812349078E-01
   898    8.143577375128870E-01    3.916416193058150E-01
   899    6.709496007412101E-01    3.444341443617087E-01
   900    7.091467262898332E-01   -4.034069825304398E-01
   901    8.082271878394581E-01   -3.587321101160285E-01
   902    8.133035614381046E-01   -3.856763654606026E-01
   903    7.813504374387648E-01   -3.441534697718584E-01
   904    6.922619314233940E-01   -3.981468656631968E-01
   905    7.398630936013046E-01    3.428269391375751E-01
   906    7.324797267130985E-01    4.073362789445999E-01
   907    8.326598027614446E-01    3.902094167374900E-01
   908    7.205282013730943E-01    3.731628564525105E-01
   909    7.157229131642566E-01   -3.599480458817680E-01
   910    7.428989445659830E-01    3.579533850704214E-01
   911    8.299073112631778E-01    4.088133035687599E-01
   912    7.302407837902873E-01   -3.753333701809261E-01
   913    7.523967047941763E-01    3.665599605910119E-01
   914    7.463158642709558E-01   -3.651206373109790E-01
   915    7.713163948663180E-01    4.274898057725560E-01
   916    8.185543416670946E-01   -3.554904799645404E-01
   917    7.448915024494547E-01    3.624492887907573E-01
   918    7.192738337879627E-01   -3.366703475038909E-01
   919    6.616747853651854E-01   -3.528931619060647E-01
   920    7.564135618225066E-01    3.816196315460466E-01
   921    7.325101614730165E-01    3.815082774508639E-01
   922    7.674408253365859E-01   -3.842518674162291E-01
   923    6.692238027028647E-01    3.449254016253976E-01
   924    7.748619123643237E-01   -3.444256172501314E-01
   925    7.463037951702314E-01    3.495986984832362E-01
   926    8.130715947574729E-01   -4.207698698379156E-01
   927    7.285071705238360E-01    3.570814922363357E-01
   928    7.336708554895754E-01   -3.554136573306810E-01
   929    6.883627942622585E-01    3.248766031680260E-01
   930    7.632094991817506E-01    4.215449710151196E-01
   931    7.565467063103800E-01   -3.689436407060422E-01
   932    7.144971911328764E-01   -3.772063543782146E-01
   933    7.882036888773636E-01    3.262824351108845E-01
   934    6.588910278975597E-01   -3.543131603801508E-01
   935    7.638079595846784E-01    3.787418440078970E-01
   936    7.132416667276683E-01   -3.322690206016231E-01
   937    7.873077176433338E-01    4.136911165641420E-01
   938    6.762986319870716E-01   -3.393536062433636E-01
   939    6.893762427026902E-01   -3.614436969026653E-01
   940    7.361776451007415E-01    3.365803032789795E-01
   941    6.634614372321025E-01   -3.741312293923180E-01
   942    8.341093717381665E-01    4.113310062796462E-01
   943    7.477467823725867E-01    3.606078825488371E-01
   944    8.570581591990152E-01   -3.793329342746385E-01
   945    7.495585608470878E-01    3.684528083300695E-01
   946    7.997042804642654E-01    4.226704936065873E-01
   947    7.018924550099044E-01   -3.330011087466120E-01
   948    7.195555321736251E-01   -3.774627385720448E-01
   949    7.030014200775189E-01    3.029582452196553E-01
   950    6.470298493395422E-01    3.835315826658138E-01
   951    7.943931369965745E-01   -3.701872312920137E-01
   952    6.466895574124278E-01    3.312399153508090E-01
   953    8.303734974499987E-01   -3.564548667075889E-01
   954    6.951667962156693E-01   -3.229944556377746E-01
   955    6.963807400242364E-01   -3.781465916792959E-01
   956    6.308828200513876E-01    3.369248531526142E-01
   957    6.963252437108809E-01    3.864635719682312E-01
   958    8.317844980743405E-01   -3.329990389489598E-01
   959    6.920126124805440E-01    3.395404681981160E-01
   960    7.333742104092986E-01    3.497612767603770E-01
   961    6.512360850954584E-01    3.232827769334012E-01
   962    6.526749386113623E-01   -3.577015958429028E-01
   963    6.803419511239740E-01   -3.265254690687757E-01
   964    6.463729442038628E-01   -3.300801329923992E-01
   965    7.136618649445842E-01   -3.639001115575815E-01
   966    6.773642480621144E-01   -3.347202589932272E-01
   967    7.855290375212128E-01   -3.907800855577479E-01
   968    7.446844382343804E-01    3.248667766166370E-01
   969    6.536169328343747E-01   -3.677176062471790E-01
   970    7.397543290500164E-01   -3.412656856166649E-01
   971    6.218715705698451E-01    3.215967947140393E-01
   972    7.672401917377873E-01    3.611122596227062E-01
   973    6.368415880393754E-01   -3.235518759057074E-01
   974    7.596734994009735E-01    3.894905972784029E-01
   975    6.825281897792868E-01    3.323854914067838E-01
   976    7.143644641584530E-01   -3.822727513814808E-01
   977    7.458115164496453E-01    3.385547834456619E-01
   978    6.467272680675253E-01    3.238433364839012E-01
   979    7.322288052971717E-01    3.388935368084980E-01
   980    6.766832620368850E-01   -3.414394360331627E-01
   981    8.201172891225393E-01    3.976841606039763E-01
   982    6.795134322786710E-01    3.458332707222857E-01
   983    6.032707506750986E-01    3.569622319165097E-01
   984    7.328146203151114E-01    3.155183505252815E-01
   985    6.932757561697453E-01   -3.091003718397123E-01
   986    7.703151598764875E-01    3.129357657150235E-01
   987    6.464179261452447E-01    3.390404600642835E-01
   988    7.363112719798481E-01    4.096999092213033E-01
   989    7.633831759567149E-01    3.592668289909975E-01
   990    6.631937738127078E-01    3.630337080768407E-01
   991    6.962241652324109E-01   -3.296751410099302E-01
   992    6.415728394132755E-01   -2.981483926020512E-01
   993    7.327424635232218E-01    2.971349926104595E-01
   994    6.311542299336819E-01    3.084104927765217E-01
   995    6.576246530432350E-01   -3.542099586942837E-01
   996    6.832136326809763E-01    3.200523756032855E-01
   997    5.946225374876852E-01   -3.353443053583509E-01
   998    6.924135378616609E-01   -3.413330869215793E-01
   999    5.812217412065444E-01    2.790627051483054E-01
  1000    7.250776123373046E-01   -3.369609223126709E-01
  1001    6.827055027585489E-01   -3.093847083993673E-01
  1002    6.122767057651726E-01   -3.366748517500071E-01
  1003    7.254934357431847E-01   -3.551197612355781E-01
  1004    6.477301226053049E-01    3.164712723631908E-01
  1005    7.127972096966961E-01    3.912239550054257E-01
  1006    7.727657001413283E-01   -3.547120514855807E-01
  1007    7.513661072997538E-01    3.843315898811306E-01
  1008    6.911430512255297E-01    3.068096733639491E-01
  1009    6.061427860498692E-01    3.259280693850353E-01
  1010    6.866826560761083E-01   -3.602365642687557E-01
  1011    6.463481502723988E-01    2.883846856124619E-01
  1012    6.738152654021343E-01    3.475927252010743E-01
  1013    6.796271560849459E-01    3.349516705543779E-01
  1014    5.739255124298140E-01    2.891171753220286E-01
  1015    6.832063926810257E-01   -3.326118746161998E-01
  1016    6.186333232597508E-01    2.886637025600834E-01
  1017    6.068271938143961E-01   -3.422594578804841E-01
  1018    7.138886179523758E-01    3.433846020251470E-01
  1019    6.702773846894852E-01   -3.045319949633277E-01
  1020    6.323225226128697E-01    3.590283187443160E-01
  1021    6.534804190229399E-01   -2.664658875733298E-01
  1022    6.326536935222820E-01   -3.097050458951365E-01
  1023    6.805724241526132E-01   -3.457654253537747E-01
  1024    6.424294837078579E-01   -3.334147725190690E-01
  1025    6.039056547789310E-01   -3.441744649108244E-01
  1026    6.817354248876593E-01   -3.102297334790445E-01
  1027    6.214406695005021E-01   -2.819838957274112E-01
  1028    6.907000224083701E-01    3.095514170045622E-01
  1029    6.585433611654463E-01    3.003267242780569E-01
  1030    6.053066401041283E-01    3.538979207710945E-01
  1031    7.045616729084085E-01   -3.587219094037226E-01
  1032    6.010207862936525E-01    3.160471942118535E-01
  1033    6.775505058322107E-01    3.164550812270848E-01
  1034    6.278516450293942E-01    2.626595924558184E-01
  1035    6.388941122092511E-01    2.943944361853408E-01
  1036    6.948181859908450E-01    3.380003757374166E-01
  1037    6.173083277653476E-01   -3.190248942270912E-01
  1038    5.973263370409720E-01    3.683637854481044E-01
  1039    6.942991042652558E-01    2.983111175153105E-01
  1040    6.304189394098170E-01   -3.106945730858222E-01
  1041    7.175085034280347E-01   -3.075604668858729E-01
  1042    6.229850028333691E-01    2.700391604688770E-01
  1043    6.171459681388815E-01    3.458143034967143E-01
  1044    6.784996813689548E-01    3.148196065109229E-01
  1045    5.828560717683138E-01   -3.155920498034337E-01
  1046    6.749267249672664E-01   -3.587132468637218E-01
  1047    6.589219833134806E-01   -2.993944060467995E-01
  1048    6.578317270363007E-01   -2.955170906525538E-01
  1049    6.460197755096615E-01   -3.031479310586093E-01
  1050    5.772764345243957E-01    2.703562101881324E-01
  1051    6.057722183569112E-01   -3.703657812144769E-01
  1052    6.852557267096215E-01    3.318481698459617E-01
  1053    6.382188724911726E-01   -3.202707485730285E-01
  1054    7.057974730574084E-01    3.221315169937270E-01
  1055    6.209963612953635E-01   -2.560492273482431E-01
  1056    6.865098439096710E-01    3.440184732511509E-01
  1057    6.449974281337836E-01   -3.280560767193289E-01
  1058    5.237427505159656E-01   -3.208648330326858E-01
  1059    7.432578935261925E-01   -3.424144334640610E-01
  1060    6.310972478395298E-01    2.873386742184432E-01
  1061    6.675612870057730E-01    3.384413013094782E-01
  1062    7.027024894491039E-01   -2.791983191944034E-01
  1063    5.508423771965105E-01    3.098750159505688E-01
  1064    6.870033399782394E-01    3.572412889808660E-01
  1065    5.864285652440104E-01    3.094703460475530E-01
  1066    6.403106234044048E-01    3.643296001143210E-01
  1067    7.303721241822133E-01    2.936966164031775E-01
  1068    6.265814187355627E-01    2.659968238015085E-01
  1069    6.481588718301077E-01   -3.082583948313169E-01
  1070    6.142396085342412E-01    3.201424374072413E-01
  1071    5.272878126339610E-01   -2.964260758853305E-01
  1072    6.922409510376794E-01    3.621173606049270E-01
  1073    6.858038531067780E-01   -3.063315400471245E-01
  1074    6.433631042973971E-01    3.246629818630405E-01
  1075    7.141744416044415E-01   -2.930186750242980E-01
  1076    5.824295201851846E-01   -2.390532971786114E-01
  1077    5.725611420519032E-01   -3.463613999933415E-01
  1078    6.422100371670187E-01   -3.425796881043016E-01
  1079    5.903910842244273E-01    3.184975496801943E-01
  1080    7.704979287526208E-01    3.426543392822129E-01
  1081    6.471426143027226E-01    2.299074603315660E-01
  1082    5.612950348971193E-01    2.871673217180273E-01
  1083    6.899368692311634E-01   -3.139485119947553E-01
  1084    5.443828196924485E-01   -3.162993807073677E-01
  1085    6.845214863652563E-01   -3.918526859572237E-01
  1086    6.847807440213495E-01   -2.953277071517794E-01
  1087    6.029086424206244E-01   -2.914313289172299E-01
  1088    6.855583731533780E-01   -3.021162696443563E-01
  1089    5.893137466813477E-01   -2.469949660360084E-01
  1090    6.706777688546353E-01    3.260045413532521E-01
  1091    6.328774797719205E-01   -3.438730787679920E-01
  1092    6.076654105941532E-01   -3.449448233040496E-01
  1093    7.047158173369470E-01    3.458956579530838E-01
  1094    6.287620097288824E-01   -2.583481106512174E-01
  1095    5.813466774268468E-01    2.810888425615782E-01
  1096    6.764903789708545E-01   -3.138793745714251E-01
  1097    5.654448737052260E-01   -2.898673672215010E-01
  1098    6.782417851174181E-01    3.951633035241643E-01
  1099    6.734399637096371E-01    3.153008974321097E-01
  1100    5.652393241869962E-01    3.015427741018946E-01
  1101    6.988357658219216E-01    2.836572221943222E-01
  1102    5.500300484054091E-01   -2.492122957376617E-01
  1103    6.167856761343503E-01    2.929550661958965E-01
  1104    7.126684315387378E-01   -3.139604267692163E-01
  1105    5.557777930300141E-01   -3.380351949502584E-01
  1106    7.006127479334900E-01    3.788616651430132E-01
  1107    6.062735805527864E-01    2.773953665654909E-01
  1108    6.096411738390373E-01    2.789075841512850E-01
  1109    6.705147169654073E-01   -3.076271135608991E-01
  1110    6.239840778495416E-01    2.661348883294571E-01
  1111    6.665674580131428E-01   -3.353243538833071E-01
  1112    7.328778228323591E-01    3.339352931419771E-01
  1113    5.871916105951800E-01   -3.342591335515605E-01
  1114    6.556968616127896E-01   -3.521354198343259E-01
  1115    5.797644980802834E-01    2.465134307401603E-01
  1116    5.865348885104346E-01    2.877120641455611E-01
  1117    6.924047829980486E-01    2.883114784984687E-01
  1118    5.963153823949618E-01   -2.508969743542339E-01
  1119    6.444215986074957E-01   -3.779311198842519E-01
  1120    6.674696831645055E-01    3.495539091197553E-01
  1121    5.795300214702810E-01   -3.092475721399939E-01
  1122    6.790599536116869E-01    3.102827904379402E-01
  1123    6.266485003141584E-01    2.245451370636223E-01
  1124    5.369286004146552E-01   -2.695365176687475E-01
  1125    7.109420959976682E-01    3.407342859897555E-01
  1126    6.388309903974445E-01    3.321905499038568E-01
  1127    6.563574793576417E-01   -3.869219902653835E-01
  1128    6.569345063106389E-01   -2.809396127644079E-01
  1129    5.107574482734445E-01    2.545648912661870E-01
  1130    6.204885675608605E-01   -3.063750690651036E-01
  1131    6.678047361364183E-01   -2.426411103158100E-01
  1132    6.210217249293631E-01   -3.013048153592375E-01
  1133    7.213578235906205E-01   -3.832348158600827E-01
  1134    5.955868243856516E-01   -3.073650800195440E-01
  1135    6.067480285731148E-01    3.503477929420750E-01
  1136    7.006207668217062E-01   -2.618805189566771E-01
  1137    5.508778684402131E-01   -2.631206726384893E-01
  1138    6.488222427827652E-01    3.363130151374580E-01
  1139    6.847539559130715E-01    2.740535765042594E-01
  1140    6.605764027355507E-01   -3.627781383742825E-01
  1141    7.237532915224418E-01    3.292123483546545E-01
  1142    5.033116998788540E-01   -2.853999443593829E-01
  1143    5.688591195613224E-01   -3.003522259652647E-01
  1144    6.797407125881412E-01    2.523726707877268E-01
  1145    5.648501958739562E-01    2.332017515327940E-01
  1146    6.661212655560960E-01    3.286471876168927E-01
  1147    7.115077154966543E-01    3.274833458289916E-01
  1148    6.256112413232009E-01    3.516679450246489E-01
  1149    6.741148913536071E-01   -3.249098611331585E-01
  1150    5.383335385048946E-01    2.609045901754353E-01
  1151    5.216628949312138E-01    2.791079289582605E-01
  1152    6.422105189750422E-01   -2.985085328542610E-01
  1153    7.166173541955243E-01    2.713223796714752E-01
  1154    7.082040147079396E-01   -3.712257935798405E-01
  1155    6.969059425568029E-01   -3.101062971127071E-01
  1156    5.013751958536314E-01   -2.857474362100751E-01
  1157    5.770115410796353E-01    3.169895114211413E-01
  1158    6.403303691817452E-01   -2.729296593793697E-01
  1159    5.272580152419877E-01   -2.532231088369263E-01
  1160    6.452315406828811E-01   -3.329450482775450E-01
  1161    7.256856167620428E-01   -2.801246116664386E-01
  1162    6.500243081774835E-01    3.746692986982701E-01
  1163    6.722707388070602E-01   -3.335192694833382E-01
  1164    5.308359137746317E-01   -2.647184435933772E-01
  1165    5.627667584449547E-01    2.948331195972947E-01
  1166    6.859287571982589E-01    2.840293170577433E-01
  1167    6.140696561247238E-01    2.502385067039308E-01
  1168    7.451982137939697E-01   -3.883062993143248E-01
  1169    6.658921573915970E-01   -3.056720183868774E-01
  1170    5.239638506605231E-01    3.261149924471032E-01
  1171    6.633289063716175E-01    3.135032462276258E-01
  1172    5.776665921061469E-01   -2.543142889099638E-01
  1173    5.644429451564668E-01    2.945580042577681E-01
  1174    7.129307683295392E-01   -3.041416635305064E-01
  1175    6.278077529025571E-01   -2.661198877743378E-01
  1176    8.157118506238128E-01    3.638404680521820E-01
  1177    5.778355226442938E-01   -2.987658386747150E-01
  1178    4.865669384294300E-01   -2.936956093671376E-01
  1179    6.516897773093369E-01    3.179297993610831E-01
  1180    5.940580936718707E-01   -2.203089667917372E-01
  1181    5.654262925645210E-01   -2.747345783959239E-01
  1182    7.012387076305060E-01    3.166987117519566E-01
  1183    5.482401445929534E-01    2.889935666728945E-01
  1184    6.858047231385489E-01   -3.825059485411841E-01
  1185    7.049804232121597E-01    3.117291455004410E-01
  1186    4.963501367886333E-01    2.756969690298184E-01
  1187    6.028556340279408E-01    2.919767158893269E-01
  1188    6.627422339787861E-01    2.316599090196549E-01
  1189    5.358849884774826E-01   -2.245782023956672E-01
  1190    6.093340411359649E-01    3.326431604387692E-01
  1191    5.557834778878233E-01   -2.671191034074546E-01
  1192    4.473628820067141E-01   -2.505421980065981E-01
  1193    5.415102119439577E-01    2.981365157322371E-01
  1194    6.585444349585811E-01    2.786108368945233E-01
  1195    5.585728407426931E-01    2.236194676950777E-01
  1196    5.364082669672432E-01   -2.533843853032451E-01
  1197    6.890406688343589E-01   -2.940458521347207E-01
  1198    4.735663057345614E-01   -2.565682801639277E-01
  1199    4.272255358189588E-01   -2.805435870816398E-01
  1200    6.698834764054260E-01   -2.840182940407546E-01
  1201    5.795155594198851E-01   -2.328025831646820E-01
  1202    4.856956079781821E-01    2.527333597395878E-01
  1203    6.354772649652818E-01   -3.069742416904732E-01
  1204    5.986817348856177E-01   -2.328893028964850E-01
  1205    4.461827518395711E-01    2.661411630303019E-01
  1206    4.909931732927120E-01   -3.158988792277027E-01
  1207    6.292417623461855E-01   -2.571322339661158E-01
  1208    5.578845397334694E-01   -1.962717484903105E-01
  1209    6.001163510241809E-01    2.768571170294211E-01
  1210    6.497431131773346E-01   -2.855211377257965E-01
  1211    4.660226732409198E-01   -2.569133481232519E-01
  1212    4.615494544197712E-01   -2.759598288454829E-01
  1213    6.340443126706410E-01   -3.104721710514932E-01
  1214    5.793653206454401E-01    2.515829454886899E-01
  1215    5.189740435089230E-01    2.578138346632134E-01
  1216    6.657799196142120E-01    2.870865356381238E-01
  1217    5.963438077437894E-01    2.050317013504732E-01
  1218    4.759811318100429E-01    3.015203812942831E-01
  1219    5.454006427331988E-01    3.356622893596364E-01
  1220    5.599614512604089E-01   -2.230848428762982E-01
  1221    5.342574915227999E-01    2.082248412858425E-01
  1222    6.323487758022707E-01   -3.078861937959799E-01
  1223    5.915720978835137E-01    2.489904427001919E-01
  1224    4.496855452094806E-01   -2.286280378065449E-01
  1225    5.103829586706680E-01   -3.162546986456995E-01
  1226    6.060577972864500E-01    2.954892679700855E-01
  1227    4.838848719264331E-01    2.206540000971994E-01
  1228    5.311718745246281E-01   -2.665812084875679E-01
  1229    7.099237743920017E-01    2.570435932793002E-01
  1230    5.654440365347932E-01    2.135874742744988E-01
  1231    4.378676344527807E-01   -2.718915244643292E-01
  1232    5.404171214865704E-01   -3.392583187144430E-01
  1233    6.003892017762114E-01    2.312569323911963E-01
  1234    4.908184455234597E-01    2.301396324053314E-01
  1235    5.666815450181253E-01    3.026038771670967E-01
  1236    6.456971272385407E-01    2.496562130247062E-01
  1237    4.935925563846371E-01    2.169516490992930E-01
  1238    4.784692679554586E-01    3.146941299174358E-01
  1239    5.630861797899804E-01    3.099736503203989E-01
  1240    5.590622336710369E-01   -2.105434729526221E-01
  1241    5.175518003099155E-01   -2.138443138397636E-01
  1242    6.415244919658204E-01   -2.832662568094556E-01
  1243    6.234903073347384E-01    2.389790402520843E-01
  1244    4.435213854358087E-01    2.404146305422335E-01
  1245    5.004650268743485E-01   -3.152188611187223E-01
  1246    6.266820092271951E-01   -2.924329150044848E-01
  1247    4.627613218862445E-01    2.269337955133370E-01
  1248    5.153118896132156E-01   -2.177715602420515E-01
  1249    6.806331016704112E-01    2.818408866680769E-01
  1250    5.728193502124616E-01   -2.184270203087973E-01
  1251    4.428838288303279E-01    2.770510994312814E-01
  1252    5.506987807383162E-01    3.214514274530496E-01
  1253    5.996531407942244E-01    2.474847097625409E-01
  1254    4.535834140143755E-01    2.206598536682958E-01
  1255    5.038435367422593E-01    2.841339155851005E-01
  1256    6.755088711130592E-01   -2.470434688186094E-01
  1257    5.810487225085378E-01    2.102461352503915E-01
  1258    4.409627571468410E-01   -2.909113272123005E-01
  1259    5.521167462841580E-01    3.305080137566259E-01
  1260    5.518102268809577E-01    2.296301618566908E-01
  1261    5.521970823848261E-01   -2.017380427970867E-01
  1262    5.915290228314697E-01   -2.885132994533752E-01
  1263    6.158003010270852E-01   -2.832062590444221E-01
  1264    4.773744944252696E-01    2.107562331111598E-01
  1265    5.017931398921155E-01    2.836024578522653E-01
  1266    5.761957908216186E-01    3.378734350627616E-01
  1267    5.119576260449501E-01    2.083586690583711E-01
  1268    4.874784562141597E-01   -2.034846728062002E-01
  1269    6.772182600434726E-01    2.823857900987621E-01
  1270    6.143290675096276E-01   -2.405029105099903E-01
  1271    4.063816931299598E-01    2.581251215947042E-01
  1272    4.572447698021914E-01   -3.118455508869104E-01
  1273    7.079184286049547E-01    2.337827084542853E-01
  1274    4.751710592552673E-01    2.082523194019743E-01
  1275    5.203549124009925E-01   -2.713114428786403E-01
  1276    6.448300313577671E-01   -2.903973059857783E-01
  1277    5.231439327293393E-01    2.157701470817769E-01
  1278    4.176010535952250E-01   -2.619673136253107E-01
  1279    5.387877573115656E-01    3.494895019277627E-01
  1280    6.189553383710559E-01    2.140007883675875E-01
  1281    5.150150012198542E-01    1.766451654444828E-01
  1282    6.033778997458874E-01   -2.918278288584229E-01
  1283    6.155449171894074E-01   -2.832834909855723E-01
  1284    4.118012338413488E-01   -2.463767272109045E-01
  1285    4.920624853426976E-01   -2.440349046188786E-01
  1286    6.130138065686042E-01   -3.212137046163828E-01
  1287    5.712356634939371E-01    2.238925586211552E-01
  1288    4.650694341024877E-01   -2.099157937909630E-01
  1289    6.487926432154308E-01   -2.702789917982107E-01
  1290    6.590496150612934E-01    2.598945449939821E-01
  1291    3.737576657646891E-01   -2.532044697947974E-01
  1292    4.686949077905055E-01    2.861397247845098E-01
  1293    6.834831309363394E-01    2.523497774331447E-01
  1294    5.784666131828700E-01    1.727574545987099E-01
  1295    5.158502521342151E-01    2.713683586686272E-01
  1296    5.933082533351108E-01    3.375581613312261E-01
  1297    5.254858240744004E-01   -2.251808065357967E-01
  1298    4.291607637516242E-01   -2.358770866726123E-01
  1299    5.662650183671785E-01   -3.211250044418995E-01
  1300    6.245924778707983E-01   -2.527847375653935E-01
  1301    5.068652625725927E-01   -1.811877295420236E-01
  1302    5.747158312126404E-01    2.564407366524101E-01
  1303    6.881014687294662E-01   -2.879616249292908E-01
  1304    4.177521337960327E-01    2.604867431572941E-01
  1305    4.237353600639413E-01   -2.463872068217093E-01
  1306    6.445592461544598E-01   -2.814019779045728E-01
  1307    6.533981698363651E-01   -2.057995946547928E-01
  1308    4.550069739173240E-01    2.222357960526828E-01
  1309    6.134667216363978E-01    3.098581703500475E-01
  1310    6.027598118584827E-01   -2.614646497900220E-01
  1311    4.799855166796158E-01    2.140703803314884E-01
  1312    4.313650933952758E-01   -3.182645997382798E-01
  1313    6.345661685562524E-01   -2.889527624473279E-01
  1314    4.883933191297678E-01    1.777970727299515E-01
  1315    5.569070525760731E-01   -2.174985832670247E-01
  1316    7.155254764492467E-01    2.850854859749648E-01
  1317    4.995484264154645E-01   -2.830812516779572E-01
  1318    3.834057975674761E-01    2.401433673293636E-01
  1319    6.316117606661896E-01    2.759736146632926E-01
  1320    6.877179027679450E-01    1.942590830088222E-01
  1321    4.434249192119745E-01   -2.217788251474784E-01
  1322    4.763616784888279E-01   -2.921431222377950E-01
  1323    6.741657391826585E-01    2.705385656076960E-01
  1324    4.769328792769254E-01   -2.455061206551379E-01
  1325    3.564956440806100E-01    2.601125192707967E-01
  1326    7.250898647076158E-01   -2.693073263279341E-01
  1327    6.023497256824902E-01    1.716502929490525E-01
  1328    5.307741667799716E-01   -2.096033429075779E-01
  1329    5.812166006787989E-01    3.653558884376818E-01
  1330    5.186187347879343E-01   -2.647300383352407E-01
  1331    4.568665882120668E-01    1.852836196950407E-01
  1332    5.668125828577973E-01    2.742976375989507E-01
  1333    6.900078178020441E-01   -2.543034957680365E-01
  1334    4.907733716622211E-01   -2.248669183070164E-01
  1335    4.350162078410493E-01    2.729622209833339E-01
  1336    5.891930558414632E-01    3.323078654096476E-01
  1337    5.679443201148662E-01    2.404959536691822E-01
  1338    4.590859718864111E-01    2.126595232783175E-01
  1339    5.487530768249924E-01   -3.069308281608191E-01
  1340    6.788730364466664E-01    1.998198051422017E-01
  1341    5.215855637967729E-01    1.674126397706939E-01
  1342    5.607550847670094E-01    2.997408389981777E-01
  1343    6.162180896203004E-01   -3.330452675229446E-01
  1344    3.882226917518461E-01    2.015029994260234E-01
  1345    5.405258455030835E-01    2.464366850406715E-01
  1346    7.254561746865094E-01    2.572958299556151E-01
  1347    5.740102503976231E-01    1.638037260398586E-01
  1348    4.122543974666264E-01   -3.077624893586545E-01
  1349    5.447729977230373E-01    3.392237884172372E-01
  1350    5.897951460878186E-01    1.713048484711455E-01
  1351    5.366174038149584E-01    1.874895711002297E-01
  1352    7.447612185264378E-01   -2.778998867588963E-01
  1353    6.163718196746253E-01    2.189885878614760E-01
  1354    2.739578278236382E-01   -2.714597555878452E-01
  1355    5.903949431308231E-01   -2.602489357407489E-01
  1356    7.194877028891569E-01   -2.067881746747607E-01
  1357    5.362238968697827E-01    1.451983769871966E-01
  1358    6.392946193572870E-01    3.106906130776182E-01
  1359    5.555543723481975E-01   -3.336851080216657E-01
  1360    4.270123294526254E-01   -2.054466215505726E-01
  1361    5.084053410354388E-01    2.196354726248935E-01
  1362    7.793973117089166E-01   -2.394704634413702E-01
  1363    5.440250819374965E-01    2.153040876198586E-01
  1364    3.337142267724152E-01    2.941604372602017E-01
  1365    5.997842094267332E-01    3.069052657421669E-01
  1366    6.360154138736708E-01    1.474014264596178E-01
  1367    5.572668731313315E-01    1.858410816180803E-01
  1368    7.133673095595547E-01   -3.158601968995473E-01
  1369    5.243185854260615E-01   -2.595964790189410E-01
  1370    3.217737809683946E-01   -2.204902971418002E-01
  1371    5.917917971278164E-01   -2.799519414212825E-01
  1372    7.419505159810971E-01   -1.780649211612469E-01
  1373    4.924317832676445E-01   -1.984874880412847E-01
  1374    4.970268992307836E-01   -3.752988247021033E-01
  1375    5.726419491163739E-01   -2.725840657649179E-01
  1376    5.097344635581722E-01    1.755506488771442E-01
  1377    5.675453622328290E-01   -2.242510908130364E-01
  1378    7.688265039097142E-01    2.335875799122853E-01
  1379    5.252828383050636E-01    1.968387056344176E-01
  1380    4.361560616198821E-01    3.047722518352292E-01
  1381    4.837764399102602E-01   -3.229995847254598E-01
  1382    6.637753026772908E-01    1.900081400260294E-01
  1383    5.539848920775881E-01    1.773567206676390E-01
  1384    7.215290695425289E-01   -2.729195990967653E-01
  1385    6.381437390653524E-01    2.490479995893134E-01
  1386    2.850439188956083E-01    2.338161711296130E-01
  1387    5.297135611798843E-01    2.723733422815784E-01
  1388    7.573241448594565E-01    1.780892329542490E-01
  1389    5.567653752656276E-01    1.850990183353278E-01
  1390    5.236666173233857E-01   -3.597388773932623E-01
  1391    5.618591441101002E-01    3.145589581120012E-01
  1392    4.583936397957759E-01   -1.458908595563330E-01
  1393    6.352693434334540E-01   -2.451337018618866E-01
  1394    7.534894464676366E-01    2.079376090181964E-01
  1395    5.335566487741727E-01    1.966858850564926E-01
  1396    3.406975007547791E-01    3.393338543190952E-01
  1397    6.572454299073778E-01    2.790723257574458E-01
  1398    5.736808739387125E-01   -1.524908806824255E-01
  1399    6.019694517264509E-01   -2.229848668840133E-01
  1400    7.076508641999089E-01    3.093392700045136E-01
  1401    3.795447360888111E-01   -2.478578027289092E-01
  1402    4.101565464364835E-01   -2.025632960305392E-01
  1403    7.257611206466896E-01    2.588935409446443E-01
  1404    7.070225657412111E-01   -1.648721965115006E-01
  1405    4.922168633365520E-01    1.998332004011392E-01
  1406    5.619709338321730E-01    4.046592134355178E-01
  1407    5.055001318312707E-01   -2.300617311356392E-01
  1408    4.857681264590077E-01   -1.608261584017484E-01
  1409    6.555732659838225E-01    2.566955110124353E-01
  1410    7.081239912499235E-01   -2.472969668514450E-01
  1411    3.321902392509841E-01   -2.452241379854526E-01
  1412    4.335909863929220E-01    2.696404887687683E-01
  1413    7.888004203599663E-01   -1.999941242680655E-01
  1414    5.813584022167688E-01    1.531122271833832E-01
  1415    5.685259880020900E-01   -2.948971475223588E-01
  1416    6.968644459830576E-01   -3.063601602684557E-01
  1417    2.790565135810528E-01   -1.940330323736518E-01
  1418    5.632292021685142E-01    2.033318809163762E-01
  1419    7.500566244851613E-01   -2.692916642287762E-01
  1420    5.703822617347769E-01    1.209359093516273E-01
  1421    4.679216168440181E-01    3.646096461089805E-01
  1422    5.247129518079175E-01    3.133289327769336E-01
  1423    6.341231889225591E-01   -1.641049531387703E-01
  1424    5.214389966580849E-01    2.002028352708704E-01
  1425    7.581765169638910E-01   -2.757752739380381E-01
  1426    4.287556437554709E-01    2.973196819089755E-01
  1427    3.778925100275219E-01    1.669177097080769E-01
  1428    6.739613511213138E-01    3.019356717187574E-01
  1429    7.063375943345640E-01   -1.336682941360816E-01
  1430    5.389734748656091E-01    2.324551545539295E-01
  1431    6.563412284606619E-01    3.470464958666240E-01
  1432    4.194381803824631E-01    2.664338027213407E-01
  1433    4.586156769092314E-01    1.454891458620302E-01
  1434    7.062867822436093E-01    2.887364376153221E-01
  1435    7.004689272456768E-01    1.350333064288277E-01
  1436    5.669944891015637E-01   -2.107056006893639E-01
  1437    6.512982718278164E-01   -3.722220374553847E-01
  1438    4.166772493941290E-01    2.330850609422767E-01
  1439    4.283613682460732E-01   -1.667405222718877E-01
  1440    7.013160301378090E-01    2.602879277061324E-01
  1441    7.219658904285167E-01   -2.023500463235880E-01
  1442    3.995813030662224E-01    2.588007708699315E-01
  1443    4.254282087010226E-01   -3.437715771882066E-01
  1444    7.307429785464807E-01    1.555361936644954E-01
  1445    5.245045255933809E-01    1.803921472426292E-01
  1446    6.957226332970771E-01    2.748809117282105E-01
  1447    6.115724498831526E-01    3.160070899942605E-01
  1448    2.807902903567472E-01   -1.586489355539475E-01
  1449    5.863788752747614E-01   -2.679735642085968E-01
  1450    7.521673137139024E-01   -1.767824200369527E-01
  1451    5.700985223980242E-01   -1.363860030784840E-01
  1452    6.207818444114426E-01   -3.472349721764341E-01
  1453    5.935119677649177E-01    3.020281883232549E-01
  1454    3.368717189202930E-01   -1.830232854743731E-01
  1455    6.217004776650006E-01    2.381882591114452E-01
  1456    7.572994363243175E-01    2.208934519497329E-01
  1457    4.849594369386859E-01   -2.019566066705242E-01
  1458    2.727163659194495E-01   -2.900381770440884E-01
  1459    7.306879143947671E-01   -2.599220672602434E-01
  1460    5.981971667946786E-01    1.438281689965985E-01
  1461    5.446568305217454E-01    2.069044417292061E-01
  1462    8.053603579157225E-01   -2.495595388977980E-01
  1463    4.005314765335716E-01    2.839147109529367E-01
  1464    3.902614951554733E-01    2.426726334195958E-01
  1465    7.091630961370634E-01   -2.794087922218883E-01
  1466    6.450191510157759E-01    1.221317072413853E-01
  1467    5.410970196137840E-01   -2.131095568110816E-01
  1468    7.862873421563947E-01    2.585554283021327E-01
  1469    3.888194809471220E-01    2.744945819636633E-01
  1470    3.474926695525353E-01    1.781993290234185E-01
  1471    6.663593302694960E-01   -2.730579708923694E-01
  1472    7.215307888520749E-01    1.422923739959010E-01
  1473    6.238788080814844E-01    1.886652148343937E-01
  1474    7.834888393248871E-01    2.983336394912659E-01
  1475    4.217661850842937E-01    2.339073121759025E-01
  1476    2.676581518265728E-01    1.909732636150753E-01
  1477    7.191015128954137E-01    2.289242668128977E-01
  1478    7.421916803318278E-01    1.652072869804722E-01
  1479    5.236837687626654E-01    1.741779382893733E-01
  1480    7.934071356531955E-01    3.334529300615645E-01
  1481    3.359114115195401E-01   -2.309290355538282E-01
  1482    3.927202897573674E-01    1.943605597621770E-01
  1483    7.381826045446040E-01    2.140071451302895E-01
  1484    7.530364581506950E-01   -1.347665319024832E-01
  1485    4.422039934816171E-01    1.920230705953712E-01
  1486    7.928964972356731E-01   -3.538595227577120E-01
  1487    2.961332183500357E-01   -2.221593084919038E-01
  1488    5.686061375019869E-01    1.696491772726440E-01
  1489    7.601640817490958E-01   -2.703280091545230E-01
  1490    5.822918847561445E-01   -1.055381293468200E-01
  1491    6.047630290506161E-01    2.277106657881414E-01
  1492    4.747455957708308E-01    4.048595102946571E-01
  1493    5.478408152420435E-01    1.891079905894937E-01
  1494    4.527190680784297E-01    1.812444528948478E-01
  1495    8.781807151209493E-01    2.140766435402961E-01
  1496    5.996367303839734E-01    1.658983414268557E-01
  1497    4.225040104650871E-01    2.740814551474660E-01
  1498    4.402286345608564E-01   -3.576819319899556E-01
  1499    6.634244373752429E-01   -1.527026300835110E-01
  1500    4.565988224933619E-01    1.464928133806518E-01
  1501    8.197766834258482E-01   -2.366097432834089E-01
  1502    6.420448876875162E-01    2.004087025802551E-01
  1503    4.242372774152271E-01    2.887477278639898E-01
  1504    5.246676877022918E-01    3.837075042111087E-01
  1505    5.948021165920929E-01    1.111882817539267E-01
  1506    5.853351506473221E-01    1.487725003892144E-01
  1507    6.257162095427119E-01    2.795706600362082E-01
  1508    7.378846034206651E-01    1.319364395681020E-01
  1509    2.657034355214009E-01   -2.982140854717670E-01
  1510    5.529214901003809E-01   -2.979561436281459E-01
  1511    7.388623442535514E-01    1.981773005807930E-01
  1512    5.743825213698854E-01   -1.285097686625863E-01
  1513    7.334464634183608E-01   -2.853765021581746E-01
  1514    6.214924219071198E-01   -1.694316854500714E-01
  1515    2.448848998037395E-01    2.711103946705872E-01
  1516    5.324908633545515E-01    2.463108969790114E-01
  1517    7.803040279251686E-01   -2.001157441387974E-01
  1518    4.956630129022052E-01    1.319126971154602E-01
  1519    8.710239660159649E-01   -2.445954352867242E-01
  1520    5.150694993233039E-01   -2.907605339529334E-01
  1521    3.105169837637846E-01   -1.941634955406850E-01
  1522    5.042664596394557E-01   -2.847199648342161E-01
  1523    8.072852640684318E-01    9.237610895097072E-02
  1524    5.851825803882884E-01    1.704729621595542E-01
  1525    5.401799651210849E-01   -2.913569461439631E-01
  1526    6.784592255080841E-01    3.394435857798001E-01
  1527    2.859565732105351E-01   -1.443569660697856E-01
  1528    7.739860094724182E-01   -2.721192902022027E-01
  1529    6.408448881529520E-01    1.816193426701995E-01
  1530    5.586032004648211E-01    9.704538656784098E-02
  1531    5.721769702118871E-01    3.652293163787288E-01
  1532    5.684944705954225E-01    2.786783652217950E-01
  1533    3.056411407585479E-01   -1.478530478718980E-01
  1534    7.068644695363560E-01   -2.594034883543757E-01
  1535    7.683170898439623E-01    1.912484526615823E-01
  1536    5.798661549630200E-01   -1.121223217627424E-01
  1537    5.438074647086462E-01   -4.089808690930915E-01
  1538    5.107310619179948E-01    2.279517625559913E-01
  1539    3.623577941036560E-01   -1.417467799638336E-01
  1540    6.570644194713601E-01    1.684814883402168E-01
  1541    8.581191666241641E-01    2.179399630720605E-01
  1542    4.494361300448777E-01    1.560861488123312E-01
  1543    6.578460734483090E-01    4.481966170969333E-01
  1544    4.009744262777601E-01   -1.439835508196281E-01
  1545    5.848252734955320E-01    1.546076243223241E-01
  1546    5.636352611396580E-01   -2.602289397733314E-01
  1547    8.112173324824341E-01   -7.900996160410938E-02
  1548    3.837543866937122E-01    3.477947468182229E-01
  1549    5.847749937915310E-01    3.320699538591004E-01
  1550    5.848215956622281E-01    2.172793300122051E-01
  1551    5.427195670957620E-01   -1.052277053435777E-01
  1552    9.008916058587473E-01    2.062164346708860E-01
  1553    4.219891829924668E-01    1.390788640491701E-01
  1554    3.748754445947476E-01    3.313811317515316E-01
  1555    4.662290879387798E-01   -2.614854560182097E-01
  1556    8.003844830405411E-01   -1.355722000520615E-01
  1557    4.787622965121675E-01   -2.117319308060547E-01
  1558    9.395665683358974E-01   -1.222637404607053E-01
  1559    3.156021958243616E-01   -2.904157058209729E-01
  1560    4.377156231605978E-01   -2.579939497420903E-01
  1561    6.644663019881869E-01    2.658960434339224E-01
  1562    6.140867181691074E-01    5.937635297282506E-02
  1563    6.612491712609803E-01   -3.354204074761515E-01
  1564    6.859381583578913E-01    1.807541675980491E-01
  1565    3.741887294137956E-01    3.383667485838791E-01
  1566    4.720912335526471E-01    2.347470906043844E-01
  1567    8.570023628669142E-01   -1.057202602702774E-01
  1568    4.002387029957037E-01   -1.099703933103800E-01
  1569    9.021763121260075E-01   -1.842209421616761E-01
  1570    4.352619340306283E-01   -2.895528222201023E-01
  1571    3.577963630755528E-01    2.361809081405118E-01
  1572    6.327214622248054E-01    3.377644172018073E-01
  1573    7.057609334860995E-01   -5.425434598487711E-02
  1574    6.275500576432732E-01   -3.099776164490043E-01
  1575    6.819656413305321E-01    1.589424522118226E-01
  1576    4.248640443992381E-01    3.073116537079446E-01
  1577    2.999520632511045E-01   -1.393849909322145E-01
  1578    9.300673440988938E-01   -1.914592616719226E-01
  1579    4.458738668266189E-01    1.527977649740671E-01
  1580    8.981648353449166E-01    1.894585915639438E-01
  1581    5.943916969998690E-01   -2.502829317253981E-01
  1582    2.083616741465720E-01   -1.611214137353250E-01
  1583    4.454929754536321E-01   -2.816037077900887E-01
  1584    8.346895208318430E-01    5.573105865386415E-02
  1585    6.405591140486955E-01   -3.056313637658140E-01
  1586    7.280219020012020E-01   -2.167648877779578E-01
  1587    5.221099095606662E-01    2.720365377637397E-01
  1588    2.298521669708116E-01    1.826115411924670E-01
  1589    9.057332778696403E-01   -1.463242633887221E-01
  1590    4.165543047823348E-01    9.845774931135395E-02
  1591    7.189650806215890E-01    2.228978675772677E-01
  1592    7.452620175383854E-01    3.240935282180493E-01
  1593    2.934405519203810E-01    1.958967443375333E-01
  1594    4.742642450936361E-01    3.226023521880764E-01
  1595    7.895556708264371E-01    4.282341873858539E-02
  1596    4.889791488133933E-01   -2.243705508891254E-01
  1597    7.514306767963324E-01    2.231022552253872E-01
  1598    5.327128461180185E-01    3.341968234357964E-01
  1599    3.046550991722564E-01   -1.716502080593244E-01
  1600    9.459343831954871E-01    1.910794855311413E-01
  1601    3.973141412046844E-01    5.603590277709334E-02
  1602    9.050603716898262E-01   -2.398528563961722E-01
  1603    3.068254047261272E-01    2.196382903059892E-01
  1604    3.499823434526756E-01    2.502047676778758E-01
  1605    5.912595381420335E-01   -2.366070338507474E-01
  1606    9.050802071628952E-01   -6.214871442781524E-02
  1607    5.027175654138699E-01    2.708622321734567E-01
  1608    7.867492062192130E-01    1.656149548978549E-01
  1609    3.835588066636025E-01   -3.150122328154417E-01
  1610    3.394410442159527E-01   -1.025732296065188E-01
  1611    7.717428075185254E-01   -3.332973979404902E-01
  1612    6.023882487718936E-01   -6.817668255846979E-02
  1613    9.430191428542569E-01   -2.206574245542855E-01
  1614    2.764805070985105E-01    1.743615836742123E-01
  1615    2.076106819168769E-01   -2.048811394238359E-01
  1616    9.364867950757464E-01    7.031195968591397E-02
  1617    4.251708413592274E-01    2.204126634344053E-01
  1618    9.789418103835212E-01    8.922788611061472E-02
  1619    1.073891624892094E-01   -1.994790589135419E-01
  1620    7.036297287394845E-01    3.341626151835519E-01
  1621    5.429838608644880E-01   -3.002257103480399E-02
  1622    8.253214470160823E-01   -3.400138289264077E-01
  1623    5.427159013432939E-01   -1.055635315041313E-01
  1624    2.548877422861439E-01    3.995813815708865E-01
  1625    7.883102550454326E-01    6.682634897084387E-02
  1626    3.443270590552824E-01   -6.322013888564694E-02
  1627    1.032649216452088E+00   -1.506286379078781E-01
  1628    2.653516594979294E-01    1.679301887852973E-01
  1629    3.110250679105910E-01   -3.662498931000067E-01
  1630    8.006154790206927E-01    4.008660670784248E-02
  1631    3.894565722419690E-01   -1.914942815403715E-01
  1632    1.004324283919500E+00   -9.252516750856522E-02
  1633    1.210901443560519E-01   -1.826374937423917E-01
  1634    5.555942924682029E-01    3.619065910035319E-01
  1635    6.895730408602279E-01   -2.537092653957113E-02
  1636    6.897825322271443E-01   -3.652074789199720E-01
  1637    7.129880342136002E-01   -5.303745553360190E-02
  1638    4.277834333076800E-02    1.138045648386998E-01
  1639    8.000813341427409E-01   -3.166317390317865E-01
  1640    5.313607761051750E-01    5.835739790373694E-02
  1641    1.008535897804998E+00    1.668254997714542E-01
  1642    3.488123794249910E-01    9.440201068312076E-02
  1643    6.293165922403882E-02   -1.215968391024726E-01
  1644    9.469599407339906E-01   -2.192481052321764E-01
  1645    4.308764885725407E-01   -9.908910651622474E-02
  1646    1.015425413647204E+00   -6.079788078751390E-02
  1647    1.890273434317017E-01    1.679491285513363E-01
  1648    2.568110817046818E-01    2.675263191970380E-01
  1649    9.759771213298029E-01   -5.035986291586714E-02
  1650    3.404756821727730E-01    2.675802928641915E-02
  1651    8.898185466349183E-01    3.612757275369737E-01
  1652    3.132852037480069E-01    1.736769425992619E-01
  1653    2.205731520309035E-01   -2.156830191668455E-02
  1654    1.009697231167936E+00   -2.014150672739932E-01
  1655    3.869765567252275E-01    3.764573020931784E-02
  1656    6.129616664147399E-02   -1.489105345263870E-01
  1657    7.770237539330087E-01    3.630243979307171E-01
  1658    5.888193752993415E-01   -1.216926210259630E-02
  1659    4.003850275792925E-01   -2.174655463239404E-01
  1660    9.908138727106504E-01   -9.301902102389575E-02
  1661    4.359016535797566E-02   -7.423417858432944E-02
  1662    3.242901771439889E-01    7.956376791038745E-02
  1663    1.058219742600830E+00    5.284707486024312E-02
  1664    2.827246442941626E-01   -1.126815029039177E-01
  1665    9.689589870325531E-02   -1.831224571353682E-01
  1666    1.033436268226091E+00   -5.319926283261254E-02
  1667    3.337705941057658E-01   -2.367446810421045E-02
  1668    8.666756992632141E-01    3.995029854345528E-01
  1669    2.673210693740504E-01    1.291047448669344E-01
  1670    2.763240584428287E-01   -1.609998363350233E-02
  1671    1.039028617535341E+00    1.504752974978539E-01
  1672    3.300058973359875E-01    9.143225319903921E-02
  1673    5.017219910040922E-02   -7.874815616104637E-02
  1674    1.053916521525398E+00    9.361724683045833E-02
  1675    3.465354358036020E-01    1.653435802976196E-02
  1676    6.287237315786295E-01    5.166602883956595E-01
  1677    4.623660682315135E-01    5.938007165375003E-02
  1678    3.243766713918528E-01   -7.371411149126862E-03
  1679    5.688880342679131E-01    3.834357113144762E-01
  1680    7.276374403459024E-01    2.119760980738316E-01
  1681    1.159347237019556E-01    2.044807292885633E-04
  1682    1.572427745112080E-02    1.763495607010811E-04
  1683    1.570592190506482E-02    1.151763749680923E-04
  1684    1.583525306013072E-02   -1.655457058579665E-04
  1685    1.571426463111027E-02    1.582768142652247E-04
  1686    1.561118004544411E-02   -2.208332582952758E-05
  1687    1.553921784893552E-02    0.000000000000000E+00
