 # Function values at  1326  Padua points
 0.00000000E+00 0.10000000E+01 0.27033716E+00
 0.94739997E-03 0.99905166E+00 0.27047350E+00
 0.37748035E-02 0.99621025E+00 0.27087874E+00
 0.84380519E-02 0.99148655E+00 0.27154194E+00
 0.14864311E-01 0.98489847E+00 0.27244579E+00
 0.22953204E-01 0.97647100E+00 0.27356811E+00
 0.32578376E-01 0.96623611E+00 0.27488375E+00
 0.43589457E-01 0.95423264E+00 0.27636703E+00
 0.55814404E-01 0.94050610E+00 0.27799438E+00
 0.69062180E-01 0.92510857E+00 0.27974744E+00
 0.83125727E-01 0.90809846E+00 0.28161610E+00
 0.97785192E-01 0.88954029E+00 0.28360167E+00
 0.11281135E+00 0.86950446E+00 0.28571970E+00
 0.12796917E+00 0.84806697E+00 0.28800237E+00
 0.14302149E+00 0.82530915E+00 0.29050273E+00
 0.15773272E+00 0.80131732E+00 0.29330846E+00
 0.17187247E+00 0.77618249E+00 0.29658130E+00
 0.18521921E+00 0.75000000E+00 0.30063149E+00
 0.19756369E+00 0.72286918E+00 0.30600068E+00
 0.20871223E+00 0.69489294E+00 0.31349255E+00
 0.21848973E+00 0.66617740E+00 0.32413588E+00
 0.22674242E+00 0.63683150E+00 0.33916665E+00
 0.23334029E+00 0.60696654E+00 0.36010636E+00
 0.23817913E+00 0.57669583E+00 0.38884883E+00
 0.24118215E+00 0.54613418E+00 0.42757179E+00
 0.24230124E+00 0.51539753E+00 0.47838948E+00
 0.24151773E+00 0.48460247E+00 0.54280155E+00
 0.23884271E+00 0.45386582E+00 0.62104247E+00
 0.23431690E+00 0.42330417E+00 0.71145891E+00
 0.22801005E+00 0.39303346E+00 0.81009832E+00
 0.22001987E+00 0.36316850E+00 0.91073180E+00
 0.21047057E+00 0.33382260E+00 0.10054788E+01
 0.19951096E+00 0.30510706E+00 0.10860289E+01
 0.18731215E+00 0.27713082E+00 0.11452150E+01
 0.17406495E+00 0.25000000E+00 0.11784990E+01
 0.15997693E+00 0.22381751E+00 0.11848921E+01
 0.14526922E+00 0.19868268E+00 0.11670067E+01
 0.13017308E+00 0.17469085E+00 0.11302514E+01
 0.11492638E+00 0.15193303E+00 0.10814789E+01
 0.99769879E-01 0.13049554E+00 0.10275509E+01
 0.84943539E-01 0.11045971E+00 0.97422095E+00
 0.70682785E-01 0.91901544E-01 0.92554365E+00
 0.57214875E-01 0.74891432E-01 0.88379904E+00
 0.44755369E-01 0.59493903E-01 0.84977547E+00
 0.33504784E-01 0.45767364E-01 0.82321430E+00
 0.23645481E-01 0.33763885E-01 0.80325713E+00
 0.15338816E-01 0.23529000E-01 0.78880540E+00
 0.87226298E-02 0.15101532E-01 0.77876485E+00
 0.39090838E-02 0.85134502E-02 0.77218726E+00
 0.98289669E-03 0.37897452E-02 0.76833829E+00
 0.00000000E+00 0.94833563E-03 0.76672149E+00
 0.98663579E-03 0.00000000E+00 0.76708188E+00
 0.39389104E-02 0.94833563E-03 0.76940472E+00
 0.88228112E-02 0.37897452E-02 0.77391650E+00
 0.15574687E-01 0.85134502E-02 0.78108862E+00
 0.24102181E-01 0.15101532E-01 0.79163660E+00
 0.34285613E-01 0.23529000E-01 0.80650039E+00
 0.45979770E-01 0.33763885E-01 0.82678319E+00
 0.59016101E-01 0.45767364E-01 0.85362027E+00
 0.73205268E-01 0.59493903E-01 0.88795005E+00
 0.88340007E-01 0.74891432E-01 0.93017455E+00
 0.10419828E+00 0.91901544E-01 0.97973224E+00
 0.12054666E+00 0.11045971E+00 0.10346627E+01
 0.13714385E+00 0.13049554E+00 0.10913054E+01
 0.15374437E+00 0.15193303E+00 0.11443119E+01
 0.17010230E+00 0.17469085E+00 0.11871195E+01
 0.18597501E+00 0.19868268E+00 0.12129157E+01
 0.20112686E+00 0.22381751E+00 0.12159350E+01
 0.21533277E+00 0.25000000E+00 0.11927513E+01
 0.22838164E+00 0.27713082E+00 0.11431641E+01
 0.24007960E+00 0.30510706E+00 0.10703695E+01
 0.25025291E+00 0.33382260E+00 0.98035087E+00
 0.25875059E+00 0.36316850E+00 0.88068741E+00
 0.26544673E+00 0.39303346E+00 0.77915419E+00
 0.27024240E+00 0.42330417E+00 0.68250017E+00
 0.27306709E+00 0.45386582E+00 0.59566227E+00
 0.27387980E+00 0.48460247E+00 0.52148846E+00
 0.27266963E+00 0.51539753E+00 0.46088551E+00
 0.26945590E+00 0.54613418E+00 0.41323302E+00
 0.26428782E+00 0.57669583E+00 0.37691858E+00
 0.25724374E+00 0.60696654E+00 0.34990206E+00
 0.24842987E+00 0.63683150E+00 0.33021581E+00
 0.23797868E+00 0.66617740E+00 0.31624549E+00
 0.22604676E+00 0.69489294E+00 0.30669138E+00
 0.21281247E+00 0.72286918E+00 0.30036940E+00
 0.19847316E+00 0.75000000E+00 0.29615223E+00
 0.18324208E+00 0.77618249E+00 0.29311303E+00
 0.16734517E+00 0.80131732E+00 0.29065701E+00
 0.15101750E+00 0.82530915E+00 0.28848997E+00
 0.13449972E+00 0.84806697E+00 0.28649011E+00
 0.11803433E+00 0.86950446E+00 0.28460306E+00
 0.10186197E+00 0.88954029E+00 0.28279697E+00
 0.86217740E-01 0.90809846E+00 0.28105349E+00
 0.71327613E-01 0.92510857E+00 0.27936808E+00
 0.57404967E-01 0.94050610E+00 0.27774944E+00
 0.44647357E-01 0.95423264E+00 0.27621708E+00
 0.33233508E-01 0.96623611E+00 0.27479805E+00
 0.23320618E-01 0.97647100E+00 0.27352351E+00
 0.15041992E-01 0.98489847E+00 0.27242562E+00
 0.85050505E-02 0.99148655E+00 0.27153475E+00
 0.37897452E-02 0.99621025E+00 0.27087720E+00
 0.00000000E+00 0.10000000E+01 0.27033716E+00
 0.93993682E-03 0.99905166E+00 0.27047424E+00
 0.37302143E-02 0.99621025E+00 0.27088333E+00
 0.83051112E-02 0.99148655E+00 0.27155620E+00
 0.14571291E-01 0.98489847E+00 0.27247899E+00
 0.22409338E-01 0.97647100E+00 0.27363391E+00
 0.31675702E-01 0.96623611E+00 0.27500125E+00
 0.42205014E-01 0.95423264E+00 0.27656183E+00
 0.53812741E-01 0.94050610E+00 0.27829963E+00
 0.66298136E-01 0.92510857E+00 0.28020454E+00
 0.79447443E-01 0.90809846E+00 0.28227517E+00
 0.93037295E-01 0.88954029E+00 0.28452175E+00
 0.10683827E+00 0.86950446E+00 0.28696903E+00
 0.12061851E+00 0.84806697E+00 0.28965984E+00
 0.13414744E+00 0.82530915E+00 0.29266152E+00
 0.14719940E+00 0.80131732E+00 0.29608119E+00
 0.15955719E+00 0.77618249E+00 0.30009891E+00
 0.17101557E+00 0.75000000E+00 0.30502202E+00
 0.18138448E+00 0.72286918E+00 0.31134489E+00
 0.19049205E+00 0.69489294E+00 0.31978840E+00
 0.19818736E+00 0.66617740E+00 0.33132152E+00
 0.20434279E+00 0.63683150E+00 0.34720370E+00
 0.20885612E+00 0.60696654E+00 0.36905291E+00
 0.21165209E+00 0.57669583E+00 0.39885272E+00
 0.21268367E+00 0.54613418E+00 0.43878095E+00
 0.21193284E+00 0.51539753E+00 0.49080854E+00
 0.20941083E+00 0.48460247E+00 0.55610305E+00
 0.20515807E+00 0.45386582E+00 0.63433770E+00
 0.19924351E+00 0.42330417E+00 0.72308195E+00
 0.19176363E+00 0.39303346E+00 0.81752025E+00
 0.18284092E+00 0.36316850E+00 0.91074007E+00
 0.17262199E+00 0.33382260E+00 0.99469329E+00
 0.16127534E+00 0.30510706E+00 0.10616857E+01
 0.14898867E+00 0.27713082E+00 0.11059933E+01
 0.13596600E+00 0.25000000E+00 0.11250846E+01
 0.12242451E+00 0.22381751E+00 0.11200352E+01
 0.10859107E+00 0.19868268E+00 0.10950239E+01
 0.94698760E-01 0.17469085E+00 0.10561420E+01
 0.80983190E-01 0.15193303E+00 0.10099663E+01
 0.67678781E-01 0.13049554E+00 0.96234020E+00
 0.55015096E-01 0.11045971E+00 0.91763582E+00
 0.43213203E-01 0.91901544E-01 0.87854104E+00
 0.32482187E-01 0.74891432E-01 0.84624349E+00
 0.23015822E-01 0.59493903E-01 0.82082099E+00
 0.14989486E-01 0.45767364E-01 0.80166975E+00
 0.85573490E-02 0.33763885E-01 0.78786690E+00
 0.38498827E-02 0.23529000E-01 0.77842812E+00
 0.97173607E-03 0.15101532E-01 0.77246510E+00
 0.00000000E+00 0.85134502E-02 0.76926755E+00
 0.88563746E-02 0.00000000E+00 0.77242217E+00
 0.15693523E-01 0.94833563E-03 0.77757708E+00
 0.24379000E-01 0.37897452E-02 0.78529018E+00
 0.34812835E-01 0.85134502E-02 0.79621356E+00
 0.46867845E-01 0.15101532E-01 0.81120796E+00
 0.60391470E-01 0.23529000E-01 0.83128012E+00
 0.75207990E-01 0.33763885E-01 0.85745574E+00
 0.91121108E-01 0.45767364E-01 0.89056617E+00
 0.10791685E+00 0.59493903E-01 0.93094186E+00
 0.12536672E+00 0.74891432E-01 0.97803813E+00
 0.14323114E+00 0.91901544E-01 0.10300660E+01
 0.16126298E+00 0.11045971E+00 0.10837492E+01
 0.17921128E+00 0.13049554E+00 0.11343521E+01
 0.19682498E+00 0.15193303E+00 0.11760900E+01
 0.21385672E+00 0.17469085E+00 0.12029345E+01
 0.23006650E+00 0.19868268E+00 0.12096781E+01
 0.24522533E+00 0.22381751E+00 0.11929963E+01
 0.25911863E+00 0.25000000E+00 0.11521936E+01
 0.27154946E+00 0.27713082E+00 0.10894055E+01
 0.28234149E+00 0.30510706E+00 0.10091973E+01
 0.29134162E+00 0.33382260E+00 0.91769978E+00
 0.29842226E+00 0.36316850E+00 0.82154740E+00
 0.30348327E+00 0.39303346E+00 0.72689680E+00
 0.30645343E+00 0.42330417E+00 0.63872177E+00
 0.30729147E+00 0.45386582E+00 0.56045330E+00
 0.30598670E+00 0.48460247E+00 0.49392805E+00
 0.30255910E+00 0.51539753E+00 0.43955217E+00
 0.29705904E+00 0.54613418E+00 0.39659263E+00
 0.28956642E+00 0.57669583E+00 0.36356192E+00
 0.28018948E+00 0.60696654E+00 0.33869835E+00
 0.26906313E+00 0.63683150E+00 0.32044620E+00
 0.25634685E+00 0.66617740E+00 0.30766253E+00
 0.24222225E+00 0.69489294E+00 0.29938610E+00
 0.22689033E+00 0.72286918E+00 0.29448059E+00
 0.21056839E+00 0.75000000E+00 0.29164267E+00
 0.19348673E+00 0.77618249E+00 0.28976278E+00
 0.17588516E+00 0.80131732E+00 0.28818958E+00
 0.15800936E+00 0.82530915E+00 0.28667364E+00
 0.14010716E+00 0.84806697E+00 0.28516113E+00
 0.12242483E+00 0.86950446E+00 0.28364693E+00
 0.10520332E+00 0.88954029E+00 0.28212737E+00
 0.88674719E-01 0.90809846E+00 0.28060088E+00
 0.73058708E-01 0.92510857E+00 0.27907536E+00
 0.58559348E-01 0.94050610E+00 0.27757035E+00
 0.45362031E-01 0.95423264E+00 0.27611525E+00
 0.33630766E-01 0.96623611E+00 0.27474590E+00
 0.23505785E-01 0.97647100E+00 0.27350099E+00
 0.15101532E-01 0.98489847E+00 0.27241885E+00
 0.00000000E+00 0.10000000E+01 0.27033716E+00
 0.92512821E-03 0.99905166E+00 0.27047573E+00
 0.36566806E-02 0.99621025E+00 0.27089089E+00
 0.81083251E-02 0.99148655E+00 0.27157727E+00
 0.14167553E-01 0.98489847E+00 0.27252463E+00
 0.21697596E-01 0.97647100E+00 0.27371965E+00
 0.30539721E-01 0.96623611E+00 0.27514813E+00
 0.40515862E-01 0.95423264E+00 0.27679733E+00
 0.51431546E-01 0.94050610E+00 0.27865839E+00
 0.63079073E-01 0.92510857E+00 0.28072888E+00
 0.75240896E-01 0.90809846E+00 0.28301521E+00
 0.87693151E-01 0.88954029E+00 0.28553520E+00
 0.10020927E+00 0.86950446E+00 0.28832089E+00
 0.11256366E+00 0.84806697E+00 0.29142252E+00
 0.12453530E+00 0.82530915E+00 0.29491571E+00
 0.13591133E+00 0.80131732E+00 0.29891623E+00
 0.14649046E+00 0.77618249E+00 0.30360764E+00
 0.15608624E+00 0.75000000E+00 0.30928320E+00
 0.16452998E+00 0.72286918E+00 0.31639512E+00
 0.17167356E+00 0.69489294E+00 0.32560252E+00
 0.17739175E+00 0.66617740E+00 0.33782221E+00
 0.18158425E+00 0.63683150E+00 0.35428981E+00
 0.18417734E+00 0.60696654E+00 0.37660382E+00
 0.18512505E+00 0.57669583E+00 0.40667679E+00
 0.18440992E+00 0.54613418E+00 0.44651198E+00
 0.18204337E+00 0.51539753E+00 0.49777058E+00
 0.17806547E+00 0.48460247E+00 0.56116451E+00
 0.17254439E+00 0.45386582E+00 0.63579573E+00
 0.16557534E+00 0.42330417E+00 0.71865530E+00
 0.15727909E+00 0.39303346E+00 0.80454482E+00
 0.14780006E+00 0.36316850E+00 0.88661774E+00
 0.13730407E+00 0.33382260E+00 0.95753796E+00
 0.12597575E+00 0.30510706E+00 0.10109839E+01
 0.11401559E+00 0.27713082E+00 0.10430271E+01
 0.10163676E+00 0.25000000E+00 0.10529145E+01
 0.89061801E-01 0.22381751E+00 0.10430030E+01
 0.76518995E-01 0.19868268E+00 0.10179306E+01
 0.64238794E-01 0.17469085E+00 0.98337806E+00
 0.52450110E-01 0.15193303E+00 0.94485646E+00
 0.41376651E-01 0.13049554E+00 0.90684655E+00
 0.31233322E-01 0.11045971E+00 0.87241073E+00
 0.22222751E-01 0.91901544E-01 0.84321527E+00
 0.14531993E-01 0.74891432E-01 0.81980503E+00
 0.83294743E-02 0.59493903E-01 0.80196840E+00
 0.37622047E-02 0.45767364E-01 0.78907808E+00
 0.95332313E-03 0.33763885E-01 0.78035255E+00
 0.00000000E+00 0.23529000E-01 0.77502928E+00
 0.24471742E-01 0.00000000E+00 0.78330157E+00
 0.35078459E-01 0.94833563E-03 0.79143128E+00
 0.47406133E-01 0.37897452E-02 0.80250653E+00
 0.61320132E-01 0.85134502E-02 0.81723510E+00
 0.76660594E-01 0.15101532E-01 0.83642230E+00
 0.93244683E-01 0.23529000E-01 0.86084487E+00
 0.11086920E+00 0.33763885E-01 0.89105609E+00
 0.12931349E+00 0.45767364E-01 0.92712598E+00
 0.14834269E+00 0.59493903E-01 0.96834810E+00
 0.16771109E+00 0.74891432E-01 0.10129800E+01
 0.18716579E+00 0.91901544E-01 0.10581132E+01
 0.20645038E+00 0.11045971E+00 0.10997722E+01
 0.22530875E+00 0.13049554E+00 0.11333008E+01
 0.24348881E+00 0.15193303E+00 0.11540143E+01
 0.26074629E+00 0.17469085E+00 0.11579901E+01
 0.27684832E+00 0.19868268E+00 0.11428013E+01
 0.29157688E+00 0.22381751E+00 0.11079867E+01
 0.30473201E+00 0.25000000E+00 0.10551267E+01
 0.31613482E+00 0.27713082E+00 0.98752156E+00
 0.32563012E+00 0.30510706E+00 0.90958951E+00
 0.33308870E+00 0.33382260E+00 0.82617076E+00
 0.33840924E+00 0.36316850E+00 0.74191000E+00
 0.34151981E+00 0.39303346E+00 0.66081862E+00
 0.34237892E+00 0.42330417E+00 0.58603092E+00
 0.34097611E+00 0.45386582E+00 0.51970951E+00
 0.33733206E+00 0.48460247E+00 0.46303955E+00
 0.33149827E+00 0.51539753E+00 0.41627084E+00
 0.32355624E+00 0.54613418E+00 0.37881452E+00
 0.31361626E+00 0.57669583E+00 0.34947292E+00
 0.30181566E+00 0.60696654E+00 0.32688793E+00
 0.28831680E+00 0.63683150E+00 0.31006427E+00
 0.27330457E+00 0.66617740E+00 0.29849792E+00
 0.25698361E+00 0.69489294E+00 0.29166143E+00
 0.23957525E+00 0.72286918E+00 0.28842586E+00
 0.22131416E+00 0.75000000E+00 0.28719913E+00
 0.20244484E+00 0.77618249E+00 0.28661659E+00
 0.18321801E+00 0.80131732E+00 0.28597351E+00
 0.16388680E+00 0.82530915E+00 0.28510289E+00
 0.14470307E+00 0.84806697E+00 0.28405034E+00
 0.12591361E+00 0.86950446E+00 0.28287576E+00
 0.10775657E+00 0.88954029E+00 0.28160962E+00
 0.90457916E-01 0.90809846E+00 0.28026932E+00
 0.74228166E-01 0.92510857E+00 0.27887621E+00
 0.59259339E-01 0.94050610E+00 0.27746121E+00
 0.45722208E-01 0.95423264E+00 0.27606377E+00
 0.33763885E-01 0.96623611E+00 0.27472840E+00
 0.00000000E+00 0.10000000E+01 0.27033716E+00
 0.90320768E-03 0.99905166E+00 0.27047792E+00
 0.35553621E-02 0.99621025E+00 0.27090130E+00
 0.78507969E-02 0.99148655E+00 0.27160481E+00
 0.13659464E-01 0.98489847E+00 0.27258186E+00
 0.20829203E-01 0.97647100E+00 0.27382367E+00
 0.29188349E-01 0.96623611E+00 0.27532143E+00
 0.38548640E-01 0.95423264E+00 0.27706854E+00
 0.48708372E-01 0.94050610E+00 0.27906283E+00
 0.59455756E-01 0.92510857E+00 0.28130870E+00
 0.70572427E-01 0.90809846E+00 0.28381929E+00
 0.81837043E-01 0.88954029E+00 0.28661855E+00
 0.93028920E-01 0.86950446E+00 0.28974382E+00
 0.10393165E+00 0.84806697E+00 0.29324978E+00
 0.11433665E+00 0.82530915E+00 0.29721542E+00
 0.12404653E+00 0.80131732E+00 0.30175749E+00
 0.13287837E+00 0.77618249E+00 0.30705368E+00
 0.14066665E+00 0.75000000E+00 0.31337708E+00
 0.14726601E+00 0.72286918E+00 0.32114028E+00
 0.15255353E+00 0.69489294E+00 0.33094708E+00
 0.15643085E+00 0.66617740E+00 0.34365203E+00
 0.15882571E+00 0.63683150E+00 0.36041789E+00
 0.15969317E+00 0.60696654E+00 0.38273335E+00
 0.15901635E+00 0.57669583E+00 0.41232700E+00
 0.15680678E+00 0.54613418E+00 0.45091742E+00
 0.15310420E+00 0.51539753E+00 0.49977820E+00
 0.14797597E+00 0.48460247E+00 0.55916648E+00
 0.14151602E+00 0.45386582E+00 0.62775533E+00
 0.13384338E+00 0.42330417E+00 0.70229284E+00
 0.12510028E+00 0.39303346E+00 0.77771983E+00
 0.11544991E+00 0.36316850E+00 0.84786491E+00
 0.10507379E+00 0.33382260E+00 0.90661368E+00
 0.94168893E-01 0.30510706E+00 0.94921860E+00
 0.82944452E-01 0.27713082E+00 0.97330954E+00
 0.71618627E-01 0.25000000E+00 0.97926257E+00
 0.60414969E-01 0.22381751E+00 0.96984313E+00
 0.49558800E-01 0.19868268E+00 0.94931983E+00
 0.39273552E-01 0.17469085E+00 0.92240413E+00
 0.29777122E-01 0.15193303E+00 0.89335291E+00
 0.21278289E-01 0.13049554E+00 0.86542637E+00
 0.13973272E-01 0.11045971E+00 0.84072251E+00
 0.80424601E-02 0.91901544E-01 0.82029112E+00
 0.36473787E-02 0.74891432E-01 0.80439181E+00
 0.92793697E-03 0.59493903E-01 0.79278110E+00
 0.00000000E+00 0.45767364E-01 0.78495950E+00
 0.47586474E-01 0.00000000E+00 0.79974043E+00
 0.61788009E-01 0.94833563E-03 0.81059381E+00
 0.77541059E-01 0.37897452E-02 0.82447245E+00
 0.94678541E-01 0.85134502E-02 0.84188464E+00
 0.11301058E+00 0.15101532E-01 0.86324444E+00
 0.13232714E+00 0.23529000E-01 0.88870537E+00
 0.15240099E+00 0.33763885E-01 0.91796451E+00
 0.17299093E+00 0.45767364E-01 0.95007319E+00
 0.19384524E+00 0.59493903E-01 0.98331137E+00
 0.21470530E+00 0.74891432E-01 0.10151905E+01
 0.23530934E+00 0.91901544E-01 0.10426343E+01
 0.25539623E+00 0.11045971E+00 0.10623424E+01
 0.27470926E+00 0.13049554E+00 0.10712829E+01
 0.29299993E+00 0.15193303E+00 0.10671996E+01
 0.31003156E+00 0.17469085E+00 0.10490025E+01
 0.32558271E+00 0.19868268E+00 0.10169300E+01
 0.33945051E+00 0.22381751E+00 0.97244551E+00
 0.35145356E+00 0.25000000E+00 0.91791279E+00
 0.36143459E+00 0.27713082E+00 0.85616598E+00
 0.36926281E+00 0.30510706E+00 0.79010829E+00
 0.37483578E+00 0.33382260E+00 0.72244047E+00
 0.37808091E+00 0.36316850E+00 0.65554658E+00
 0.37895649E+00 0.39303346E+00 0.59148951E+00
 0.37745232E+00 0.42330417E+00 0.53202926E+00
 0.37358979E+00 0.45386582E+00 0.47859080E+00
 0.36742156E+00 0.48460247E+00 0.43215749E+00
 0.35903075E+00 0.51539753E+00 0.39312098E+00
 0.34852964E+00 0.54613418E+00 0.36117881E+00
 0.33605806E+00 0.57669583E+00 0.33545408E+00
 0.32178121E+00 0.60696654E+00 0.31499612E+00
 0.30588723E+00 0.63683150E+00 0.29943331E+00
 0.28858440E+00 0.66617740E+00 0.28902291E+00
 0.27009805E+00 0.69489294E+00 0.28373959E+00
 0.25066718E+00 0.72286918E+00 0.28239343E+00
 0.23054099E+00 0.75000000E+00 0.28297123E+00
 0.20997515E+00 0.77618249E+00 0.28378166E+00
 0.18922807E+00 0.80131732E+00 0.28407988E+00
 0.16855715E+00 0.82530915E+00 0.28382382E+00
 0.14821496E+00 0.84806697E+00 0.28318811E+00
 0.12844566E+00 0.86950446E+00 0.28230973E+00
 0.10948144E+00 0.88954029E+00 0.28125687E+00
 0.91539208E-01 0.90809846E+00 0.28006702E+00
 0.74817542E-01 0.92510857E+00 0.27877542E+00
 0.59493903E-01 0.94050610E+00 0.27742455E+00
 0.00000000E+00 0.10000000E+01 0.27033716E+00
 0.87452094E-03 0.99905166E+00 0.27048079E+00
 0.34278567E-02 0.99621025E+00 0.27091438E+00
 0.75365881E-02 0.99148655E+00 0.27163832E+00
 0.13055038E-01 0.98489847E+00 0.27264965E+00
 0.19817854E-01 0.97647100E+00 0.27394401E+00
 0.27642898E-01 0.96623611E+00 0.27551772E+00
 0.36334373E-01 0.95423264E+00 0.27736989E+00
 0.45686165E-01 0.94050610E+00 0.27950433E+00
 0.55485327E-01 0.92510857E+00 0.28193139E+00
 0.65515659E-01 0.90809846E+00 0.28466964E+00
 0.75561323E-01 0.88954029E+00 0.28774765E+00
 0.85410441E-01 0.86950446E+00 0.29120615E+00
 0.94858617E-01 0.84806697E+00 0.29510157E+00
 0.10371233E+00 0.82530915E+00 0.29951254E+00
 0.11179211E+00 0.80131732E+00 0.30455157E+00
 0.11893557E+00 0.77618249E+00 0.31038490E+00
 0.12500000E+00 0.75000000E+00 0.31726210E+00
 0.12986482E+00 0.72286918E+00 0.32555631E+00
 0.13343350E+00 0.69489294E+00 0.33581461E+00
 0.13563524E+00 0.66617740E+00 0.34881436E+00
 0.13642609E+00 0.63683150E+00 0.36560808E+00
 0.13578972E+00 0.60696654E+00 0.38751868E+00
 0.13373776E+00 0.57669583E+00 0.41603238E+00
 0.13030958E+00 0.54613418E+00 0.45254499E+00
 0.12557172E+00 0.51539753E+00 0.49795475E+00
 0.11961686E+00 0.48460247E+00 0.55216461E+00
 0.11256228E+00 0.45386582E+00 0.61364002E+00
 0.10454804E+00 0.42330417E+00 0.67922494E+00
 0.95734676E-01 0.39303346E+00 0.74439130E+00
 0.86300657E-01 0.36316850E+00 0.80396147E+00
 0.76439446E-01 0.33382260E+00 0.85314248E+00
 0.66356371E-01 0.30510706E+00 0.88854774E+00
 0.56265272E-01 0.27713082E+00 0.90885862E+00
 0.46384995E-01 0.25000000E+00 0.91491951E+00
 0.36935788E-01 0.22381751E+00 0.90929045E+00
 0.28135659E-01 0.19868268E+00 0.89547577E+00
 0.20196752E-01 0.17469085E+00 0.87711648E+00
 0.13321792E-01 0.15193303E+00 0.85737320E+00
 0.77006572E-02 0.13049554E+00 0.83859787E+00
 0.35071454E-02 0.11045971E+00 0.82227316E+00
 0.89596243E-03 0.91901544E-01 0.80913138E+00
 0.00000000E+00 0.74891432E-01 0.79935458E+00
 0.77836037E-01 0.00000000E+00 0.82063413E+00
 0.95400945E-01 0.94833563E-03 0.83281592E+00
 0.11430853E+00 0.37897452E-02 0.84727952E+00
 0.13436198E+00 0.85134502E-02 0.86401332E+00
 0.15534454E+00 0.15101532E-01 0.88273366E+00
 0.17702248E+00 0.23529000E-01 0.90277131E+00
 0.19914839E+00 0.33763885E-01 0.92299843E+00
 0.22146461E+00 0.45767364E-01 0.94183453E+00
 0.24370691E+00 0.59493903E-01 0.95736031E+00
 0.26560825E+00 0.74891432E-01 0.96754249E+00
 0.28690256E+00 0.91901544E-01 0.97053673E+00
 0.30732861E+00 0.11045971E+00 0.96500154E+00
 0.32663375E+00 0.13049554E+00 0.95034008E+00
 0.34457753E+00 0.15193303E+00 0.92679780E+00
 0.36093524E+00 0.17469085E+00 0.89538156E+00
 0.37550109E+00 0.19868268E+00 0.85761766E+00
 0.38809124E+00 0.22381751E+00 0.81521764E+00
 0.39854644E+00 0.25000000E+00 0.76975324E+00
 0.40673435E+00 0.27713082E+00 0.72244400E+00
 0.41255144E+00 0.30510706E+00 0.67412434E+00
 0.41592449E+00 0.33382260E+00 0.62538860E+00
 0.41681162E+00 0.36316850E+00 0.57683487E+00
 0.41520291E+00 0.39303346E+00 0.52928069E+00
 0.41112048E+00 0.42330417E+00 0.48383343E+00
 0.40461816E+00 0.45386582E+00 0.44176624E+00
 0.39578067E+00 0.48460247E+00 0.40423562E+00
 0.38472233E+00 0.51539753E+00 0.37193691E+00
 0.37158539E+00 0.54613418E+00 0.34484640E+00
 0.35653791E+00 0.57669583E+00 0.32229838E+00
 0.33977126E+00 0.60696654E+00 0.30363052E+00
 0.32149732E+00 0.63683150E+00 0.28906352E+00
 0.30194538E+00 0.66617740E+00 0.27968052E+00
 0.28135874E+00 0.69489294E+00 0.27599617E+00
 0.25999121E+00 0.72286918E+00 0.27667700E+00
 0.23810338E+00 0.75000000E+00 0.27916230E+00
 0.21595889E+00 0.77618249E+00 0.28138259E+00
 0.19382057E+00 0.80131732E+00 0.28257976E+00
 0.17194673E+00 0.82530915E+00 0.28287714E+00
 0.15058745E+00 0.84806697E+00 0.28259888E+00
 0.12998104E+00 0.86950446E+00 0.28196390E+00
 0.11035073E+00 0.88954029E+00 0.28107819E+00
 0.91901544E-01 0.90809846E+00 0.27999902E+00
 0.00000000E+00 0.10000000E+01 0.27033716E+00
 0.83952040E-03 0.99905166E+00 0.27048430E+00
 0.32761752E-02 0.99621025E+00 0.27092993E+00
 0.71706539E-02 0.99148655E+00 0.27167725E+00
 0.12363805E-01 0.98489847E+00 0.27272680E+00
 0.18679499E-01 0.97647100E+00 0.27407841E+00
 0.25927740E-01 0.96623611E+00 0.27573318E+00
 0.33907980E-01 0.95423264E+00 0.27769532E+00
 0.42412587E-01 0.94050610E+00 0.27997382E+00
 0.51230404E-01 0.92510857E+00 0.28258387E+00
 0.60150341E-01 0.90809846E+00 0.28554824E+00
 0.68964963E-01 0.88954029E+00 0.28889853E+00
 0.77473984E-01 0.86950446E+00 0.29267702E+00
 0.85487642E-01 0.84806697E+00 0.29693971E+00
 0.92829890E-01 0.82530915E+00 0.30176196E+00
 0.99341341E-01 0.80131732E+00 0.30724870E+00
 0.10488195E+00 0.77618249E+00 0.31355152E+00
 0.10933335E+00 0.75000000E+00 0.32089456E+00
 0.11260084E+00 0.72286918E+00 0.32961070E+00
 0.11461501E+00 0.69489294E+00 0.34018710E+00
 0.11533287E+00 0.66617740E+00 0.35331312E+00
 0.11473863E+00 0.63683150E+00 0.36991140E+00
 0.11284398E+00 0.60696654E+00 0.39111746E+00
 0.10968792E+00 0.57669583E+00 0.41816584E+00
 0.10533618E+00 0.54613418E+00 0.45215144E+00
 0.99880143E-01 0.51539753E+00 0.49367264E+00
 0.93435390E-01 0.48460247E+00 0.54242527E+00
 0.86139804E-01 0.45386582E+00 0.59688363E+00
 0.78151331E-01 0.42330417E+00 0.65423306E+00
 0.69645392E-01 0.39303346E+00 0.71066971E+00
 0.60811996E-01 0.36316850E+00 0.76205268E+00
 0.51852609E-01 0.33382260E+00 0.80473631E+00
 0.42976807E-01 0.30510706E+00 0.83631314E+00
 0.34398795E-01 0.27713082E+00 0.85602245E+00
 0.26333818E-01 0.25000000E+00 0.86471754E+00
 0.18994537E-01 0.22381751E+00 0.86445855E+00
 0.12587429E-01 0.19868268E+00 0.85791721E+00
 0.73092470E-02 0.17469085E+00 0.84779953E+00
 0.33436307E-02 0.15193303E+00 0.83642918E+00
 0.85788421E-03 0.13049554E+00 0.82553930E+00
 0.00000000E+00 0.11045971E+00 0.81624498E+00
 0.11474338E+00 0.00000000E+00 0.84211883E+00
 0.13538717E+00 0.94833563E-03 0.85213039E+00
 0.15712870E+00 0.37897452E-02 0.86243000E+00
 0.17974462E+00 0.85134502E-02 0.87237358E+00
 0.20299484E+00 0.15101532E-01 0.88107353E+00
 0.22662584E+00 0.23529000E-01 0.88743363E+00
 0.25037416E+00 0.33763885E-01 0.89025125E+00
 0.27397007E+00 0.45767364E-01 0.88838144E+00
 0.29714136E+00 0.59493903E-01 0.88093577E+00
 0.31961715E+00 0.74891432E-01 0.86747062E+00
 0.34113178E+00 0.91901544E-01 0.84811413E+00
 0.36142853E+00 0.11045971E+00 0.82359103E+00
 0.38026333E+00 0.13049554E+00 0.79512612E+00
 0.39740820E+00 0.15193303E+00 0.76423459E+00
 0.41265458E+00 0.17469085E+00 0.73243402E+00
 0.42581622E+00 0.19868268E+00 0.70093557E+00
 0.43673197E+00 0.22381751E+00 0.67038984E+00
 0.44526799E+00 0.25000000E+00 0.64076723E+00
 0.45131972E+00 0.27713082E+00 0.61143376E+00
 0.45481333E+00 0.30510706E+00 0.58143148E+00
 0.45570683E+00 0.33382260E+00 0.54989629E+00
 0.45399058E+00 0.36316850E+00 0.51647474E+00
 0.44968745E+00 0.39303346E+00 0.48157722E+00
 0.44285245E+00 0.42330417E+00 0.44635565E+00
 0.43357190E+00 0.45386582E+00 0.41240257E+00
 0.42196214E+00 0.48460247E+00 0.38127419E+00
 0.40816784E+00 0.51539753E+00 0.35398756E+00
 0.39235988E+00 0.54613418E+00 0.33066991E+00
 0.37473282E+00 0.57669583E+00 0.31066016E+00
 0.35550210E+00 0.60696654E+00 0.29337977E+00
 0.33490091E+00 0.63683150E+00 0.27953237E+00
 0.31317679E+00 0.66617740E+00 0.27102859E+00
 0.29058809E+00 0.69489294E+00 0.26892151E+00
 0.26740027E+00 0.72286918E+00 0.27164835E+00
 0.24388206E+00 0.75000000E+00 0.27600953E+00
 0.22030169E+00 0.77618249E+00 0.27954878E+00
 0.19692307E+00 0.80131732E+00 0.28153760E+00
 0.17400211E+00 0.82530915E+00 0.28229516E+00
 0.15178312E+00 0.84806697E+00 0.28229981E+00
 0.13049554E+00 0.86950446E+00 0.28184757E+00
 0.00000000E+00 0.10000000E+01 0.27033716E+00
 0.79875802E-03 0.99905166E+00 0.27048838E+00
 0.31027098E-02 0.99621025E+00 0.27094769E+00
 0.67587653E-02 0.99148655E+00 0.27172093E+00
 0.11596669E-01 0.98489847E+00 0.27281194E+00
 0.17432091E-01 0.97647100E+00 0.27422441E+00
 0.24069924E-01 0.96623611E+00 0.27596372E+00
 0.31307727E-01 0.95423264E+00 0.27803849E+00
 0.38939265E-01 0.94050610E+00 0.28046194E+00
 0.46758087E-01 0.92510857E+00 0.28325304E+00
 0.54561088E-01 0.90809846E+00 0.28643737E+00
 0.62151993E-01 0.88954029E+00 0.29004811E+00
 0.69344712E-01 0.86950446E+00 0.29412744E+00
 0.75966514E-01 0.84806697E+00 0.29872902E+00
 0.81860960E-01 0.82530915E+00 0.30392293E+00
 0.86890569E-01 0.80131732E+00 0.30980439E+00
 0.90939147E-01 0.77618249E+00 0.31650866E+00
 0.93913764E-01 0.75000000E+00 0.32423364E+00
 0.95746344E-01 0.72286918E+00 0.33327170E+00
 0.96394831E-01 0.69489294E+00 0.34404888E+00
 0.95843925E-01 0.66617740E+00 0.35716365E+00
 0.94105372E-01 0.63683150E+00 0.37340663E+00
 0.91217800E-01 0.60696654E+00 0.39373223E+00
 0.87246111E-01 0.57669583E+00 0.41914939E+00
 0.82280429E-01 0.54613418E+00 0.45051123E+00
 0.76434626E-01 0.51539753E+00 0.48821835E+00
 0.69844450E-01 0.48460247E+00 0.53190266E+00
 0.62665281E-01 0.45386582E+00 0.58020647E+00
 0.55069551E-01 0.42330417E+00 0.63078017E+00
 0.47243870E-01 0.39303346E+00 0.68056724E+00
 0.39385901E-01 0.36316850E+00 0.72633722E+00
 0.31701033E-01 0.33382260E+00 0.76531585E+00
 0.24398912E-01 0.30510706E+00 0.79570996E+00
 0.17689868E-01 0.27713082E+00 0.81696533E+00
 0.11781315E-01 0.25000000E+00 0.82970567E+00
 0.68741629E-02 0.22381751E+00 0.83542012E+00
 0.31593132E-02 0.19868268E+00 0.83603671E+00
 0.81427954E-03 0.17469085E+00 0.83352014E+00
 0.00000000E+00 0.15193303E+00 0.82958331E+00
 0.15772645E+00 0.00000000E+00 0.85584898E+00
 0.18111608E+00 0.94833563E-03 0.85772919E+00
 0.20532628E+00 0.37897452E-02 0.85697127E+00
 0.23011074E+00 0.85134502E-02 0.85274589E+00
 0.25521001E+00 0.15101532E-01 0.84429861E+00
 0.28035493E+00 0.23529000E-01 0.83108149E+00
 0.30527044E+00 0.33763885E-01 0.81288587E+00
 0.32967927E+00 0.45767364E-01 0.78994439E+00
 0.35330587E+00 0.59493903E-01 0.76297356E+00
 0.37588025E+00 0.74891432E-01 0.73314108E+00
 0.39714177E+00 0.91901544E-01 0.70195738E+00
 0.41684280E+00 0.11045971E+00 0.67110247E+00
 0.43475223E+00 0.13049554E+00 0.64220490E+00
 0.45065877E+00 0.15193303E+00 0.61659316E+00
 0.46437391E+00 0.17469085E+00 0.59504758E+00
 0.47573461E+00 0.19868268E+00 0.57759674E+00
 0.48460561E+00 0.22381751E+00 0.56341980E+00
 0.49088137E+00 0.25000000E+00 0.55092141E+00
 0.49448754E+00 0.27713082E+00 0.53802008E+00
 0.49538198E+00 0.30510706E+00 0.52262777E+00
 0.49355540E+00 0.33382260E+00 0.50321225E+00
 0.48903144E+00 0.36316850E+00 0.47926325E+00
 0.48186626E+00 0.39303346E+00 0.45147883E+00
 0.47214779E+00 0.42330417E+00 0.42157462E+00
 0.45999438E+00 0.45386582E+00 0.39176701E+00
 0.44555308E+00 0.48460247E+00 0.36410525E+00
 0.42899755E+00 0.51539753E+00 0.33985230E+00
 0.41052549E+00 0.54613418E+00 0.31910210E+00
 0.39035585E+00 0.57669583E+00 0.30096152E+00
 0.36872565E+00 0.60696654E+00 0.28470640E+00
 0.34588660E+00 0.63683150E+00 0.27137323E+00
 0.32210150E+00 0.66617740E+00 0.26363993E+00
 0.29764056E+00 0.69489294E+00 0.26304128E+00
 0.27277753E+00 0.72286918E+00 0.26769966E+00
 0.24778591E+00 0.75000000E+00 0.27374728E+00
 0.22293508E+00 0.77618249E+00 0.27839509E+00
 0.19848665E+00 0.80131732E+00 0.28100299E+00
 0.17469085E+00 0.82530915E+00 0.28209875E+00
 0.00000000E+00 0.10000000E+01 0.27033716E+00
 0.75287666E-03 0.99905166E+00 0.27049297E+00
 0.29101961E-02 0.99621025E+00 0.27096737E+00
 0.63074180E-02 0.99148655E+00 0.27176863E+00
 0.10765726E-01 0.98489847E+00 0.27290359E+00
 0.16095301E-01 0.97647100E+00 0.27437940E+00
 0.22098750E-01 0.96623611E+00 0.27620509E+00
 0.28574622E-01 0.95423264E+00 0.27839293E+00
 0.35320974E-01 0.94050610E+00 0.28095943E+00
 0.42138909E-01 0.92510857E+00 0.28392613E+00
 0.48836045E-01 0.90809846E+00 0.28732019E+00
 0.55229856E-01 0.88954029E+00 0.29117497E+00
 0.61150829E-01 0.86950446E+00 0.29553109E+00
 0.66445385E-01 0.84806697E+00 0.30043843E+00
 0.70978524E-01 0.82530915E+00 0.30596034E+00
 0.74636154E-01 0.80131732E+00 0.31218119E+00
 0.77327049E-01 0.77618249E+00 0.31921928E+00
 0.78984431E-01 0.75000000E+00 0.32724657E+00
 0.79567129E-01 0.72286918E+00 0.33651616E+00
 0.79060307E-01 0.69489294E+00 0.34739539E+00
 0.77475753E-01 0.66617740E+00 0.36039668E+00
 0.74851707E-01 0.63683150E+00 0.37619003E+00
 0.71252252E-01 0.60696654E+00 0.39557328E+00
 0.66766263E-01 0.57669583E+00 0.41937548E+00
 0.61505938E-01 0.54613418E+00 0.44828102E+00
 0.55604925E-01 0.51539753E+00 0.48259205E+00
 0.49216085E-01 0.48460247E+00 0.52198739E+00
 0.42508920E-01 0.45386582E+00 0.56536753E+00
 0.35666711E-01 0.42330417E+00 0.61087403E+00
 0.28883397E-01 0.39303346E+00 0.65612285E+00
 0.22360273E-01 0.36316850E+00 0.69860975E+00
 0.16302521E-01 0.33382260E+00 0.73617167E+00
 0.10915670E-01 0.30510706E+00 0.76736104E+00
 0.64020003E-02 0.27713082E+00 0.79162695E+00
 0.29569870E-02 0.25000000E+00 0.80927527E+00
 0.76580942E-03 0.22381751E+00 0.82125715E+00
 0.00000000E+00 0.19868268E+00 0.82887842E+00
 0.20610737E+00 0.00000000E+00 0.84916480E+00
 0.23186651E+00 0.94833563E-03 0.83609974E+00
 0.25814115E+00 0.37897452E-02 0.81811339E+00
 0.28466605E+00 0.85134502E-02 0.79510734E+00
 0.31116658E+00 0.15101532E-01 0.76738475E+00
 0.33736243E+00 0.23529000E-01 0.73568123E+00
 0.36297148E+00 0.33763885E-01 0.70113664E+00
 0.38771364E+00 0.45767364E-01 0.66521243E+00
 0.41131471E+00 0.59493903E-01 0.62957106E+00
 0.43351026E+00 0.74891432E-01 0.59593661E+00
 0.45404923E+00 0.91901544E-01 0.56594856E+00
 0.47269749E+00 0.11045971E+00 0.54100942E+00
 0.48924113E+00 0.13049554E+00 0.52212030E+00
 0.50348944E+00 0.15193303E+00 0.50970418E+00
 0.51527759E+00 0.17469085E+00 0.50343584E+00
 0.52446899E+00 0.19868268E+00 0.50212448E+00
 0.53095716E+00 0.22381751E+00 0.50371773E+00
 0.53466723E+00 0.25000000E+00 0.50549684E+00
 0.53555703E+00 0.27713082E+00 0.50449729E+00
 0.53361760E+00 0.30510706E+00 0.49811246E+00
 0.52887333E+00 0.33382260E+00 0.48473888E+00
 0.52138158E+00 0.36316850E+00 0.46424606E+00
 0.51123187E+00 0.39303346E+00 0.43806103E+00
 0.49854450E+00 0.42330417E+00 0.40877925E+00
 0.48346890E+00 0.45386582E+00 0.37940926E+00
 0.46618144E+00 0.48460247E+00 0.35251077E+00
 0.44688293E+00 0.51539753E+00 0.32948682E+00
 0.42579574E+00 0.54613418E+00 0.31021831E+00
 0.40316062E+00 0.57669583E+00 0.29337348E+00
 0.37923336E+00 0.60696654E+00 0.27788957E+00
 0.35428114E+00 0.63683150E+00 0.26499071E+00
 0.32857877E+00 0.66617740E+00 0.25800759E+00
 0.30240492E+00 0.69489294E+00 0.25882777E+00
 0.27603819E+00 0.72286918E+00 0.26517422E+00
 0.24975334E+00 0.75000000E+00 0.27256376E+00
 0.22381751E+00 0.77618249E+00 0.27800104E+00
 0.00000000E+00 0.10000000E+01 0.27033716E+00
 0.70259990E-03 0.99905166E+00 0.27049800E+00
 0.27016701E-02 0.99621025E+00 0.27098864E+00
 0.58237301E-02 0.99148655E+00 0.27181955E+00
 0.98840810E-02 0.98489847E+00 0.27300019E+00
 0.14690212E-01 0.97647100E+00 0.27454065E+00
 0.20045303E-01 0.96623611E+00 0.27645299E+00
 0.25751768E-01 0.95423264E+00 0.27875227E+00
 0.31614778E-01 0.94050610E+00 0.28145729E+00
 0.37445716E-01 0.92510857E+00 0.28459109E+00
 0.43065499E-01 0.90809846E+00 0.28818118E+00
 0.48307720E-01 0.88954029E+00 0.29225989E+00
 0.53021558E-01 0.86950446E+00 0.29686507E+00
 0.57074410E-01 0.84806697E+00 0.30204176E+00
 0.60354204E-01 0.82530915E+00 0.30784571E+00
 0.62771354E-01 0.80131732E+00 0.31435000E+00
 0.64260326E-01 0.77618249E+00 0.32165628E+00
 0.64780791E-01 0.75000000E+00 0.32991194E+00
 0.64318351E-01 0.72286918E+00 0.33933384E+00
 0.62884816E-01 0.69489294E+00 0.35023633E+00
 0.60518033E-01 0.66617740E+00 0.36305648E+00
 0.57281278E-01 0.63683150E+00 0.37836325E+00
 0.53262199E-01 0.60696654E+00 0.39683147E+00
 0.48571351E-01 0.57669583E+00 0.41916215E+00
 0.43340329E-01 0.54613418E+00 0.44594145E+00
 0.37719536E-01 0.51539753E+00 0.47745455E+00
 0.31875616E-01 0.48460247E+00 0.51350046E+00
 0.25988600E-01 0.45386582E+00 0.55327476E+00
 0.20248804E-01 0.42330417E+00 0.59538261E+00
 0.14853529E-01 0.39303346E+00 0.63800700E+00
 0.10003616E-01 0.36316850E+00 0.67919983E+00
 0.58999166E-02 0.33382260E+00 0.71721390E+00
 0.27397192E-02 0.30510706E+00 0.75077821E+00
 0.71320860E-03 0.27713082E+00 0.77924431E+00
 0.00000000E+00 0.25000000E+00 0.80258259E+00
 0.25912316E+00 0.00000000E+00 0.80966679E+00
 0.28683808E+00 0.94833563E-03 0.77799336E+00
 0.31474040E+00 0.37897452E-02 0.74183976E+00
 0.34255018E+00 0.85134502E-02 0.70236837E+00
 0.36998209E+00 0.15101532E-01 0.66104901E+00
 0.39674929E+00 0.23529000E-01 0.61952954E+00
 0.42256731E+00 0.33763885E-01 0.57950207E+00
 0.44715794E+00 0.45767364E-01 0.54258989E+00
 0.47025305E+00 0.59493903E-01 0.51026527E+00
 0.49159831E+00 0.74891432E-01 0.48378974E+00
 0.51095669E+00 0.91901544E-01 0.46415580E+00
 0.52811176E+00 0.11045971E+00 0.45200668E+00
 0.54287071E+00 0.13049554E+00 0.44751992E+00
 0.55506704E+00 0.15193303E+00 0.45026019E+00
 0.56456286E+00 0.17469085E+00 0.45903196E+00
 0.57125082E+00 0.19868268E+00 0.47178983E+00
 0.57505563E+00 0.22381751E+00 0.48568418E+00
 0.57593505E+00 0.25000000E+00 0.49731813E+00
 0.57388051E+00 0.27713082E+00 0.50325237E+00
 0.56891718E+00 0.30510706E+00 0.50070666E+00
 0.56110361E+00 0.33382260E+00 0.48828838E+00
 0.55053084E+00 0.36316850E+00 0.46648308E+00
 0.53732115E+00 0.39303346E+00 0.43765012E+00
 0.52162628E+00 0.42330417E+00 0.40542637E+00
 0.50362526E+00 0.45386582E+00 0.37370374E+00
 0.48352191E+00 0.48460247E+00 0.34554891E+00
 0.46154195E+00 0.51539753E+00 0.32241329E+00
 0.43792979E+00 0.54613418E+00 0.30382446E+00
 0.41294518E+00 0.57669583E+00 0.28787084E+00
 0.38685952E+00 0.60696654E+00 0.27303806E+00
 0.35995215E+00 0.63683150E+00 0.26063626E+00
 0.33250645E+00 0.66617740E+00 0.25448932E+00
 0.30480603E+00 0.69489294E+00 0.25662952E+00
 0.27713082E+00 0.72286918E+00 0.26430499E+00
 0.00000000E+00 0.10000000E+01 0.27033716E+00
 0.64872063E-03 0.99905166E+00 0.27050338E+00
 0.24804204E-02 0.99621025E+00 0.27101118E+00
 0.53153296E-02 0.99148655E+00 0.27187286E+00
 0.89656384E-02 0.98489847E+00 0.27310011E+00
 0.13238983E-01 0.97647100E+00 0.27470541E+00
 0.17941969E-01 0.96623611E+00 0.27670314E+00
 0.22883682E-01 0.95423264E+00 0.27911030E+00
 0.27879125E-01 0.94050610E+00 0.28194705E+00
 0.32752523E-01 0.92510857E+00 0.28523684E+00
 0.37340456E-01 0.90809846E+00 0.28900649E+00
 0.41494750E-01 0.88954029E+00 0.29328627E+00
 0.45085101E-01 0.86950446E+00 0.29811038E+00
 0.48001375E-01 0.84806697E+00 0.30351826E+00
 0.50155552E-01 0.82530915E+00 0.30955774E+00
 0.51483285E-01 0.80131732E+00 0.31629078E+00
 0.51945046E-01 0.77618249E+00 0.32380341E+00
 0.51526843E-01 0.75000000E+00 0.33222085E+00
 0.50240494E-01 0.72286918E+00 0.34172822E+00
 0.48123453E-01 0.69489294E+00 0.35259487E+00
 0.45238199E-01 0.66617740E+00 0.36519649E+00
 0.41671181E-01 0.63683150E+00 0.38002410E+00
 0.37531356E-01 0.60696654E+00 0.39766503E+00
 0.32948319E-01 0.57669583E+00 0.41874163E+00
 0.28070085E-01 0.54613418E+00 0.44380211E+00
 0.23060523E-01 0.51539753E+00 0.47317582E+00
 0.18096513E-01 0.48460247E+00 0.50682683E+00
 0.13364855E-01 0.45386582E+00 0.54425428E+00
 0.90589799E-02 0.42330417E+00 0.58448462E+00
 0.53755231E-02 0.39303346E+00 0.62617489E+00
 0.25108033E-02 0.36316850E+00 0.66780780E+00
 0.65727446E-03 0.33382260E+00 0.70792555E+00
 0.00000000E+00 0.30510706E+00 0.74533664E+00
 0.31593772E+00 0.00000000E+00 0.73365864E+00
 0.34516386E+00 0.94833563E-03 0.68672413E+00
 0.37423142E+00 0.37897452E-02 0.63898233E+00
 0.40285025E+00 0.85134502E-02 0.59222878E+00
 0.43072898E+00 0.15101532E-01 0.54811872E+00
 0.45757894E+00 0.23529000E-01 0.50808113E+00
 0.48311806E+00 0.33763885E-01 0.47329342E+00
 0.50707470E+00 0.45767364E-01 0.44469905E+00
 0.52919138E+00 0.59493903E-01 0.42303881E+00
 0.54922831E+00 0.74891432E-01 0.40886614E+00
 0.56696668E+00 0.91901544E-01 0.40252370E+00
 0.58221168E+00 0.11045971E+00 0.40406932E+00
 0.59479520E+00 0.13049554E+00 0.41315129E+00
 0.60457816E+00 0.15193303E+00 0.42884741E+00
 0.61145243E+00 0.17469085E+00 0.44950234E+00
 0.61534230E+00 0.19868268E+00 0.47262342E+00
 0.61620555E+00 0.22381751E+00 0.49492041E+00
 0.61403400E+00 0.25000000E+00 0.51258183E+00
 0.60885359E+00 0.27713082E+00 0.52184330E+00
 0.60072404E+00 0.30510706E+00 0.51980130E+00
 0.58973795E+00 0.33382260E+00 0.50527251E+00
 0.57601950E+00 0.36316850E+00 0.47936343E+00
 0.55972267E+00 0.39303346E+00 0.44541264E+00
 0.54102912E+00 0.42330417E+00 0.40817705E+00
 0.52014558E+00 0.45386582E+00 0.37249524E+00
 0.49730102E+00 0.48460247E+00 0.34194238E+00
 0.47274340E+00 0.51539753E+00 0.31795074E+00
 0.44673631E+00 0.54613418E+00 0.29959790E+00
 0.41955523E+00 0.57669583E+00 0.28432508E+00
 0.39148387E+00 0.60696654E+00 0.27015218E+00
 0.36281019E+00 0.63683150E+00 0.25843571E+00
 0.33382260E+00 0.66617740E+00 0.25329400E+00
 0.00000000E+00 0.10000000E+01 0.27033716E+00
 0.59208856E-03 0.99905166E+00 0.27050904E+00
 0.22499363E-02 0.99621025E+00 0.27103461E+00
 0.47902342E-02 0.99148655E+00 0.27192768E+00
 0.80248825E-02 0.98489847E+00 0.27320170E+00
 0.11764500E-01 0.97647100E+00 0.27487096E+00
 0.15821917E-01 0.96623611E+00 0.27695141E+00
 0.20015596E-01 0.95423264E+00 0.27946120E+00
 0.24172929E-01 0.94050610E+00 0.28242091E+00
 0.28133345E-01 0.92510857E+00 0.28585351E+00
 0.31751202E-01 0.90809846E+00 0.28978422E+00
 0.34898390E-01 0.88954029E+00 0.29424046E+00
 0.37466621E-01 0.86950446E+00 0.29925212E+00
 0.39369367E-01 0.84806697E+00 0.30485277E+00
 0.40543406E-01 0.82530915E+00 0.31108234E+00
 0.40949966E-01 0.80131732E+00 0.31799240E+00
 0.40575431E-01 0.77618249E+00 0.32565500E+00
 0.39431612E-01 0.75000000E+00 0.33417625E+00
 0.37555574E-01 0.72286918E+00 0.34371496E+00
 0.35009015E-01 0.69489294E+00 0.35450467E+00
 0.31877222E-01 0.66617740E+00 0.36687467E+00
 0.28267597E-01 0.63683150E+00 0.38126128E+00
 0.24307807E-01 0.60696654E+00 0.39819768E+00
 0.20143553E-01 0.57669583E+00 0.41827080E+00
 0.15936026E-01 0.54613418E+00 0.44204001E+00
 0.11859067E-01 0.51539753E+00 0.46992473E+00
 0.80960806E-02 0.48460247E+00 0.50208419E+00
 0.48367689E-02 0.45386582E+00 0.53832327E+00
 0.22737094E-02 0.42330417E+00 0.57805794E+00
 0.59885491E-03 0.39303346E+00 0.62035823E+00
 0.00000000E+00 0.36316850E+00 0.66406154E+00
 0.37565506E+00 0.00000000E+00 0.63198270E+00
 0.40592403E+00 0.94833563E-03 0.57960547E+00
 0.43567600E+00 0.37897452E-02 0.53120368E+00
 0.46461530E+00 0.85134502E-02 0.48796411E+00
 0.49244923E+00 0.15101532E-01 0.45069113E+00
 0.51889206E+00 0.23529000E-01 0.41990080E+00
 0.54366881E+00 0.33763885E-01 0.39592660E+00
 0.56651900E+00 0.45767364E-01 0.37900476E+00
 0.58720023E+00 0.59493903E-01 0.36932104E+00
 0.60549142E+00 0.74891432E-01 0.36701169E+00
 0.62119590E+00 0.91901544E-01 0.37211630E+00
 0.63414406E+00 0.11045971E+00 0.38448070E+00
 0.64419571E+00 0.13049554E+00 0.40360960E+00
 0.65124199E+00 0.15193303E+00 0.42847673E+00
 0.65520685E+00 0.17469085E+00 0.45732068E+00
 0.65604810E+00 0.19868268E+00 0.48748913E+00
 0.65375798E+00 0.22381751E+00 0.51543352E+00
 0.64836324E+00 0.25000000E+00 0.53697889E+00
 0.63992473E+00 0.27713082E+00 0.54796002E+00
 0.62853657E+00 0.30510706E+00 0.54519098E+00
 0.61432479E+00 0.33382260E+00 0.52752892E+00
 0.59744559E+00 0.36316850E+00 0.49659564E+00
 0.57808314E+00 0.39303346E+00 0.45669840E+00
 0.55644702E+00 0.42330417E+00 0.41377021E+00
 0.53276933E+00 0.45386582E+00 0.37365028E+00
 0.50730145E+00 0.48460247E+00 0.34041776E+00
 0.48031065E+00 0.51539753E+00 0.31542081E+00
 0.45207639E+00 0.54613418E+00 0.29721597E+00
 0.42288653E+00 0.57669583E+00 0.28259560E+00
 0.39303346E+00 0.60696654E+00 0.26919629E+00
 0.00000000E+00 0.10000000E+01 0.27033716E+00
 0.53359680E-03 0.99905166E+00 0.27051488E+00
 0.20138526E-02 0.99621025E+00 0.27105857E+00
 0.42567251E-02 0.99148655E+00 0.27198314E+00
 0.70766495E-02 0.98489847E+00 0.27330333E+00
 0.10290017E-01 0.97647100E+00 0.27503463E+00
 0.13718582E-01 0.96623611E+00 0.27719387E+00
 0.17192742E-01 0.95423264E+00 0.27979957E+00
 0.20554638E-01 0.94050610E+00 0.28287192E+00
 0.23661029E-01 0.92510857E+00 0.28643261E+00
 0.26385885E-01 0.90809846E+00 0.29050456E+00
 0.28622670E-01 0.88954029E+00 0.29511177E+00
 0.30286267E-01 0.86950446E+00 0.30027953E+00
 0.31314517E-01 0.84806697E+00 0.30603550E+00
 0.31669356E-01 0.82530915E+00 0.31241219E+00
 0.31337513E-01 0.80131732E+00 0.31945185E+00
 0.30330784E-01 0.77618249E+00 0.32721456E+00
 0.28685845E-01 0.75000000E+00 0.33579085E+00
 0.26463639E-01 0.72286918E+00 0.34531896E+00
 0.23748325E-01 0.69489294E+00 0.35600595E+00
 0.20645813E-01 0.66617740E+00 0.36814925E+00
 0.17281909E-01 0.63683150E+00 0.38215197E+00
 0.13800095E-01 0.60696654E+00 0.39852272E+00
 0.10358990E-01 0.57669583E+00 0.41785000E+00
 0.71295147E-02 0.54613418E+00 0.44074516E+00
 0.42918210E-02 0.51539753E+00 0.46775606E+00
 0.20320317E-02 0.48460247E+00 0.49926500E+00
 0.53883553E-03 0.45386582E+00 0.53539348E+00
 0.00000000E+00 0.42330417E+00 0.57593857E+00
 0.43733338E+00 0.00000000E+00 0.52589193E+00
 0.46816035E+00 0.94833563E-03 0.47878712E+00
 0.49810513E+00 0.37897452E-02 0.43866919E+00
 0.52687125E+00 0.85134502E-02 0.40554629E+00
 0.55416949E+00 0.15101532E-01 0.37924619E+00
 0.57972171E+00 0.23529000E-01 0.35956048E+00
 0.60326463E+00 0.33763885E-01 0.34633256E+00
 0.62455337E+00 0.45767364E-01 0.33949632E+00
 0.64336474E+00 0.59493903E-01 0.33907629E+00
 0.65950032E+00 0.74891432E-01 0.34515533E+00
 0.67278911E+00 0.91901544E-01 0.35780677E+00
 0.68308990E+00 0.11045971E+00 0.37698075E+00
 0.69029318E+00 0.13049554E+00 0.40233301E+00
 0.69432260E+00 0.15193303E+00 0.43299387E+00
 0.69513607E+00 0.17469085E+00 0.46730104E+00
 0.69272625E+00 0.19868268E+00 0.50256530E+00
 0.68712069E+00 0.22381751E+00 0.53499606E+00
 0.67838137E+00 0.25000000E+00 0.55995544E+00
 0.66660391E+00 0.27713082E+00 0.57268203E+00
 0.65191613E+00 0.30510706E+00 0.56947214E+00
 0.63447637E+00 0.33382260E+00 0.54902613E+00
 0.61447122E+00 0.36316850E+00 0.51338545E+00
 0.59211301E+00 0.39303346E+00 0.46783954E+00
 0.56763685E+00 0.42330417E+00 0.41956079E+00
 0.54129741E+00 0.45386582E+00 0.37541775E+00
 0.51336550E+00 0.48460247E+00 0.33994259E+00
 0.48412434E+00 0.51539753E+00 0.31429750E+00
 0.45386582E+00 0.54613418E+00 0.29644939E+00
 0.00000000E+00 0.10000000E+01 0.27033716E+00
 0.47416782E-03 0.99905166E+00 0.27052081E+00
 0.17758925E-02 0.99621025E+00 0.27108266E+00
 0.37232160E-02 0.99148655E+00 0.27203836E+00
 0.61358935E-02 0.98489847E+00 0.27340340E+00
 0.88387877E-02 0.97647100E+00 0.27519388E+00
 0.11665135E-01 0.96623611E+00 0.27742687E+00
 0.14459637E-01 0.95423264E+00 0.28012053E+00
 0.17081316E-01 0.94050610E+00 0.28329400E+00
 0.19406105E-01 0.92510857E+00 0.28696703E+00
 0.21329117E-01 0.90809846E+00 0.29115976E+00
 0.22766561E-01 0.88954029E+00 0.29589243E+00
 0.23657276E-01 0.86950446E+00 0.30118568E+00
 0.23963857E-01 0.84806697E+00 0.30706153E+00
 0.23673350E-01 0.82530915E+00 0.31354581E+00
 0.22797522E-01 0.80131732E+00 0.32067276E+00
 0.21372671E-01 0.77618249E+00 0.32849277E+00
 0.19459009E-01 0.75000000E+00 0.33708430E+00
 0.17139616E-01 0.72286918E+00 0.34657066E+00
 0.14518969E-01 0.69489294E+00 0.35714122E+00
 0.11721098E-01 0.66617740E+00 0.36907480E+00
 0.88873659E-02 0.63683150E+00 0.38276050E+00
 0.61739344E-02 0.60696654E+00 0.39870828E+00
 0.37489403E-02 0.57669583E+00 0.41754068E+00
 0.17894338E-02 0.54613418E+00 0.43995806E+00
 0.47812614E-03 0.51539753E+00 0.46667481E+00
 0.00000000E+00 0.48460247E+00 0.49833123E+00
 0.50000000E+00 0.00000000E+00 0.43491424E+00
 0.53089132E+00 0.94833563E-03 0.39900359E+00
 0.56053425E+00 0.37897452E-02 0.37027810E+00
 0.58863630E+00 0.85134502E-02 0.34798921E+00
 0.61491638E+00 0.15101532E-01 0.33153998E+00
 0.63910857E+00 0.23529000E-01 0.32053333E+00
 0.66096568E+00 0.33763885E-01 0.31477652E+00
 0.68026257E+00 0.45767364E-01 0.31426475E+00
 0.69679918E+00 0.59493903E-01 0.31915243E+00
 0.71040326E+00 0.74891432E-01 0.32970829E+00
 0.72093267E+00 0.91901544E-01 0.34624089E+00
 0.72827730E+00 0.11045971E+00 0.36897443E+00
 0.73236061E+00 0.13049554E+00 0.39785402E+00
 0.73314060E+00 0.15193303E+00 0.43226909E+00
 0.73061039E+00 0.17469085E+00 0.47071338E+00
 0.72479832E+00 0.19868268E+00 0.51045766E+00
 0.71576752E+00 0.22381751E+00 0.54739179E+00
 0.70361501E+00 0.25000000E+00 0.57626130E+00
 0.68847038E+00 0.27713082E+00 0.59150499E+00
 0.67049402E+00 0.30510706E+00 0.58870674E+00
 0.64987488E+00 0.33382260E+00 0.56629586E+00
 0.62682788E+00 0.36316850E+00 0.52673682E+00
 0.60159102E+00 0.39303346E+00 0.47638553E+00
 0.57442212E+00 0.42330417E+00 0.42372060E+00
 0.54559534E+00 0.45386582E+00 0.37660032E+00
 0.51539753E+00 0.48460247E+00 0.33985899E+00
 0.00000000E+00 0.10000000E+01 0.27033716E+00
 0.41473883E-03 0.99905166E+00 0.27052674E+00
 0.15398089E-02 0.99621025E+00 0.27110652E+00
 0.31981206E-02 0.99148655E+00 0.27209246E+00
 0.52174510E-02 0.98489847E+00 0.27350035E+00
 0.74336986E-02 0.97647100E+00 0.27534633E+00
 0.96939611E-02 0.96623611E+00 0.27764708E+00
 0.11859384E-01 0.95423264E+00 0.28041982E+00
 0.13807738E-01 0.94050610E+00 0.28368202E+00
 0.15435676E-01 0.92510857E+00 0.28745111E+00
 0.16660648E-01 0.90809846E+00 0.29174408E+00
 0.17422418E-01 0.88954029E+00 0.29657734E+00
 0.17684193E-01 0.86950446E+00 0.30196702E+00
 0.17433309E-01 0.84806697E+00 0.30793001E+00
 0.16681492E-01 0.82530915E+00 0.31448633E+00
 0.15464673E-01 0.80131732E+00 0.32166367E+00
 0.13842366E-01 0.77618249E+00 0.32950493E+00
 0.11896618E-01 0.75000000E+00 0.33807988E+00
 0.97305501E-02 0.72286918E+00 0.34750206E+00
 0.74665013E-02 0.69489294E+00 0.35795097E+00
 0.52438254E-02 0.66617740E+00 0.36969863E+00
 0.32163563E-02 0.63683150E+00 0.38313711E+00
 0.15495931E-02 0.60696654E+00 0.39880120E+00
 0.41764704E-03 0.57669583E+00 0.41737799E+00
 0.00000000E+00 0.54613418E+00 0.43969439E+00
 0.56266662E+00 0.00000000E+00 0.36745570E+00
 0.59312764E+00 0.94833563E-03 0.34260694E+00
 0.62197884E+00 0.37897452E-02 0.32332069E+00
 0.64893637E+00 0.85134502E-02 0.30879718E+00
 0.67373189E+00 0.15101532E-01 0.29855629E+00
 0.69611607E+00 0.23529000E-01 0.29239519E+00
 0.71586196E+00 0.33763885E-01 0.29034600E+00
 0.73276803E+00 0.45767364E-01 0.29264074E+00
 0.74666086E+00 0.59493903E-01 0.29967954E+00
 0.75739748E+00 0.74891432E-01 0.31198983E+00
 0.76486731E+00 0.91901544E-01 0.33015695E+00
 0.76899362E+00 0.11045971E+00 0.35469929E+00
 0.76973458E+00 0.13049554E+00 0.38585715E+00
 0.76708378E+00 0.15193303E+00 0.42327254E+00
 0.76107036E+00 0.17469085E+00 0.46557018E+00
 0.75175852E+00 0.19868268E+00 0.50992367E+00
 0.73924670E+00 0.22381751E+00 0.55180123E+00
 0.72366618E+00 0.25000000E+00 0.58518898E+00
 0.70517931E+00 0.27713082E+00 0.60357935E+00
 0.68397727E+00 0.30510706E+00 0.60176077E+00
 0.66027748E+00 0.33382260E+00 0.57793120E+00
 0.63432069E+00 0.36316850E+00 0.53513277E+00
 0.60636769E+00 0.39303346E+00 0.48095465E+00
 0.57669583E+00 0.42330417E+00 0.42521694E+00
 0.00000000E+00 0.10000000E+01 0.27033716E+00
 0.35624708E-03 0.99905166E+00 0.27053257E+00
 0.13093248E-02 0.99621025E+00 0.27112977E+00
 0.26897201E-02 0.99148655E+00 0.27214462E+00
 0.43358062E-02 0.98489847E+00 0.27359274E+00
 0.60969088E-02 0.97647100E+00 0.27548977E+00
 0.78361454E-02 0.96623611E+00 0.27785152E+00
 0.94329912E-02 0.95423264E+00 0.28069372E+00
 0.10785531E-01 0.94050610E+00 0.28403180E+00
 0.11812360E-01 0.92510857E+00 0.28788050E+00
 0.12454101E-01 0.90809846E+00 0.29225356E+00
 0.12674521E-01 0.88954029E+00 0.29716366E+00
 0.12461215E-01 0.86950446E+00 0.30262272E+00
 0.11825865E-01 0.84806697E+00 0.30864309E+00
 0.10804046E-01 0.82530915E+00 0.31523999E+00
 0.94546082E-02 0.80131732E+00 0.32243593E+00
 0.78586262E-02 0.77618249E+00 0.33026831E+00
 0.61179355E-02 0.75000000E+00 0.33880120E+00
 0.43532872E-02 0.72286918E+00 0.34814283E+00
 0.27021425E-02 0.69489294E+00 0.35846969E+00
 0.13161455E-02 0.66617740E+00 0.37005739E+00
 0.35831504E-03 0.63683150E+00 0.38331652E+00
 0.00000000E+00 0.60696654E+00 0.39882912E+00
 0.62434494E+00 0.00000000E+00 0.32068926E+00
 0.65388780E+00 0.94833563E-03 0.30321505E+00
 0.68146985E+00 0.37897452E-02 0.28936522E+00
 0.70682050E+00 0.85134502E-02 0.27871770E+00
 0.72968846E+00 0.15101532E-01 0.27115385E+00
 0.74984516E+00 0.23529000E-01 0.26678663E+00
 0.76708773E+00 0.33763885E-01 0.26591456E+00
 0.78124170E+00 0.45767364E-01 0.26899654E+00
 0.79216341E+00 0.59493903E-01 0.27663706E+00
 0.79974185E+00 0.74891432E-01 0.28956536E+00
 0.80390017E+00 0.91901544E-01 0.30858411E+00
 0.80459675E+00 0.11045971E+00 0.33445271E+00
 0.80182568E+00 0.13049554E+00 0.36766291E+00
 0.79561686E+00 0.15193303E+00 0.40806985E+00
 0.78603560E+00 0.17469085E+00 0.45438082E+00
 0.77318166E+00 0.19868268E+00 0.50359768E+00
 0.75718795E+00 0.22381751E+00 0.55065899E+00
 0.73821869E+00 0.25000000E+00 0.58867222E+00
 0.71646718E+00 0.27713082E+00 0.61011695E+00
 0.69215322E+00 0.30510706E+00 0.60905506E+00
 0.66552013E+00 0.33382260E+00 0.58369292E+00
 0.63683150E+00 0.36316850E+00 0.53797798E+00
 0.00000000E+00 0.10000000E+01 0.27033716E+00
 0.29961500E-03 0.99905166E+00 0.27053822E+00
 0.10880751E-02 0.99621025E+00 0.27115204E+00
 0.22060321E-02 0.99148655E+00 0.27219404E+00
 0.35048633E-02 0.98489847E+00 0.27367919E+00
 0.48495004E-02 0.97647100E+00 0.27562223E+00
 0.61209874E-02 0.96623611E+00 0.27803758E+00
 0.72187237E-02 0.95423264E+00 0.28093914E+00
 0.80623571E-02 0.94050610E+00 0.28433998E+00
 0.85932960E-02 0.92510857E+00 0.28825203E+00
 0.87758165E-02 0.90809846E+00 0.29268578E+00
 0.85977463E-02 0.88954029E+00 0.29765035E+00
 0.80707134E-02 0.86950446E+00 0.30315391E+00
 0.72299570E-02 0.84806697E+00 0.30920492E+00
 0.61337027E-02 0.82530915E+00 0.31581463E+00
 0.48621113E-02 0.80131732E+00 0.32300164E+00
 0.35158194E-02 0.77618249E+00 0.33079952E+00
 0.22140937E-02 0.75000000E+00 0.33926906E+00
 0.10926297E-02 0.72286918E+00 0.34851691E+00
 0.30102955E-03 0.69489294E+00 0.35872245E+00
 0.00000000E+00 0.66617740E+00 0.37017432E+00
 0.68406228E+00 0.00000000E+00 0.28639821E+00
 0.71221359E+00 0.94833563E-03 0.27219255E+00
 0.73806910E+00 0.37897452E-02 0.26034330E+00
 0.76137581E+00 0.85134502E-02 0.25087561E+00
 0.78190363E+00 0.15101532E-01 0.24399744E+00
 0.79944852E+00 0.23529000E-01 0.24004650E+00
 0.81383513E+00 0.33763885E-01 0.23947268E+00
 0.82491915E+00 0.45767364E-01 0.24284460E+00
 0.83258925E+00 0.59493903E-01 0.25086590E+00
 0.83676856E+00 0.74891432E-01 0.26438224E+00
 0.83741567E+00 0.91901544E-01 0.28435007E+00
 0.83452519E+00 0.11045971E+00 0.31172516E+00
 0.82812781E+00 0.13049554E+00 0.34721601E+00
 0.81828985E+00 0.15193303E+00 0.39085090E+00
 0.80511240E+00 0.17469085E+00 0.44135442E+00
 0.78872989E+00 0.19868268E+00 0.49545154E+00
 0.76930832E+00 0.22381751E+00 0.54741695E+00
 0.74704301E+00 0.25000000E+00 0.58937572E+00
 0.72215597E+00 0.27713082E+00 0.61282707E+00
 0.69489294E+00 0.30510706E+00 0.61136991E+00
 0.00000000E+00 0.10000000E+01 0.27033716E+00
 0.24573573E-03 0.99905166E+00 0.27054359E+00
 0.87954908E-03 0.99621025E+00 0.27117299E+00
 0.17546849E-02 0.99148655E+00 0.27223997E+00
 0.27377266E-02 0.98489847E+00 0.27375848E+00
 0.37111455E-02 0.97647100E+00 0.27574192E+00
 0.45755361E-02 0.96623611E+00 0.27820301E+00
 0.52515020E-02 0.95423264E+00 0.28115353E+00
 0.56811622E-02 0.94050610E+00 0.28460402E+00
 0.58292523E-02 0.92510857E+00 0.28856354E+00
 0.56838035E-02 0.90809846E+00 0.29303947E+00
 0.52563882E-02 0.88954029E+00 0.29803765E+00
 0.45819277E-02 0.86950446E+00 0.30356291E+00
 0.37180658E-02 0.84806697E+00 0.30962040E+00
 0.27441171E-02 0.82530915E+00 0.31621818E+00
 0.17596083E-02 0.80131732E+00 0.32337179E+00
 0.88243397E-03 0.77618249E+00 0.33111224E+00
 0.24665895E-03 0.75000000E+00 0.33949889E+00
 0.00000000E+00 0.72286918E+00 0.34863981E+00
 0.74087684E+00 0.00000000E+00 0.25686811E+00
 0.76718516E+00 0.94833563E-03 0.24337082E+00
 0.79088398E+00 0.37897452E-02 0.23188729E+00
 0.81174193E+00 0.85134502E-02 0.22270280E+00
 0.82955393E+00 0.15101532E-01 0.21615364E+00
 0.84414386E+00 0.23529000E-01 0.21262440E+00
 0.85536692E+00 0.33763885E-01 0.21257435E+00
 0.86311153E+00 0.45767364E-01 0.21657942E+00
 0.86730083E+00 0.59493903E-01 0.22537612E+00
 0.86789369E+00 0.74891432E-01 0.23988852E+00
 0.86488525E+00 0.91901544E-01 0.26120742E+00
 0.85830696E+00 0.11045971E+00 0.29047161E+00
 0.84822617E+00 0.13049554E+00 0.32858228E+00
 0.83474518E+00 0.15193303E+00 0.37568418E+00
 0.81799990E+00 0.17469085E+00 0.43040825E+00
 0.79815800E+00 0.19868268E+00 0.48903462E+00
 0.77541668E+00 0.22381751E+00 0.54499521E+00
 0.75000000E+00 0.25000000E+00 0.58935857E+00
 0.00000000E+00 0.10000000E+01 0.27033716E+00
 0.19545897E-03 0.99905166E+00 0.27054859E+00
 0.68703534E-03 0.99621025E+00 0.27119230E+00
 0.13427962E-02 0.99148655E+00 0.27228173E+00
 0.20464945E-02 0.98489847E+00 0.27382948E+00
 0.26997969E-02 0.97647100E+00 0.27584731E+00
 0.32241641E-02 0.96623611E+00 0.27834596E+00
 0.35623503E-02 0.95423264E+00 0.28133488E+00
 0.36794992E-02 0.94050610E+00 0.28482204E+00
 0.35638192E-02 0.92510857E+00 0.28881367E+00
 0.32268247E-02 0.90809846E+00 0.29331422E+00
 0.27031416E-02 0.88954029E+00 0.29832652E+00
 0.20498787E-02 0.86950446E+00 0.30385246E+00
 0.13455758E-02 0.84806697E+00 0.30989429E+00
 0.68874476E-03 0.82530915E+00 0.31645732E+00
 0.19602744E-03 0.80131732E+00 0.32355465E+00
 0.00000000E+00 0.77618249E+00 0.33121545E+00
 0.79389263E+00 0.00000000E+00 0.22803315E+00
 0.81793558E+00 0.94833563E-03 0.21465613E+00
 0.83908155E+00 0.37897452E-02 0.20355901E+00
 0.85712457E+00 0.85134502E-02 0.19502941E+00
 0.87188789E+00 0.15101532E-01 0.18934434E+00
 0.88322632E+00 0.23529000E-01 0.18681606E+00
 0.89102812E+00 0.33763885E-01 0.18784977E+00
 0.89521653E+00 0.45767364E-01 0.19300508E+00
 0.89575073E+00 0.59493903E-01 0.20305237E+00
 0.89262638E+00 0.74891432E-01 0.21900708E+00
 0.88587571E+00 0.91901544E-01 0.24210679E+00
 0.87556702E+00 0.11045971E+00 0.27366979E+00
 0.86180380E+00 0.13049554E+00 0.31474857E+00
 0.84472334E+00 0.15193303E+00 0.36549789E+00
 0.82449487E+00 0.17469085E+00 0.42426552E+00
 0.80131732E+00 0.19868268E+00 0.48663702E+00
 0.00000000E+00 0.10000000E+01 0.27033716E+00
 0.14957761E-03 0.99905166E+00 0.27055316E+00
 0.51356992E-03 0.99621025E+00 0.27120967E+00
 0.97686203E-03 0.99148655E+00 0.27231871E+00
 0.14420680E-02 0.98489847E+00 0.27389123E+00
 0.18314041E-02 0.97647100E+00 0.27593710E+00
 0.20881835E-02 0.96623611E+00 0.27846487E+00
 0.21779075E-02 0.95423264E+00 0.28148162E+00
 0.20889355E-02 0.94050610E+00 0.28499271E+00
 0.18327238E-02 0.92510857E+00 0.28900165E+00
 0.14436280E-02 0.90809846E+00 0.29351012E+00
 0.97827260E-03 0.88954029E+00 0.29851820E+00
 0.51449816E-03 0.86950446E+00 0.30402504E+00
 0.14990256E-03 0.84806697E+00 0.31003024E+00
 0.00000000E+00 0.82530915E+00 0.31653652E+00
 0.84227355E+00 0.00000000E+00 0.19959572E+00
 0.86366449E+00 0.94833563E-03 0.18700190E+00
 0.88190172E+00 0.37897452E-02 0.17706729E+00
 0.89680801E+00 0.85134502E-02 0.16993291E+00
 0.90823787E+00 0.15101532E-01 0.16575189E+00
 0.91607953E+00 0.23529000E-01 0.16475477E+00
 0.92025635E+00 0.33763885E-01 0.16731411E+00
 0.92072785E+00 0.45767364E-01 0.17400841E+00
 0.91749027E+00 0.59493903E-01 0.18567990E+00
 0.91057657E+00 0.74891432E-01 0.20346726E+00
 0.90005600E+00 0.91901544E-01 0.22876909E+00
 0.88603314E+00 0.11045971E+00 0.26306024E+00
 0.86864657E+00 0.13049554E+00 0.30745496E+00
 0.84806697E+00 0.15193303E+00 0.36193106E+00
 0.00000000E+00 0.10000000E+01 0.27033716E+00
 0.10881523E-03 0.99905166E+00 0.27055721E+00
 0.36188846E-03 0.99621025E+00 0.27122484E+00
 0.66265322E-03 0.99148655E+00 0.27235037E+00
 0.93397931E-03 0.98489847E+00 0.27394289E+00
 0.11196621E-02 0.97647100E+00 0.27601019E+00
 0.11855093E-02 0.96623611E+00 0.27855855E+00
 0.11200071E-02 0.95423264E+00 0.28159260E+00
 0.93455518E-03 0.94050610E+00 0.28511515E+00
 0.66326658E-03 0.92510857E+00 0.28912709E+00
 0.36233556E-03 0.90809846E+00 0.29362747E+00
 0.10898351E-03 0.88954029E+00 0.29861373E+00
 0.00000000E+00 0.86950446E+00 0.30408236E+00
 0.88525662E+00 0.00000000E+00 0.17324422E+00
 0.90365072E+00 0.94833563E-03 0.16234350E+00
 0.91866920E+00 0.37897452E-02 0.15428754E+00
 0.93016642E+00 0.85134502E-02 0.14907272E+00
 0.93803062E+00 0.15101532E-01 0.14677024E+00
 0.94218539E+00 0.23529000E-01 0.14758476E+00
 0.94259063E+00 0.33763885E-01 0.15191236E+00
 0.93924315E+00 0.45767364E-01 0.16040073E+00
 0.93217662E+00 0.59493903E-01 0.17400477E+00
 0.92146119E+00 0.74891432E-01 0.19401091E+00
 0.90720249E+00 0.91901544E-01 0.22197135E+00
 0.88954029E+00 0.11045971E+00 0.25944957E+00
 0.00000000E+00 0.10000000E+01 0.27033716E+00
 0.73814688E-04 0.99905166E+00 0.27056069E+00
 0.23438308E-03 0.99621025E+00 0.27123758E+00
 0.40512507E-03 0.99148655E+00 0.27237626E+00
 0.53024132E-03 0.98489847E+00 0.27398379E+00
 0.57579561E-03 0.97647100E+00 0.27606575E+00
 0.53037727E-03 0.96623611E+00 0.27862609E+00
 0.40533292E-03 0.95423264E+00 0.28166701E+00
 0.23456360E-03 0.94050610E+00 0.28518880E+00
 0.73890567E-04 0.92510857E+00 0.28918983E+00
 0.00000000E+00 0.90809846E+00 0.29366655E+00
 0.92216396E+00 0.00000000E+00 0.15074841E+00
 0.93726366E+00 0.94833563E-03 0.14210635E+00
 0.94880412E+00 0.37897452E-02 0.13626456E+00
 0.95667371E+00 0.85134502E-02 0.13315527E+00
 0.96079629E+00 0.15101532E-01 0.13284311E+00
 0.96113218E+00 0.23529000E-01 0.13557034E+00
 0.95767877E+00 0.33763885E-01 0.14180800E+00
 0.95047043E+00 0.45767364E-01 0.15231362E+00
 0.93957816E+00 0.59493903E-01 0.16818194E+00
 0.92510857E+00 0.74891432E-01 0.19084900E+00
 0.00000000E+00 0.10000000E+01 0.27033716E+00
 0.45127949E-04 0.99905166E+00 0.27056355E+00
 0.13306461E-03 0.99621025E+00 0.27124769E+00
 0.20833895E-03 0.99148655E+00 0.27239600E+00
 0.23722120E-03 0.98489847E+00 0.27401338E+00
 0.20838164E-03 0.97647100E+00 0.27610313E+00
 0.13311916E-03 0.96623611E+00 0.27866686E+00
 0.45155719E-04 0.95423264E+00 0.28170434E+00
 0.00000000E+00 0.94050610E+00 0.28521339E+00
 0.95241353E+00 0.00000000E+00 0.13304244E+00
 0.96397321E+00 0.94833563E-03 0.12680022E+00
 0.97183125E+00 0.37897452E-02 0.12318995E+00
 0.97591186E+00 0.85134502E-02 0.12216136E+00
 0.97617584E+00 0.15101532E-01 0.12383338E+00
 0.97262112E+00 0.23529000E-01 0.12853137E+00
 0.96528279E+00 0.33763885E-01 0.13683626E+00
 0.95423264E+00 0.45767364E-01 0.14963991E+00
 0.00000000E+00 0.10000000E+01 0.27033716E+00
 0.23207425E-04 0.99905166E+00 0.27056573E+00
 0.59530907E-04 0.99621025E+00 0.27125502E+00
 0.75398304E-04 0.99148655E+00 0.27240932E+00
 0.59540045E-04 0.98489847E+00 0.27403128E+00
 0.23214553E-04 0.97647100E+00 0.27612193E+00
 0.00000000E+00 0.96623611E+00 0.27868050E+00
 0.97552826E+00 0.00000000E+00 0.12024224E+00
 0.98335814E+00 0.94833563E-03 0.11628853E+00
 0.98738744E+00 0.37897452E-02 0.11479109E+00
 0.98757747E+00 0.85134502E-02 0.11576979E+00
 0.98392673E+00 0.15101532E-01 0.11943421E+00
 0.97647100E+00 0.23529000E-01 0.12621977E+00
 0.00000000E+00 0.10000000E+01 0.27033716E+00
 0.83988156E-05 0.99905166E+00 0.27056720E+00
 0.14941636E-04 0.99621025E+00 0.27125947E+00
 0.83996746E-05 0.99148655E+00 0.27241602E+00
 0.00000000E+00 0.98489847E+00 0.27403728E+00
 0.99114363E+00 0.00000000E+00 0.11203703E+00
 0.99511275E+00 0.94833563E-03 0.11019738E+00
 0.99522736E+00 0.37897452E-02 0.11070558E+00
 0.99148655E+00 0.85134502E-02 0.11367823E+00
 0.00000000E+00 0.10000000E+01 0.27033716E+00
 0.93566187E-06 0.99905166E+00 0.27056794E+00
 0.00000000E+00 0.99621025E+00 0.27126096E+00
 0.99901336E+00 0.00000000E+00 0.10805012E+00
 0.99905166E+00 0.94833563E-03 0.10820708E+00
 0.00000000E+00 0.10000000E+01 0.27033716E+00
 # End
