An input file to xFIG12.f that can be used to produce Figure 1.
1600 1600    1  1 5 1234     
1600 1600    2  1 5 1234    xFIG12.f may run several hours
1600 1600    3  1 5 1234    with this input file.
1600 1600    4  1 5 1234
1600 1600    5  1 5 1234    Each line includes:
1600 1600   10  1 5 1234    M N RANK SCALING(1,2,3) MIN_TIME SEED
1600 1600   15  1 5 1234    The final line should be:
1600 1600   25  1 5 1234      0 0 0 0 0 0
1600 1600   50  1 5 1234
1600 1600  100  1 5 1234
1600 1600  200  1 5 1234
1600 1600  300  1 5 1234
1600 1600  400  1 5 1234
1600 1600  500  1 5 1234
1600 1600  600  1 5 1234
1600 1600  700  1 5 1234
1600 1600  800  1 5 1234
1600 1600  900  1 5 1234
1600 1600 1000  1 5 1234
1600 1600 1100  1 5 1234
1600 1600 1200  1 5 1234
1600 1600 1300  1 5 1234
1600 1600 1400  1 5 1234
1600 1600 1500  1 5 1234
1600 1600 1550  1 5 1234
1600 1600 1600  1 5 1234
0 0 0 0 0 0
