8 1 -1

4.26279444908031119911847470239e-1 1.12989234664438006985796658641
8.50062334386190775666301652032e-2 2.04661188750653378834516975297e-1
7.25894385059153259503248494133e-1 1.80183235867567186874357878040
-4.45236595674862893798342147927e-1 -1.35043270568295337679205385605
7.38337656802968038930092090825e-1 1.95703095147129234214863755370
0 0

-7.17428455239968170695835756172e-1 -5.78382231602754010548863335039e-1
8.92177491389644582463842645839e-2 -2.47362520466084806917446216767e-1
2.84439639644519439094722967750 1.99563581306203873912356112350e-1
-4.08394710918002864477369757957e-1 -2.72829850585408575067676272978
-1.24262253527127900662452584538 -1.00178741133103950593218459730
0 0

2.17672919080370147894949946293e-1 2.81963269111502720478234770024e-1
1.44813551603847723728596130639e-1 -2.69680768445242086472360038929e-2
1.31004724489668142426757524452 1.37443452789713233701986366726e-1
8.65849082656367704750593639274e-2 -1.32559250920956121585348093099
0 0
-3.77020555279029993600817209688e-1 -4.88374707969338961393324636869e-1

7.10172552497613997821844962838e-1 6.30175497415694865245409944891e-1
1.53188429386249940382686092101e-1 1.72162569685052378642316912062e-2
-5.64517524280495507867181163257e-1 -1.11232708449762643575340255796
1.01735568847404430382786766195 -1.79909665663769582078476621756e-1
0 0
-1.23005494306674323010414376480 -1.09149597920897323723122129938

-1.63072733007174960056095724290e-1 -4.59591565464210349975710845677e-1
2.57310582590233655778031490423e-1 -1.93364529237232850672514087999e-2
2.36640357033386296861816374154 7.61398708105599018160486447573e-1
7.15995460368580304585351434536e-1 -2.40483968125716486021940623181
0 0
-2.82450258897541301356598921805e-1 -7.96035942114130072182504562727e-1

2.00268090034474124881121881260 1.35783489519666842459739213731
-3.90235855875065673010607677784e-1 1.32648856802485270748218630527e-1
2.48830328566574979114026506412 3.42435705613156558102905082254
-3.26593694865647046746963661266 1.76052528075688924977834135215
0 0
3.46874507074487534859688521750 2.35183902677059140877193618535

3.82002941218772301574275825501e-1 2.37881755197518672361180177104e-1
1.74147289985836567112110806866e-2 -7.29347825929586609471067812873e-2
1.05828688211002085833220763348 2.25333963723664925588631676393e-1
-1.47939858548896200598262584859e-1 -8.53646092408703180124274677172e-1
-6.61648502831660927811031175491e-1 -4.12023286195764189937073685360e-1
0 0

1.20680145221703162963292470577 -6.96923031489884007856168731326e-2
-1.68584667297379479371912048779e-1 1.05572654206476508140717510566e-1
-1.70796444679818794548814020353 7.92986764507894582358055958960e-1
1.94524511398460798317426449739 5.32463509768317914336001017632e-1
-2.09024142988780351721244916325 1.20710609950540369609457986557e-1
0 0


1 6
6.467297957707379179311169074608194619750366953110582085917670565610108726042154618314671943842510916771385571406533098116149993072924721352002961432352620451757341976054162838731127679702291601071253602770010044235002574067182199744838758550769344612384916980341860103771851201115181175541836588863146367780553e-1 3.118768132428796940677210825479873894060790168126046365387067834408657150982295003851234265148032200924688913734536564294338908729379706057403940633749488939830981712717942456187388479307455445858409934262715745042832756146206925174028230685495234291306606628569900298783399785544536550029438983128423709319190e-1
7.054378413628679110694704084659481511035774426582404955107710076596830186773172256719479191742252789422934943568355451383847566281375611233938892002803959030092988221774261545951675149717007038531037576152835074715407305554837700317489731233388238454685200348675898865978382653331055124047175099745367769448376e-1 -1.098789494830037836635788766436478343581650911204270929445206307566873790271354320936050277924121297015391453279284539204585355434021674688530265645795881843243563667352691480466419844460060211961973827299236648559946025104371463313446800162186672598914103072186814824330970311689692431320333092967895394385358e-1
-1.494482227719106029904875247039558861134000219848060740399918993429614541842766637237936035782237172577277642127261345630214275890155463297521712736402449085541569838700407460774599290675130214127534497884531663105688126644853564886404164191068374017603888968818213656870144852040420475791953591929782509286277 7.664669706055352365953597768325876153833651545900748127492544664076950225361469619009966427109307620969551755093367565205306477609439455545826041139529280744776381180035421643590220157446242731477611390619487064023942790151582336513183256869504927372245827190904207173813791419767691219884735950158834635368114e-2
-9.235331239405636001172046920428274562682041899353069304990639616996745502808520839968585285627747882738760641360540849631214528803040173703594887922936317663994047227423130371277435092803596295620781192427606191932941479434537963663113989398855818773064105048023496891106729397764996430187144084561507549020239e-1 1.398900067187177783964456355231880112121993535531268226576614151735353595909899014925925335581980847600570084342321258867831627763705118516801444709771967715555486798033857069124681764627542320958372677220121397585676487711157618432854283318604989756338967174102179589587923590662333727103978866066461198582719
2.708410419633450681048022976712927606779313233925025096568148583511909694988206613026851794850294060261675828091592471221488752562513123126797267682233292647814986630370385501813183745179071692449967054994358306017746090586289705806456432694771434784305219822964985546170070811896925295945892279325208148708851e-1 6.556347479931888758948020045892762153811907794722256389259208658668830848547376641551788496711276906808231655505055285992376795190007850326394952857448121616567806551902314054726710033644561710612979961018585212203507010217074672378819905179577045289422854956396042256557996018351290282625639654204233408929578e-1
1.826057128150600829793840935615455552834419525088542029917763747053056515829734294260853542975999558675097610057324148410025887465382594697298029432301526272582633678258987431499777003736523335506009251858194456834542087092019111072529844754155432729324838609757042349166920465475971814194246829705998632628107 1.495571045793259617995859193482733420691162360945953740056462823977219540617870965503292298115930325052316215585666760421820116846097110223823837663476582437844516559439483431550443334637740220620666682001423131309899700965321522491212354953859402713747923374888707529866500885622070912317657372777874188935404


1 6
5.259477117771178897576406236555301538775375339888575836124494336982578318329446026381557760536743667021974025446538130266408075764602013097555057111774678866033361468705383242607269972220610265000796571151380052609773569823885563875179077492087228653033003199919632655260507171945842667702755480938807612460652e-1 -5.173549140287000423146875013531782686147765930110055071634032718012230876401075072586591783190889346559405157163194793745513405682755024917129655854612874293718977083038560778777439491672350131675173118445862303458232359990618995854635835117344601890165853076888360195046171661804840351493950494548126171655109e-1
-1.885555691878134330658880716376912188481957632800394668235747322246560092869606516837383609778526440123839355916688698576267628217588717207426792650297569371400519233598321238151645270687637213884006032899010515059209267875488142149938728406840577633237144935182143213078136744015850514880738854160040869737179e-1 -2.026248179741765897909185721743661581151351330007563921025166926949480982210953035039324598773996863980206836722455576654478705110805333181852298079728775187526129960287133592463037587124852329208084169499568757854574418571922797234379545800894246540972291511112169660477439149761967558776314893225200943186073e-1
3.584423416423688491079316539698001267670684390882236969690574792432122695576157953913710186156315817107278839826466391400601962513916563918707131113462251444352679676171756912556327672209098935836698887264839257088611079480403582037943391688086943762963924003343087233867435704093849169355536503126980037814358e-1 -4.860048207862371348824899233170393868146602446275484599415486791986477095379849452415991962279274852641271913028323784773812713302035578536473314215496769057415917213537513276217629674878092498751383745580442964318572881361972183134852789758999548527890922440809551830059749097510110284258138439109656952548368e-3
1.660716857997404377305880899791798376951522978445351262763822699699592900426708251781536238272699761254783045910140884074655383096574875454577686244595911134006044983774852463583875588616152967534303631132429287473501305918985018977115671108989782924658884161825579976233693064294301768227135892544753600098241e-1 1.413697384297208773347641206254283956235434710959060885523821719023551464096009379734611807580307352019913367660352296223038149961756698654966516988362415968333861667309532135983346218373560198353163577650702129087001411742173277408602322315036059117860348474948940162036960343259518195455967409464737779087342e-1
-3.381972056030903676973033843432262627671655351733377613397219690845220410516406389654822217601116480910807039496257045939737336755932833609680324648285219198322674620295938288659559551259754467373301192789226535802709864268473695887143378774048506383595306309161195929657821628657546528093453877617394547693513e-1 -1.511945265328442893792856636060748049194418216918797951074722087209089524095288261098297217615067807854892754434005522018349303039547085030694315213718236602370172648425626271335530419358278021564856274449835609970440162201735933350793411270004851129066632318348432921504062650036294488106386870127050407603248e-2
-2.964684756617187612141330332429424049800478126200379410324972267225297291886533780111073491298320489671033333147910158116471963796684280610880873977903938684282731660188270543583659580340195067543987636131266521918091607035050370752674479442962867202484825922433417035517043246799032122299181601725988981940572e-1 -2.331593810683537147262626927992568811602912825977803072698126257217735821655753680014074819460311395884342542185040619443241550848713865655976098303096352832009792108616560346998841857890740518251575420811693976582037207402809053806448160057182345316813642124684769964652387522017942140690243248499296552991408e-2


