    1  100
    1   -0.2500000000E+01    0.2066337109E+01    0.1000000000E+01    0.2066337109E+01
    2   -0.2454545498E+01    0.2839424372E+01    0.1000000000E+01    0.2839424372E+01    0.0000000000E+00
    3   -0.2409090996E+01    0.3338893414E+01    0.1000000000E+01    0.3066129446E+01    0.0000000000E+00
    4   -0.2363636494E+01    0.2852119684E+01    0.1000000000E+01    0.3066129446E+01    0.5455279350E+00
    5   -0.2318181992E+01    0.3332874537E+01    0.1000000000E+01    0.3066129446E+01    0.1175084114E+00
    6   -0.2272727489E+01    0.2764989138E+01    0.1000000000E+01    0.3066129446E+01    0.6509985924E+00
    7   -0.2227272987E+01    0.3041769981E+01    0.1000000000E+01    0.3066129446E+01    0.4871797562E-01
    8   -0.2181818485E+01    0.3673213720E+01    0.1000000000E+01    0.3673213720E+01    0.0000000000E+00
    9   -0.2136363983E+01    0.2883830070E+01    0.1000000000E+01    0.2898675442E+01    0.0000000000E+00
   10   -0.2090909481E+01    0.2913520575E+01    0.1000000000E+01    0.2898675442E+01   -0.2969026566E-01
   11   -0.2045454979E+01    0.2583751917E+01    0.1000000000E+01    0.2583751917E+01    0.0000000000E+00
   12   -0.2000000477E+01    0.2441917896E+01    0.1000000000E+01    0.2441917896E+01    0.0000000000E+00
   13   -0.1954545975E+01    0.2046087503E+01    0.1000000000E+01    0.2156543732E+01    0.0000000000E+00
   14   -0.1909091473E+01    0.2202858686E+01    0.1000000000E+01    0.2156543732E+01   -0.2209124565E+00
   15   -0.1863636971E+01    0.2220685005E+01    0.1000000000E+01    0.2156543732E+01   -0.1282825470E+00
   16   -0.1818182468E+01    0.1491346955E+01    0.1000000000E+01    0.1491346955E+01    0.0000000000E+00
   17   -0.1772727966E+01    0.9620320201E+00    0.1000000000E+01    0.1197892308E+01    0.0000000000E+00
   18   -0.1727273464E+01    0.1310501814E+01    0.1000000000E+01    0.1197892308E+01   -0.4717209339E+00
   19   -0.1681818962E+01    0.8859264255E+00    0.1000000000E+01    0.1197892308E+01   -0.2465019226E+00
   20   -0.1636364460E+01    0.7280239463E+00    0.1000000000E+01    0.1197892308E+01   -0.8704336882E+00
   21   -0.1590909958E+01    0.2267782986E+00    0.1000000000E+01    0.1197892308E+01   -0.1810170412E+01
   22   -0.1545455456E+01    0.2355118692E+00    0.1000000000E+01    0.1197892308E+01   -0.3752398491E+01
   23   -0.1500000954E+01    0.6996280551E+00    0.1000000000E+01    0.1197892308E+01   -0.5677159309E+01
   24   -0.1454546452E+01    0.1113657475E+01    0.1000000000E+01    0.1197892308E+01   -0.6673687935E+01
   25   -0.1409091949E+01    0.3690539300E+00    0.1000000000E+01    0.1197892308E+01   -0.6842157364E+01
   26   -0.1363637447E+01    0.8053091764E+00    0.1000000000E+01    0.1197892308E+01   -0.8499834061E+01
   27   -0.1318182945E+01    0.5266248584E+00    0.1000000000E+01    0.1197892308E+01   -0.9285000801E+01
   28   -0.1272728443E+01    0.1297042847E+01    0.1000000000E+01    0.1197892308E+01   -0.1062753582E+02
   29   -0.1227273941E+01    0.1576042295E+01    0.1000000000E+01    0.1197892308E+01   -0.1042923450E+02
   30   -0.1181819439E+01    0.1507485986E+01    0.1000000000E+01    0.1197892308E+01   -0.9672934532E+01
   31   -0.1136364937E+01    0.1924110413E+01    0.1000000000E+01    0.1197892308E+01   -0.9053747177E+01
   32   -0.1090910435E+01    0.1680096865E+01    0.1000000000E+01    0.1197892308E+01   -0.7601310730E+01
   33   -0.1045455933E+01    0.1874320865E+01    0.1000000000E+01    0.1197892308E+01   -0.6636901379E+01
   34   -0.1000001431E+01    0.1776525021E+01    0.1000000000E+01    0.1197892308E+01   -0.5284044266E+01
   35   -0.9545468688E+00    0.1519118547E+01    0.1000000000E+01    0.1197892308E+01   -0.4126778603E+01
   36   -0.9090923071E+00    0.1866940260E+01    0.1000000000E+01    0.1197892308E+01   -0.3484326124E+01
   37   -0.8636377454E+00    0.1627477407E+01    0.1000000000E+01    0.1197892308E+01   -0.2146230221E+01
   38   -0.8181831837E+00    0.1514175773E+01    0.1000000000E+01    0.1197892308E+01   -0.1287060022E+01
   39   -0.7727286220E+00    0.1525138855E+01    0.1000000000E+01    0.1197892308E+01   -0.6544930935E+00
   40   -0.7272740602E+00    0.1149870753E+01    0.1000000000E+01    0.1149870753E+01    0.0000000000E+00
   41   -0.6818194985E+00    0.9665542841E+00    0.1000000000E+01    0.9665542841E+00    0.0000000000E+00
   42   -0.6363649368E+00    0.4423066974E+00    0.1000000000E+01    0.4423066974E+00    0.0000000000E+00
   43   -0.5909103751E+00   -0.9393393993E-03    0.1000000000E+01   -0.9393393993E-03    0.0000000000E+00
   44   -0.5454558134E+00   -0.3425182700E+00    0.1000000000E+01   -0.1682624221E+00    0.0000000000E+00
   45   -0.5000012517E+00   -0.1784612983E+00    0.1000000000E+01   -0.1682624221E+00   -0.3485116661E+00
   46   -0.4545466900E+00    0.1619228721E-01    0.1000000000E+01   -0.1682624221E+00   -0.3689094186E+00
   47   -0.4090921283E+00   -0.3592050672E+00    0.1000000000E+01   -0.3592050672E+00    0.0000000000E+00
   48   -0.3636375666E+00   -0.9492983222E+00    0.1000000000E+01   -0.7098525763E+00    0.0000000000E+00
   49   -0.3181830049E+00   -0.4704068899E+00    0.1000000000E+01   -0.7098525763E+00   -0.4788913727E+00
   50   -0.2727284431E+00   -0.1035021305E+01    0.1000000000E+01   -0.1035021305E+01    0.0000000000E+00
   51   -0.2272738963E+00   -0.7103632092E+00    0.1000000000E+01   -0.8546379805E+00    0.0000000000E+00
   52   -0.1818193495E+00   -0.9989126921E+00    0.1000000000E+01   -0.8546379805E+00    0.2885495424E+00
   53   -0.1363648027E+00   -0.6779685020E+00    0.1000000000E+01   -0.6779685020E+00    0.0000000000E+00
   54   -0.9091025591E-01   -0.1861210465E+00    0.1000000000E+01   -0.3400152624E+00    0.0000000000E+00
   55   -0.4545570910E-01   -0.4939094782E+00    0.1000000000E+01   -0.3400152624E+00    0.3077884316E+00
   56   -0.1162290573E-05   -0.1462394893E+00    0.1000000000E+01   -0.1462394893E+00    0.0000000000E+00
   57    0.4545338452E-01    0.8576743305E-01    0.1000000000E+01    0.8576743305E-01    0.0000000000E+00
   58    0.9090793133E-01    0.7562052011E+00    0.1000000000E+01    0.6587711573E+00    0.0000000000E+00
   59    0.1363624781E+00    0.5613370538E+00    0.1000000000E+01    0.6587711573E+00    0.1948680878E+00
   60    0.1818170249E+00    0.7347589731E+00    0.1000000000E+01    0.6588762999E+00    0.0000000000E+00
   61    0.2272715718E+00    0.5829935670E+00    0.1000000000E+01    0.6588762999E+00    0.1517653465E+00
   62    0.2727261186E+00    0.9742444754E+00    0.1000000000E+01    0.9084030986E+00    0.0000000000E+00
   63    0.3181806803E+00    0.8425617218E+00    0.1000000000E+01    0.9084030986E+00    0.1316827536E+00
   64    0.3636352420E+00    0.1020120621E+01    0.1000000000E+01    0.1020120621E+01    0.0000000000E+00
   65    0.4090898037E+00    0.9598841071E+00    0.1000000000E+01    0.9598841071E+00    0.0000000000E+00
   66    0.4545443654E+00    0.1613257229E+00    0.1000000000E+01    0.2614915967E+00    0.0000000000E+00
   67    0.4999989271E+00    0.3616574705E+00    0.1000000000E+01    0.2614915967E+00   -0.2003317475E+00
   68    0.5454534888E+00   -0.1950593889E+00    0.1000000000E+01   -0.1950593889E+00    0.0000000000E+00
   69    0.5909080505E+00   -0.8481047153E+00    0.1000000000E+01   -0.8481047153E+00    0.0000000000E+00
   70    0.6363626122E+00   -0.1157376289E+01    0.1000000000E+01   -0.1057210445E+01    0.0000000000E+00
   71    0.6818171740E+00   -0.1025059104E+01    0.1000000000E+01   -0.1057210445E+01   -0.2003315687E+00
   72    0.7272717357E+00   -0.9891960025E+00    0.1000000000E+01   -0.1057210445E+01   -0.1360288858E+00
   73    0.7727262974E+00   -0.1126607895E+01    0.1000000000E+01   -0.1126607895E+01    0.0000000000E+00
   74    0.8181808591E+00   -0.1752680540E+01    0.1000000000E+01   -0.1752680540E+01    0.0000000000E+00
   75    0.8636354208E+00   -0.1855425119E+01    0.1000000000E+01   -0.1855425119E+01    0.0000000000E+00
   76    0.9090899825E+00   -0.1951394558E+01    0.1000000000E+01   -0.1876088977E+01    0.0000000000E+00
   77    0.9545445442E+00   -0.1800783396E+01    0.1000000000E+01   -0.1876088977E+01   -0.1506111622E+00
   78    0.9999991059E+00   -0.2169338942E+01    0.1000000000E+01   -0.2169338942E+01    0.0000000000E+00
   79    0.1045453668E+01   -0.1574438572E+01    0.1000000000E+01   -0.1738721609E+01    0.0000000000E+00
   80    0.1090908170E+01   -0.1703036547E+01    0.1000000000E+01   -0.1738721609E+01    0.3285660744E+00
   81    0.1136362672E+01   -0.1938689828E+01    0.1000000000E+01   -0.1738721609E+01    0.3999361992E+00
   82    0.1181817174E+01   -0.1185452461E+01    0.1000000000E+01   -0.1185452461E+01    0.0000000000E+00
   83    0.1227271676E+01   -0.9260626435E+00    0.1000000000E+01   -0.1063941479E+01    0.0000000000E+00
   84    0.1272726178E+01   -0.1201820254E+01    0.1000000000E+01   -0.1063941479E+01    0.2757576704E+00
   85    0.1318180680E+01   -0.9518566132E+00    0.1000000000E+01   -0.9518566132E+00    0.0000000000E+00
   86    0.1363635182E+01   -0.8992969990E+00    0.1000000000E+01   -0.9105117321E+00    0.0000000000E+00
   87    0.1409089684E+01   -0.9217264056E+00    0.1000000000E+01   -0.9105117321E+00    0.2242946625E-01
   88    0.1454544187E+01   -0.5936186314E+00    0.1000000000E+01   -0.5936186314E+00    0.0000000000E+00
   89    0.1499998689E+01   -0.3382198215E+00    0.1000000000E+01   -0.3382198215E+00    0.0000000000E+00
   90    0.1545453191E+01   -0.3763670921E+00    0.1000000000E+01   -0.3763670921E+00    0.0000000000E+00
   91    0.1590907693E+01   -0.4098067880E+00    0.1000000000E+01   -0.4098067880E+00    0.0000000000E+00
   92    0.1636362195E+01   -0.7265379429E+00    0.1000000000E+01   -0.7265379429E+00    0.0000000000E+00
   93    0.1681816697E+01   -0.1165631294E+01    0.1000000000E+01   -0.1147354126E+01    0.0000000000E+00
   94    0.1727271199E+01   -0.1129076958E+01    0.1000000000E+01   -0.1147354126E+01   -0.3655433655E-01
   95    0.1772725701E+01   -0.1578164220E+01    0.1000000000E+01   -0.1578164220E+01    0.0000000000E+00
   96    0.1818180203E+01   -0.1701771140E+01    0.1000000000E+01   -0.1697995543E+01    0.0000000000E+00
   97    0.1863634706E+01   -0.1694219947E+01    0.1000000000E+01   -0.1697995543E+01   -0.7551193237E-02
   98    0.1909089208E+01   -0.1830021620E+01    0.1000000000E+01   -0.1830021620E+01    0.0000000000E+00
   99    0.1954543710E+01   -0.2773060322E+01    0.1000000000E+01   -0.2773060322E+01    0.0000000000E+00
  100    0.2000000000E+01   -0.2807628393E+01    0.1000000000E+01   -0.2807628393E+01    0.0000000000E+00
